0
15
12
12
15
13
23
30
25
21
16
13
22
28
31
31
34
27
41
40
35
32
43
48
56
51
60
59
56
59
50
54
54
59
60
59
54
57
64
67
65
65
66
67
75
75
79
81
90
95
100
103
101
107
106
106
105
112
120
121
112
110
106
119
123
120
128
130
125
119
120
116
122
120
125
130
130
122
124
123
120
123
113
102
97
89
84
83
79
79
85
83
74
79
83
83
93
93
94
104
96
99
104
106
106
104
104
103
96
106
107
107
99
96
100
97
87
81
85
83
89
82
79
79
83
85
89
88
93
86
84
88
84
86
90
85
86
94
96
99
95
94
91
89
87
86
86
94
97
100
107
104
99
101
101
106
104
102
87
90
84
82
85
96
90
94
93
89
86
82
75
68
68
67
61
59
54
57
67
65
61
57
62
68
62
62
58
60
62
74
76
67
68
68
66
50
41
46
46
45
50
51
54
41
30
24
28
31
24
19
22
24
18
8
15
18
21
25
27
30
28
24
24
25
36
31
34
33
45
55
52
54
51
41
42
29
22
27
25
28
30
29
35
28
39
43
48
51
49
44
50
46
55
59
59
60
54
44
48
39
48
50
60
63
71
66
69
73
77
80
70
68
73
74
75
69
65
67
63
74
81
77
82
89
89
82
82
82
78
80
74
69
75
72
67
66
62
72
67
71
70
67
72
73
66
61
60
59
57
51
52
59
59
54
56
46
45
48
51
47
37
33
35
36
37
38
35
33
28
25
30
23
15
16
16
17
20
20
23
26
32
34
35
30
24
27
28
37
39
43
46
50
40
42
43
43
44
49
51
50
54
53
53
57
54
58
56
53
43
46
45
43
42
50
45
47
54
53
51
46
41
44
35
39
36
31
33
35
40
39
41
49
38
41
40
33
36
29
34
30
36
32
33
37
44
47
47
46
48
56
51
55
49
57
47
52
55
47
49
44
46
45
43
49
52
56
51
58
61
64
57
61
61
58
53
57
65
73
73
75
83
85
90
84
82
81
74
82
86
81
89
85
91
95
97
89
96
89
99
97
92
83
79
71
70
69
61
53
50
63
73
77
67
76
69
61
59
68
63
70
71
68
73
65
65
63
62
52
62
68
77
78
80
81
82
73
71
81
82
79
82
78
68
64
61
75
67
65
59
51
55
57
54
54
54
51
48
44
37
36
41
54
59
59
73
70
72
76
75
79
81
76
78
77
90
92
89
87
90
92
90
86
88
84
87
87
91
89
88
84
86
86
86
99
86
83
88
81
96
98
102
103
97
101
98
99
97
99
97
89
88
90
83
77
68
64
61
57
59
60
62
73
84
84
87
87
91
90
88
88
81
88
88
96
92
87
91
87
85
86
95
102
101
108
115
110
120
116
118
116
120
110
115
123
118
122
122
114
112
110
112
111
108
109
109
107
101
99
102
104
104
90
92
96
102
99
93
92
98
102
99
105
103
104
109
112
108
107
100
107
106
122
121
121
129
120
118
116
113
127
120
112
110
105
111
103
107
102
103
105
101
104
102
106
115
106
111
102
96
90
95
96
92
83
82
84
75
75
81
81
70
64
59
47
41
41
41
44
42
37
41
34
35
32
36
32
27
18
16
20
19
21
22
24
33
37
39
41
48
49
45
57
51
51
45
40
44
42
47
50
52
57
56
55
55
56
61
57
60
59
55
43
40
34
33
32
34
31
33
42
42
31
36
34
37
30
26
26
32
34
34
32
33
28
20
20
17
24
23
28
34
27
43
50
49
55
60
61
61
58
47
43
35
36
36
28
20
16
14
20
25
31
28
31
32
34
35
27
27
24
4
16
13
21
24
22
18
29
23
20
30
30
33
35
29
36
44
46
44
44
48
52
48
40
38
43
42
35
36
33
39
42
55
58
64
68
72
74
75
71
67
65
67
62
59
59
64
59
55
56
57
66
65
60
68
62
63
72
69
58
52
49
60
61
66
64
64
61
57
53
49
49
56
47
52
48
45
46
49
45
47
57
56
59
58
59
58
55
55
44
43
38
34
35
35
33
28
37
30
26
24
33
37
31
32
37
40
49
49
50
55
47
52
52
53
50
52
46
47
49
48
57
55
53
53
54
55
46
46
54
44
52
54
56
50
39
39
44
48
40
52
48
49
46
37
37
39
38
37
38
42
50
52
56
55
57
50
58
70
63
66
59
53
58
52
57
63
52
47
41
41
35
38
36
38
32
39
46
50
53
57
50
54
58
57
56
51
40
36
30
29
28
25
27
30
26
25
21
23
18
20
23
25
31
31
33
38
41
39
38
38
44
52
50
46
46
48
39
40
50
47
38
35
40
42
49
55
51
47
43
39
48
50
42
42
44
41
46
44
41
46
45
48
52
53
55
58
62
52
49
44
38
34
39
47
47
55
61
55
56
60
64
74
69
72
73
73
75
72
75
74
83
81
82
84
80
78
72
69
65
64
66
58
68
65
60
63
67
72
77
86
89
93
98
107
108
108
107
99
97
102
99
98
109
109
111
111
108
110
109
102
97
96
87
88
85
88
84
82
95
95
89
85
85
80
75
72
80
79
81
83
85
76
81
77
79
81
83
77
75
78
83
80
76
78
70
64
65
67
67
72
82
85
87
94
85
95
91
91
96
94
106
113
112
113
113
117
114
110
103
111
107
100
101
96
97
90
93
93
89
89
95
97
96
84
87
83
84
79
81
77
80
79
79
80
74
66
60
60
60
58
59
59
65
68
78
78
73
61
61
65
64
60
68
73
83
79
86
96
106
117
119
116
108
106
109
106
103
92
86
89
83
78
84
76
76
72
71
75
68
64
52
52
61
60
60
61
59
57
59
55
61
58
59
55
51
46
54
59
64
72
72
79
86
87
85
83
81
77
80
90
91
93
94
98
98
90
90
85
92
87
87
89
84
100
107
111
116
119
120
124
130
130
121
128
125
131
129
127
133
137
146
149
146
147
142
143
147
145
150
137
133
134
146
144
139
139
135
130
132
132
139
131
132
134
123
126
124
122
125
126
128
128
127
118
119
111
111
111
109
118
120
131
129
132
133
130
133
132
129
136
138
143
149
143
140
140
151
153
152
155
154
155
162
164
163
169
170
167
162
163
175
180
178
189
194
191
185
187
183
182
194
198
196
183
187
186
192
197
195
201
200
209
209
209
200
205
208
215
209
220
223
223
229
223
225
225
231
232
231
232
234
230
229
231
238
238
252
254
254
252
249
250
258
262
264
262
260
260
249
255
260
257
264
246
241
233
232
233
236
234
221
223
221
227
222
225
222
227
225
222
221
215
212
212
212
203
216
223
226
224
230
231
235
243
250
254
258
259
259
260
255
257
254
257
261
268
261
260
250
249
249
252
247
256
255
254
254
255
258
254
258
264
267
264
266
256
261
252
248
232
230
246
244
249
256
251
253
262
255
255
253
259
258
259
255
257
260
262
264
262
269
264
256
257
262
261
266
250
248
246
247
250
243
251
250
245
240
242
236
244
234
228
223
219
226
220
219
220
215
205
213
209
201
197
190
204
206
207
207
212
212
217
215
211
221
218
224
213
214
206
210
204
211
222
217
214
208
209
202
213
214
222
212
209
202
205
202
204
199
197
194
195
196
192
190
190
188
192
197
202
203
193
199
196
197
192
189
189
189
187
179
176
168
169
168
169
174
170
167
175
170
168
163
164
162
164
166
166
163
162
158
156
152
145
139
151
159
158
148
143
135
138
143
145
150
152
154
153
144
142
143
131
121
110
111
111
115
110
109
104
107
112
110
114
112
97
94
97
99
104
104
109
110
108
103
111
100
106
106
103
102
103
106
105
100
105
106
103
99
96
99
100
99
101
103
107
118
118
115
121
122
123
133
136
134
137
140
132
129
122
122
126
138
138
149
148
146
142
141
141
140
139
154
158
155
159
163
169
158
155
157
153
159
155
155
159
159
156
163
154
155
148
145
149
150
157
160
156
167
165
156
154
157
162
168
172
174
182
187
181
179
173
171
170
166
167
173
168
175
172
176
180
190
187
189
197
197
190
187
177
174
178
183
183
191
193
192
201
199
199
197
194
189
187
178
181
179
170
180
185
190
181
176
187
188
196
186
187
187
185
182
189
190
187
187
189
193
193
192
192
197
197
201
192
192
194
190
194
185
183
181
184
183
176
179
174
174
174
182
188
197
203
199
193
198
211
203
206
205
211
207
197
192
199
203
205
204
211
219
221
222
217
215
212
210
209
204
210
217
216
214
219
223
222
214
206
205
199
201
210
209
218
218
212
218
216
216
211
220
222
224
225
216
215
218
219
225
220
229
237
243
254
247
258
258
253
251
252
242
233
239
242
238
232
237
237
228
226
220
212
203
209
210
215
221
217
216
215
208
208
205
199
203
209
216
210
215
217
218
215
211
209
214
218
226
218
216
230
227
221
228
227
212
216
210
211
198
206
202
207
204
205
204
205
212
224
222
228
233
231
228
230
220
225
225
234
235
244
245
239
250
254
258
260
250
247
245
250
256
253
252
255
247
242
241
238
236
240
232
239
239
252
250
258
258
255
253
255
267
273
270
264
265
264
263
268
280
283
286
291
295
298
302
303
301
304
309
311
315
313
310
312
319
321
320
310
311
318
316
314
308
310
309
315
316
318
315
317
320
312
304
312
307
308
305
303
304
293
296
296
291
293
284
286
287
287
287
278
266
263
253
254
255
262
259
261
261
262
264
264
263
262
262
264
262
261
262
263
260
262
258
249
257
245
252
246
237
243
243
236
233
234
236
227
220
223
222
226
232
234
241
233
237
235
237
234
231
231
233
229
229
222
215
220
229
227
227
237
242
253
250
258
260
269
267
261
260
259
258
264
264
264
269
267
263
270
263
254
263
263
254
252
256
255
251
257
257
256
252
247
246
251
245
249
249
256
255
255
251
252
252
247
236
247
239
242
238
236
236
232
236
244
247
248
246
239
239
237
244
251
252
251
241
238
235
239
246
244
245
253
254
255
257
258
256
259
257
258
256
255
257
255
268
259
252
250
254
266
266
271
269
270
267
265
269
258
257
262
252
255
258
256
260
260
268
260
262
264
263
259
252
250
246
243
246
251
249
243
239
234
227
232
229
225
225
233
230
231
238
227
215
218
222
223
217
227
242
250
256
255
255
259
257
258
255
255
257
258
254
250
261
265
265
261
262
257
250
257
259
260
254
251
244
251
250
254
251
252
255
263
270
267
267
261
252
250
249
240
238
230
223
226
225
230
232
244
238
236
238
243
240
232
238
232
229
226
227
221
219
211
209
210
211
220
224
225
227
227
230
229
227
230
225
224
228
230
227
229
226
233
228
242
245
251
262
265
269
268
268
278
280
277
277
283
284
279
276
281
285
290
296
299
303
304
310
306
297
301
303
301
300
305
304
307
318
323
327
329
338
344
347
347
353
346
337
331
329
328
330
332
327
331
327
332
331
322
328
320
312
303
303
306
306
305
306
300
297
298
305
303
298
299
289
287
276
274
271
266
264
268
281
276
274
275
278
280
284
281
280
271
269
268
262
259
253
258
255
245
247
246
246
247
249
238
237
238
233
232
228
227
225
226
225
217
215
210
210
200
195
192
195
190
188
186
186
177
176
178
180
183
174
176
171
165
161
162
162
157
157
159
152
152
153
155
146
143
137
141
144
142
138
133
139
137
139
142
143
138
131
129
124
129
140
140
145
135
136
133
125
121
125
128
125
138
139
135
134
134
135
133
137
131
127
123
122
118
112
115
114
120
120
118
112
106
107
107
101
104
93
90
89
87
80
82
74
66
63
60
61
58
62
65
71
68
75
87
96
99
103
100
94
104
97
101
95
91
83
85
81
86
83
82
80
83
78
85
91
92
95
99
102
100
98
95
88
84
81
82
86
85
75
70
75
77
77
86
91
78
77
81
75
74
78
74
69
59
59
55
54
52
53
52
53
53
50
47
40
34
37
36
34
30
33
40
39
49
50
51
61
60
57
52
45
43
39
47
48
43
47
47
38
37
37
36
41
42
38
43
48
46
37
42
39
23
21
16
15
9
14
21
29
27
26
26
27
25
28
35
38
35
25
37
41
41
46
47
47
44
50
46
47
48
48
54
48
42
35
29
27
23
21
18
15
15
16
20
27
37
32
40
32
37
32
32
32
28
30
27
32
28
30
35
25
26
25
25
17
17
14
13
18
10
13
12
18
14
18
17
18
24
25
31
31
42
43
43
37
38
39
39
42
42
51
46
45
50
50
52
51
54
47
55
53
50
46
46
47
48
47
47
40
38
40
48
40
40
51
45
39
34
35
40
45
41
42
37
32
36
41
47
46
43
41
55
52
51
56
62
65
62
63
58
57
59
56
55
49
46
40
32
21
23
20
19
19
22
19
16
15
25
26
28
26
22
25
29
29
23
22
25
23
28
27
8
11
18
13
15
13
14
13
14
22
23
16
13
16
24
23
18
21
14
17
14
10
17
17
24
24
30
27
21
23
16
14
10
17
22
22
20
18
17
21
16
18
17
17
15
18
11
13
23
23
27
19
25
27
32
33
38
33
35
26
36
34
33
34
33
25
22
32
35
34
34
33
37
28
32
39
31
37
38
43
35
38
37
37
39
39
41
35
34
29
17
16
21
18
11
16
13
14
8
14
23
13
11
13
22
17
28
20
25
26
28
38
37
34
31
26
16
21
10
18
16
16
11
11
12
16
13
11
14
20
12
16
10
23
25
16
16
20
24
24
35
35
40
51
51
54
56
56
62
66
74
79
79
80
81
79
71
81
74
89
85
81
87
90
97
93
97
111
106
117
121
126
139
132
130
134
137
145
137
138
129
120
115
119
121
120
115
109
112
111
111
101
108
115
114
117
121
113
114
112
107
112
106
100
100
94
92
97
93
98
99
96
99
102
106
112
117
124
124
122
119
123
108
101
94
96
98
99
97
85
86
88
80
83
82
85
87
84
80
84
77
71
71
74
76
76
81
78
83
82
91
98
104
100
94
96
97
92
94
96
103
104
104
89
85
96
90
96
96
93
93
106
109
101
98
97
98
102
104
106
105
105
108
108
117
107
113
116
116
124
131
128
139
152
146
155
153
149
154
154
145
149
155
157
159
172
165
168
166
163
168
163
156
152
148
148
148
158
159
155
153
157
150
148
144
131
144
133
132
136
138
134
138
150
146
148
134
134
137
137
128
130
120
116
116
114
114
106
107
111
108
104
111
116
108
114
114
113
114
120
122
125
130
130
131
136
141
124
123
114
105
119
113
120
106
104
109
115
109
106
109
107
110
105
116
118
112
109
102
95
101
99
99
102
101
101
99
113
116
115
112
109
108
110
103
100
99
107
110
102
98
97
104
105
97
106
109
110
112
115
118
119
123
121
125
132
135
134
143
146
150
144
146
158
151
146
150
153
153
157
152
156
158
165
174
177
182
178
174
180
184
189
189
187
186
183
174
169
169
175
175
175
179
174
181
185
182
182
184
183
190
194
196
185
182
178
173
173
167
168
162
167
159
156
151
153
142
135
128
128
129
130
141
140
142
145
138
138
143
141
148
147
144
137
137
136
139
140
139
136
133
133
138
125
126
131
131
134
128
129
129
132
132
132
129
125
124
127
123
114
117
122
115
116
121
107
117
113
116
122
118
113
119
119
113
117
111
115
112
109
104
106
102
101
95
95
96
95
89
93
93
96
89
97
103
100
99
101
95
84
86
82
87
84
85
87
87
87
81
77
69
76
75
70
66
59
59
56
57
65
55
55
54
54
49
47
55
52
54
60
60
54
51
46
42
46
46
37
35
34
34
30
24
24
10
16
10
8
17
15
14
11
15
12
18
20
28
33
36
42
40
30
34
34
28
30
39
45
57
61
68
66
62
70
70
71
72
77
75
72
73
77
73
74
75
82
92
89
89
85
82
85
93
87
88
79
77
76
82
84
81
74
79
78
81
82
87
84
83
85
86
86
84
81
71
71
78
68
68
69
64
62
68
61
51
53
56
50
55
55
61
59
65
72
67
62
70
62
47
47
43
42
41
39
39
33
45
35
39
46
46
44
37
35
34
41
35
40
48
43
44
41
49
45
43
50
45
45
48
44
53
61
57
55
58
50
48
41
38
36
40
38
31
35
33
36
34
30
34
33
32
37
37
43
50
46
44
40
48
49
42
45
48
44
52
54
50
51
38
40
41
35
37
31
39
41
41
31
39
42
43
49
58
59
63
63
69
71
69
75
77
77
79
84
80
71
78
83
75
63
66
64
63
67
58
62
63
60
57
56
54
54
46
49
54
60
64
74
75
80
78
81
90
85
94
95
95
94
100
109
105
101
103
102
110
108
113
116
114
119
119
118
120
121
124
127
126
122
123
123
127
129
131
130
123
121
118
122
123
121
117
126
131
137
131
132
132
135
129
118
120
119
116
116
116
120
118
118
115
105
103
104
103
98
96
102
99
98
99
102
100
95
98
103
106
112
107
106
113
101
104
105
99
96
94
101
97
104
112
116
120
123
126
123
124
132
141
143
147
137
134
138
140
139
140
150
152
141
149
142
143
149
145
141
147
149
147
151
157
156
155
159
164
166
161
164
167
170
169
159
152
146
149
147
149
149
156
159
154
153
156
149
146
136
134
130
125
122
118
113
118
129
127
121
125
113
108
115
117
121
127
124
123
131
135
130
130
127
131
134
135
129
119
118
118
123
128
127
129
121
129
127
126
121
119
125
121
125
124
139
141
142
136
132
131
129
128
125
131
132
132
131
124
120
121
125
131
138
134
141
143
150
153
152
138
144
143
137
137
144
146
142
143
142
150
153
156
153
158
159
160
155
161
169
167
157
148
152
153
145
138
135
146
155
154
150
153
157
160
163
162
162
164
166
161
165
161
165
167
174
183
187
190
198
204
209
204
212
213
221
224
224
218
216
216
217
217
213
215
222
223
213
214
219
221
215
212
213
205
200
206
207
197
194
187
193
192
196
199
190
189
188
185
182
188
195
194
194
192
192
185
183
188
177
182
182
188
198
204
205
208
206
204
213
210
215
217
212
213
213
210
217
216
229
225
230
223
228
227
245
250
248
240
228
226
219
217
214
208
207
207
210
217
215
225
221
216
216
235
227
234
223
224
226
234
237
240
232
239
234
235
230
226
229
226
234
237
241
243
250
255
254
255
244
247
249
253
250
247
245
247
246
248
243
250
246
242
242
242
249
249
247
250
258
246
246
247
249
247
248
257
259
257
262
262
258
263
266
265
260
267
267
263
265
259
260
262
255
248
250
260
258
260
257
261
244
250
249
248
254
259
261
258
254
257
263
280
281
278
278
280
282
289
290
296
302
304
304
295
310
302
296
297
297
295
287
286
285
289
297
294
298
298
305
302
306
311
312
314
314
319
320
327
325
333
336
338
347
343
346
342
337
338
343
345
341
342
347
340
338
337
335
331
331
334
332
330
331
325
332
329
325
323
330
335
328
331
328
325
323
315
307
299
293
293
284
291
289
283
277
273
278
284
282
279
280
286
291
290
286
289
288
294
289
291
283
286
285
287
297
289
284
276
277
278
278
288
283
293
286
292
289
289
276
274
286
287
290
291
292
295
282
277
280
286
281
278
280
272
272
275
271
275
279
280
276
278
290
290
284
295
285
274
273
267
269
270
265
266
277
277
280
276
268
262
266
274
281
282
278
280
283
274
281
281
287
291
300
300
307
303
301
301
301
297
299
290
292
289
290
288
281
278
273
269
263
264
264
270
267
259
266
261
273
278
276
272
273
277
276
273
273
274
281
268
271
275
284
284
284
282
277
276
267
258
260
271
263
263
268
263
249
253
261
261
266
261
268
272
269
274
268
264
272
268
273
271
274
268
267
275
278
267
272
264
254
259
263
256
246
244
245
245
248
235
243
250
249
250
256
264
258
260
257
257
257
259
265
270
280
281
284
287
285
275
268
281
274
279
276
279
282
291
292
287
279
277
279
276
273
275
286
287
285
283
281
280
275
275
275
266
272
275
273
277
273
273
281
286
282
284
280
275
275
273
275
282
277
281
285
280
277
277
275
282
292
287
291
285
277
273
284
282
290
292
292
288
286
286
288
288
299
296
295
301
301
310
308
307
308
305
301
309
309
311
314
324
331
327
324
317
311
308
296
299
298
287
284
280
277
265
276
273
266
271
265
255
244
249
247
248
250
258
264
263
255
261
254
248
241
245
240
243
246
239
247
252
248
250
252
266
276
284
289
290
298
298
292
280
275
284
281
292
296
298
305
312
310
310
302
296
294
292
301
304
299
291
285
283
277
279
283
286
285
290
283
283
287
288
285
288
287
294
287
294
290
302
298
309
299
300
308
302
295
295
298
298
295
304
298
304
301
305
305
309
318
316
311
305
301
304
309
311
312
314
318
328
328
326
322
320
318
314
308
303
304
299
308
315
306
315
313
310
300
303
311
321
317
317
314
312
313
310
316
314
314
310
315
318
321
317
322
325
330
327
322
320
326
329
322
329
326
327
335
327
327
318
315
315
316
310
313
316
312
314
318
316
318
311
311
308
306
312
313
305
308
312
317
315
304
302
309
313
316
305
302
305
293
295
299
297
298
301
302
307
304
304
309
305
306
308
307
303
306
298
305
302
306
304
298
295
298
296
293
297
300
308
314
308
300
294
295
291
290
292
285
279
271
271
284
284
289
293
295
299
307
307
302
296
299
305
315
320
327
323
328
336
336
340
335
335
333
326
332
330
331
338
340
336
341
338
342
334
341
347
350
346
345
349
357
357
364
366
370
369
361
358
354
351
351
349
347
359
355
357
352
354
358
366
373
371
370
376
379
376
372
375
371
380
377
386
391
384
380
384
388
390
383
381
384
379
381
379
388
390
390
388
399
400
406
406
411
406
405
409
416
413
420
421
422
415
411
415
410
409
418
426
424
424
421
418
422
419
411
416
414
410
417
413
419
411
406
409
413
407
402
400
407
403
390
387
378
382
379
389
400
405
409
412
408
405
409
406
402
404
404
403
398
395
402
402
401
401
394
396
393
401
392
393
387
389
387
387
395
406
400
400
387
388
387
387
386
387
382
386
396
387
390
387
388
387
386
384
393
389
380
373
361
350
352
345
353
354
356
356
354
353
350
346
341
336
331
329
326
310
314
316
328
316
323
330
331
322
324
328
335
335
330
337
347
342
338
340
338
337
333
330
327
327
331
330
331
331
328
336
331
320
312
317
322
328
320
318
324
332
337
340
340
336
346
349
350
347
352
354
357
365
366
374
372
379
375
379
376
378
379
374
380
385
377
369
368
368
367
367
368
376
367
368
359
360
361
365
371
372
379
382
377
382
384
377
363
374
371
363
360
358
355
361
361
353
353
345
339
343
328
316
307
303
301
291
293
290
291
290
286
287
285
286
288
285
282
276
278
277
288
286
280
279
284
290
291
300
301
305
303
305
307
313
313
316
315
305
298
296
302
287
294
296
297
299
300
291
291
287
283
281
274
276
273
272
271
272
275
279
271
262
264
261
255
256
251
255
248
255
250
248
250
244
249
248
256
256
252
241
251
247
246
244
242
241
233
232
238
229
229
227
232
237
235
223
218
219
226
229
217
221
219
210
200
200
196
197
196
198
199
197
191
196
194
196
197
197
193
198
198
198
189
186
180
169
166
169
169
171
173
176
182
186
195
192
198
196
191
195
192
185
188
187
190
186
188
188
184
185
188
192
188
189
185
178
169
179
178
178
176
169
169
166
171
168
162
161
164
159
167
170
174
170
170
172
171
168
169
167
165
163
164
164
167
176
174
170
170
181
187
182
189
193
195
199
199
200
205
200
194
187
182
188
186
184
196
188
192
194
196
202
206
204
203
209
217
216
215
220
209
213
213
217
217
217
223
222
224
229
227
231
242
240
231
234
235
234
236
226
227
224
231
227
226
225
221
224
224
225
222
216
216
205
190
189
182
189
189
193
202
196
187
186
188
186
192
199
193
190
192
186
183
183
172
177
179
185
183
184
170
177
182
180
175
177
171
157
163
164
172
171
171
167
168
174
177
185
194
190
191
188
188
182
180
173
179
176
180
175
174
187
180
181
177
170
170
173
172
160
168
180
184
196
201
200
192
184
192
188
193
193
189
187
176
174
159
149
156
155
150
156
150
152
142
141
138
138
135
138
145
148
156
164
166
171
165
171
176
180
176
175
186
176
178
171
175
178
166
160
171
169
168
161
160
168
175
165
155
155
143
143
140
140
144
133
135
143
146
159
157
147
146
142
134
137
143
137
132
126
124
128
120
110
116
117
117
118
121
120
121
124
119
115
119
118
125
126
124
123
123
124
129
131
128
118
114
117
114
102
101
92
88
91
89
87
84
84
84
68
72
80
73
76
75
78
77
79
81
75
72
73
76
76
80
80
76
79
80
85
89
87
82
84
84
80
72
72
65
59
58
55
60
63
68
58
54
55
55
56
49
56
53
50
46
45
41
37
33
42
31
39
26
20
19
18
16
16
15
5
14
14
19
18
12
20
13
8
22
23
31
34
31
33
40
45
43
44
42
40
45
47
48
45
47
50
54
51
49
43
42
43
43
44
39
35
24
25
19
22
28
37
25
17
14
14
16
14
24
22
23
21
28
43
45
39
32
32
28
25
26
32
36
33
26
28
20
20
21
20
22
33
32
43
38
36
39
38
29
18
20
27
28
22
22
18
36
32
27
32
34
33
34
35
35
29
39
33
29
27
20
23
37
36
41
45
52
53
44
36
28
32
25
15
20
30
35
31
33
25
19
19
24
27
30
24
19
9
14
16
14
19
26
18
19
16
14
10
20
19
14
25
17
21
14
20
25
32
29
35
35
40
36
34
31
38
38
38
25
21
15
12
19
10
13
12
17
24
23
30
26
32
32
30
39
44
43
45
44
36
43
42
41
47
50
50
47
48
45
42
48
45
53
56
52
53
50
48
48
55
55
62
60
59
51
39
39
36
36
36
29
27
23
24
17
21
12
16
16
11
17
23
30
23
29
22
24
24
23
17
21
34
25
13
16
11
6
7
17
9
9
12
19
21
20
12
12
16
22
21
23
26
22
22
17
11
15
13
18
15
10
8
15
16
19
19
20
30
24
26
33
31
30
37
40
46
40
34
39
41
42
39
47
47
51
51
51
54
53
53
62
53
53
57
58
63
67
71
70
65
65
64
62
68
70
65
65
63
65
68
73
75
74
85
85
88
83
82
82
71
62
63
67
66
63
63
52
56
58
66
72
77
80
76
73
73
68
66
69
70
72
77
68
72
71
77
83
90
100
100
96
92
94
97
99
107
116
108
105
105
100
101
100
92
107
103
107
116
108
106
108
104
106
98
92
91
88
91
89
91
86
86
84
85
88
85
99
98
93
92
92
82
75
78
78
70
73
74
73
70
75
69
74
74
65
65
76
84
83
94
84
79
78
87
95
99
100
101
100
95
102
102
108
105
105
96
95
101
99
107
108
104
108
101
102
104
104
106
108
102
90
83
90
84
87
84
83
80
80
80
76
78
77
74
72
75
71
75
75
71
74
68
66
61
70
60
59
62
54
62
61
60
67
78
84
94
92
82
85
92
86
76
79
73
72
70
70
72
66
75
81
81
76
76
75
82
83
80
84
79
81
75
79
79
77
62
63
57
52
43
36
33
24
32
43
42
33
36
36
31
28
26
33
26
23
31
35
32
31
28
26
18
14
18
19
14
16
21
14
18
14
18
18
16
14
18
23
28
22
18
20
19
24
24
26
32
34
34
34
36
38
45
46
44
49
54
53
56
51
49
52
56
55
55
63
60
55
58
57
55
58
54
55
67
63
66
66
70
72
78
85
88
94
97
89
95
96
90
98
93
84
87
93
91
103
111
109
111
110
108
109
102
102
105
101
108
112
113
124
127
126
130
120
110
104
103
103
110
110
114
117
106
116
118
117
106
108
110
93
87
92
96
95
102
102
87
93
103
108
116
121
128
117
117
116
116
118
116
114
118
123
115
109
109
110
108
106
107
108
116
121
111
110
105
103
107
104
107
107
107
112
107
116
101
98
98
99
107
103
98
106
111
112
109
119
109
111
102
97
99
94
95
99
104
97
90
99
98
96
93
88
88
86
83
87
94
85
85
89
79
84
87
91
86
92
95
95
91
97
104
107
110
106
108
114
124
113
102
102
104
102
101
100
90
105
106
116
114
112
113
104
104
98
101
102
104
99
108
112
101
97
90
92
96
102
99
92
93
100
98
107
98
97
98
107
115
109
107
105
100
99
100
103
98
92
97
93
87
82
82
80
73
75
78
74
74
69
66
69
69
71
65
58
63
65
62
63
67
68
74
67
60
65
75
71
77
82
81
86
84
73
70
63
60
58
56
55
54
50
45
39
33
29
28
30
31
40
30
39
42
35
20
23
27
26
31
31
24
20
23
25
25
29
20
15
16
15
13
10
18
14
14
22
27
14
18
17
23
14
22
22
17
20
29
25
28
31
35
38
38
30
30
35
30
29
38
41
46
56
58
53
60
51
49
53
45
44
44
49
56
68
61
50
39
35
29
34
28
29
30
25
35
38
30
31
33
36
37
37
33
30
29
31
29
29
32
19
23
21
30
28
15
24
25
30
29
29
28
25
22
22
30
32
26
26
48
47
52
57
55
58
63
63
64
67
73
67
61
64
61
59
61
58
64
68
71
76
71
67
66
76
68
63
57
56
55
52
58
55
59
65
71
72
69
61
61
55
60
57
58
55
53
43
41
50
57
55
59
64
68
66
65
71
71
69
64
65
66
57
56
50
49
37
41
42
41
37
35
33
32
32
22
9
11
14
16
18
15
13
7
10
17
17
13
9
20
11
12
13
18
13
16
13
21
22
14
12
15
9
10
12
15
15
16
20
19
13
23
30
26
20
24
17
22
24
24
25
25
27
25
26
29
32
37
30
29
33
26
24
16
15
17
28
25
14
8
15
20
22
24
15
11
12
21
27
25
31
39
43
40
36
32
32
44
48
48
48
45
39
49
55
53
52
43
51
50
48
47
57
58
55
61
67
62
54
57
57
57
54
55
42
49
47
51
51
52
51
38
37
37
40
38
40
28
23
25
29
32
40
35
38
26
28
31
32
23
19
8
21
21
25
13
15
12
14
13
23
29
28
21
24
20
25
32
26
29
30
30
23
22
26
26
32
31
35
38
34
37
35
34
30
33
35
30
29
37
36
37
29
35
31
29
30
31
33
33
29
28
35
38
35
45
44
44
58
57
52
54
49
45
42
35
38
47
46
40
47
43
41
31
37
36
40
42
42
44
46
50
56
62
61
53
49
48
53
51
61
58
58
59
48
55
60
67
64
62
68
65
66
62
65
66
70
68
67
61
63
63
56
57
60
65
83
76
73
74
77
80
79
77
74
70
70
79
77
76
83
82
86
91
89
96
94
97
101
101
99
89
75
72
77
79
81
87
91
86
85
80
79
73
74
74
69
64
66
69
71
67
69
66
74
80
90
91
89
84
77
78
76
73
73
73
76
73
78
80
89
87
81
79
74
70
66
68
72
72
67
60
73
67
70
73
72
68
70
69
76
69
64
66
70
68
63
66
79
76
78
82
81
80
80
77
79
78
89
84
88
87
80
83
85
91
95
98
104
113
113
114
110
105
99
100
102
98
93
91
96
102
95
93
97
97
99
93
84
86
83
84
88
85
78
72
75
69
71
63
61
57
65
71
70
83
94
94
87
103
100
96
92
89
85
94
98
94
90
96
94
99
107
106
103
97
99
98
102
106
99
98
111
118
112
116
118
116
113
114
106
96
87
93
88
83
82
77
70
69
77
82
78
88
84
92
89
90
92
91
92
85
72
66
69
69
75
72
66
77
75
76
76
86
85
81
82
78
83
85
85
81
84
81
81
80
79
76
70
64
58
50
49
43
41
46
44
49
55
51
43
40
41
38
41
38
45
46
52
55
49
45
41
39
33
36
36
26
23
24
35
36
29
25
33
25
34
30
28
30
26
23
20
21
18
12
23
14
17
21
26
24
15
14
22
22
14
13
13
17
16
17
13
21
21
10
13
15
17
19
27
40
39
39
45
40
45
47
51
59
57
64
61
59
62
58
62
57
65
56
60
62
61
61
66
59
58
62
67
73
76
72
70
74
74
70
60
46
54
45
44
32
34
38
30
35
36
40
45
37
43
48
46
43
37
43
48
45
46
46
45
39
43
49
46
49
50
47
47
47
51
52
57
52
42
41
50
51
42
41
40
34
42
36
45
49
54
60
57
61
62
62
62
66
61
54
45
35
34
35
31
29
23
23
19
12
7
20
11
21
18
13
20
18
19
18
23
24
24
29
23
28
29
22
12
24
29
34
27
30
31
25
27
32
29
25
22
17
24
19
26
18
18
25
23
25
33
30
20
25
32
33
39
33
30
36
35
26
24
22
21
16
13
14
16
27
27
18
18
11
12
15
16
20
21
24
22
21
13
19
18
19
18
13
12
12
15
13
13
9
20
17
23
21
21
19
21
27
30
32
39
44
51
57
56
54
53
46
45
38
41
41
36
27
35
33
36
32
31
32
40
39
39
47
56
68
64
71
74
77
74
86
90
91
96
97
93
95
95
92
108
117
123
124
125
123
133
142
151
153
157
153
151
146
141
138
135
133
133
126
123
124
123
130
134
131
133
128
123
121
122
125
125
126
126
131
136
137
138
131
127
129
135
131
127
128
125
134
129
130
132
127
132
133
126
129
111
110
105
116
116
109
109
114
116
110
108
108
106
112
107
109
123
126
112
112
97
104
105
104
97
97
98
98
108
110
106
106
111
113
115
107
113
111
109
110
94
91
91
88
87
93
101
98
91
97
95
104
108
100
102
105
104
93
84
78
76
74
74
63
67
67
62
56
62
59
63
58
53
54
45
41
43
42
41
47
43
51
50
56
56
52
61
61
58
49
51
45
34
39
30
34
44
40
42
45
39
45
39
40
49
55
58
57
55
55
48
45
49
47
42
46
47
55
62
71
69
75
73
64
66
67
67
69
66
63
70
81
87
82
74
65
67
64
50
49
51
52
53
58
54
52
53
51
59
52
47
51
45
46
49
52
49
59
60
55
57
62
59
62
57
52
55
58
60
78
77
66
59
62
57
46
48
55
54
51
55
58
66
53
49
54
46
46
38
41
42
41
47
51
48
43
44
33
28
26
27
25
25
24
19
13
11
12
13
14
21
27
26
25
28
23
27
23
28
32
43
39
30
33
36
35
30
17
20
15
14
19
26
26
20
23
30
43
41
41
40
38
32
31
36
35
40
38
37
38
39
36
29
29
30
30
30
30
29
28
24
21
26
20
28
35
38
38
45
48
54
52
46
48
54
52
48
45
46
44
46
49
55
58
62
70
75
67
65
62
53
55
60
65
66
66
73
73
71
75
79
76
78
79
74
80
77
76
83
80
77
71
78
79
80
73
75
63
63
63
64
74
74
72
75
67
71
71
77
79
84
69
76
74
73
70
65
60
65
61
64
67
77
77
79
81
83
80
80
75
90
82
77
75
70
74
73
81
68
69
67
67
71
63
59
47
49
53
57
53
50
50
44
45
43
36
39
34
22
14
11
20
15
16
19
18
21
20
24
12
21
20
23
28
31
27
23
23
14
19
21
30
36
35
34
33
24
29
30
23
29
30
29
24
24
20
24
29
20
24
17
19
18
26
14
16
18
21
8
12
12
13
18
24
31
30
23
34
37
41
43
45
47
52
52
51
57
59
57
51
56
58
68
68
73
73
65
61
69
77
84
91
90
94
92
92
95
109
112
113
109
109
97
107
106
114
113
121
117
119
127
120
120
117
114
108
102
99
104
103
105
105
106
101
98
99
102
107
105
103
100
90
90
82
79
80
79
80
86
85
85
74
77
65
59
66
47
42
46
40
38
37
35
30
21
21
26
24
29
19
25
23
23
31
27
17
17
24
19
16
30
28
24
16
19
7
14
13
13
20
26
31
36
43
44
42
40
44
53
58
61
69
74
72
71
62
61
69
70
73
65
69
62
67
65
71
74
73
78
78
78
84
75
77
64
64
67
70
71
66
63
69
63
64
64
60
58
64
60
63
56
60
55
63
56
49
47
37
40
38
28
26
20
19
21
25
21
18
22
31
32
43
47
44
49
53
61
72
73
72
70
76
76
73
67
67
68
75
74
76
80
73
74
81
87
93
95
100
107
107
100
99
92
94
95
91
95
103
110
103
107
112
123
115
113
117
119
113
118
114
115
124
130
118
127
126
121
122
129
135
122
124
133
129
125
120
119
127
117
122
118
112
114
110
111
125
122
126
119
126
121
122
124
127
126
125
121
126
132
127
133
136
120
113
111
99
94
87
80
81
84
92
88
78
85
97
92
95
92
92
91
82
91
97
107
104
109
123
111
110
100
99
102
96
92
81
89
88
89
85
79
76
72
74
79
82
76
70
71
69
64
72
70
64
52
48
48
39
37
41
42
48
48
55
58
55
57
61
71
67
66
66
64
62
63
64
60
62
58
56
47
42
48
46
47
42
47
44
38
48
50
56
69
74
67
62
57
52
49
52
54
46
46
43
48
51
45
36
27
29
33
36
43
40
42
40
41
36
39
35
41
43
48
32
22
29
24
30
30
23
26
30
34
39
40
40
43
33
39
31
36
31
36
39
32
33
29
30
32
30
28
37
36
30
37
30
36
41
30
35
24
27
27
21
17
19
15
16
16
18
22
19
16
18
26
16
16
23
24
31
31
35
40
46
34
36
39
36
48
48
53
53
62
53
60
62
67
68
69
78
84
93
90
86
74
76
86
81
78
73
73
72
71
68
67
74
70
63
58
58
68
74
75
73
75
75
75
76
73
63
50
48
38
33
27
33
32
40
50
61
67
70
71
66
74
69
65
71
78
72
70
72
79
74
75
80
88
92
103
106
112
118
118
123
112
107
107
109
106
104
105
99
104
105
97
90
98
102
109
100
109
101
97
103
98
102
93
92
92
86
88
74
81
68
62
60
64
56
58
61
60
69
75
71
73
74
76
80
89
89
92
85
85
83
75
79
64
59
50
55
60
57
55
47
46
47
55
59
61
53
56
57
54
50
54
53
51
57
53
53
54
46
46
45
41
56
48
55
63
56
55
51
42
38
33
38
35
34
35
39
47
53
52
50
60
63
73
72
73
72
81
76
79
83
80
86
84
82
82
83
73
62
63
54
50
47
55
53
54
46
51
54
50
46
46
46
47
54
56
66
57
61
64
58
51
56
54
47
57
58
53
64
69
70
63
58
55
61
60
63
67
68
75
59
63
59
57
66
64
77
74
78
81
74
72
79
83
80
79
80
77
79
86
82
83
88
84
78
76
80
82
83
91
88
86
98
100
107
99
100
95
97
86
84
76
81
75
75
77
76
88
94
92
98
96
95
90
87
91
96
96
104
106
95
97
97
100
102
96
97
101
100
98
99
105
106
102
104
99
102
107
110
103
100
109
113
105
108
109
108
109
107
114
106
101
114
109
110
111
116
113
109
113
112
102
114
104
116
110
108
96
104
107
110
116
120
122
128
126
128
122
133
132
135
137
135
135
133
130
122
119
113
114
121
126
132
136
134
132
135
138
136
136
135
141
143
142
143
149
143
146
150
161
163
162
160
161
164
163
163
174
181
189
174
169
169
174
190
188
198
191
194
198
198
202
199
201
199
199
193
197
205
201
203
196
186
187
188
197
203
191
191
192
192
180
173
178
179
181
178
169
167
168
183
190
192
195
188
189
193
199
192
200
195
182
194
196
200
201
199
202
205
203
204
205
206
210
208
210
210
212
209
207
202
197
194
192
193
193
192
190
196
194
193
188
183
181
190
185
185
174
170
170
181
186
188
188
190
183
189
191
193
194
193
191
186
185
186
186
188
182
185
185
191
190
186
183
175
186
184
184
183
190
188
191
194
191
194
199
201
194
187
182
191
185
190
179
177
173
179
176
181
187
183
185
190
189
185
182
182
187
188
194
200
200
210
212
212
221
227
227
226
226
237
252
241
244
249
260
261
262
264
261
259
257
258
256
254
253
255
247
237
247
247
246
251
245
239
241
237
243
237
239
243
243
242
242
248
253
256
260
258
256
257
253
253
251
258
259
256
255
258
252
249
254
254
247
237
240
238
228
223
224
225
230
223
215
221
216
224
223
222
214
218
221
219
224
229
230
230
227
225
224
226
222
220
216
217
211
207
194
191
192
196
185
186
188
181
179
171
175
173
171
173
183
183
183
179
178
183
181
184
184
180
173
169
168
162
160
161
163
163
170
171
178
165
162
159
158
164
154
160
163
162
159
141
141
130
125
129
125
121
129
134
140
136
139
140
148
141
136
131
135
132
126
124
122
126
128
135
145
147
149
143
153
153
157
162
164
159
159
159
147
145
148
153
157
164
159
158
159
172
180
184
175
169
174
174
175
172
178
175
170
176
173
171
177
180
179
171
175
173
175
177
171
173
174
176
167
162
161
155
156
157
154
150
150
155
150
161
157
162
176
172
169
165
168
172
174
174
179
182
184
183
174
163
163
169
162
157
160
156
152
150
151
149
165
168
170
170
173
168
178
191
190
192
199
196
203
199
191
198
198
200
198
202
199
196
194
196
209
210
204
203
207
203
195
202
195
191
186
187
189
184
188
191
186
181
179
187
189
180
184
193
195
193
192
184
177
182
184
186
190
201
196
195
193
200
201
200
202
201
199
198
182
182
188
198
197
204
210
206
212
210
197
193
195
194
198
185
190
194
197
189
191
184
182
172
181
178
169
175
180
183
189
195
197
194
196
191
194
184
196
194
188
188
194
186
182
185
193
192
190
193
192
187
189
183
178
168
173
167
162
160
157
158
162
164
168
169
173
173
170
159
161
157
157
166
176
174
168
166
175
170
171
169
177
176
175
175
164
157
157
152
157
159
159
153
151
158
157
154
149
157
156
155
149
145
148
142
140
123
119
122
131
136
144
136
134
139
135
135
135
130
130
122
117
108
102
103
104
109
113
108
103
104
111
106
104
99
99
104
96
102
104
114
111
111
114
117
117
113
122
129
131
118
121
131
134
135
145
138
135
139
138
135
128
116
102
98
97
95
98
90
88
90
91
90
86
84
93
99
90
97
99
105
105
107
104
103
109
99
101
101
106
103
105
99
97
109
110
112
114
107
112
117
114
126
127
132
141
147
139
136
138
139
137
129
129
128
131
128
127
133
132
130
137
126
130
130
131
130
127
124
134
125
130
138
141
137
141
143
140
145
150
146
140
144
143
142
149
159
160
163
169
169
166
158
166
172
175
167
166
165
152
156
148
149
151
155
150
151
146
153
153
152
142
138
131
129
131
134
126
126
138
138
140
134
125
121
133
141
135
137
140
137
141
139
142
145
144
150
156
160
160
154
145
137
131
129
130
128
131
139
139
139
132
125
133
131
137
140
134
130
131
129
123
119
122
116
117
117
120
132
143
146
143
153
162
164
163
165
167
168
166
156
165
154
154
152
161
168
175
171
167
160
168
169
181
174
173
182
186
189
190
192
193
187
177
179
181
180
179
181
184
175
176
175
173
174
177
179
182
183
185
189
186
191
186
191
180
172
176
172
172
182
187
185
181
182
177
176
189
191
191
198
196
195
186
187
195
202
200
205
201
204
205
205
209
220
234
243
231
231
227
228
222
224
223
222
218
226
221
227
222
223
223
217
215
223
221
219
217
222
214
215
211
210
214
218
215
222
212
225
219
216
212
225
224
226
223
224
228
229
238
245
241
237
235
239
246
247
249
251
255
259
256
255
250
255
259
259
253
262
261
260
261
255
258
243
243
241
241
239
246
234
227
231
221
226
226
233
235
231
227
225
226
225
220
217
214
219
217
221
230
234
232
223
236
234
231
226
226
226
225
229
226
226
228
223
213
211
212
206
212
211
205
208
212
210
204
200
198
192
199
195
202
198
201
202
203
195
202
208
210
209
212
209
199
200
193
198
188
186
178
176
170
176
172
168
172
180
177
175
174
174
180
182
190
195
197
205
201
208
210
205
209
206
213
199
195
195
192
189
195
189
187
187
195
200
206
215
216
214
210
209
207
208
211
208
203
201
193
192
195
193
202
209
202
198
198
203
216
215
208
212
221
219
222
231
220
213
215
211
224
230
226
226
232
232
233
228
225
225
227
225
217
221
218
220
208
211
205
207
206
203
205
203
203
199
198
200
192
190
192
199
202
204
202
207
202
202
201
194
196
201
211
205
203
205
214
215
210
212
213
203
206
203
201
199
200
197
195
187
185
179
179
176
173
178
173
178
178
186
186
185
192
193
199
192
189
183
173
173
172
171
166
167
164
160
165
163
163
174
178
180
175
177
178
183
191
193
195
198
203
199
198
199
207
204
213
211
203
210
208
210
211
218
220
218
215
224
221
220
217
204
208
210
208
209
215
218
220
216
223
222
218
223
211
206
207
204
210
207
200
205
203
201
200
195
193
186
186
184
187
187
188
190
187
188
192
198
193
200
198
197
194
190
183
178
176
177
178
185
177
180
173
172
170
161
168
163
167
169
169
168
164
161
158
154
152
151
158
162
160
163
170
169
165
164
157
166
170
175
179
183
181
180
180
192
186
191
182
187
189
198
190
193
192
181
187
199
207
211
217
224
226
239
238
242
236
247
249
253
258
252
249
243
243
233
238
246
235
245
244
246
245
249
250
251
251
256
256
265
273
277
273
270
268
266
261
259
262
259
257
256
252
266
272
270
273
281
277
274
274
274
273
269
271
269
270
278
277
280
288
277
288
294
295
296
298
293
289
286
288
290
288
284
284
294
287
292
278
280
275
279
280
275
268
266
264
264
264
267
272
271
272
271
260
264
256
255
258
258
263
257
254
254
258
259
256
249
248
236
232
241
234
229
225
227
225
220
233
233
229
231
234
236
231
242
225
226
219
217
210
217
216
207
206
214
205
206
204
199
202
204
201
198
188
191
196
187
192
193
196
186
190
199
196
194
196
197
201
199
202
207
208
209
213
215
217
212
213
209
204
208
220
217
226
233
229
227
223
226
225
212
224
226
218
222
222
223
232
229
243
237
227
235
248
251
244
242
241
238
235
230
227
226
217
221
219
225
230
221
225
234
237
231
227
232
230
232
229
243
244
238
236
237
247
245
250
250
246
245
253
250
251
253
248
254
261
257
264
253
257
254
251
250
251
249
259
258
254
254
252
251
257
262
262
262
267
266
267
263
255
257
255
249
254
248
242
244
247
249
250
254
250
254
261
264
258
254
255
242
240
243
245
247
251
247
248
249
247
243
247
253
258
266
271
267
271
272
267
262
260
257
251
248
248
254
260
259
252
257
253
255
250
249
246
246
243
241
242
239
226
220
222
217
212
217
215
218
222
222
232
243
246
249
243
255
256
258
254
268
260
259
266
263
262
262
266
262
269
275
272
281
282
288
288
283
291
287
299
293
285
279
293
308
310
304
312
301
306
298
297
290
301
297
291
299
296
298
299
299
295
298
301
289
280
288
288
281
284
288
298
302
303
305
305
304
305
301
305
301
300
300
289
281
284
281
280
281
289
277
283
276
290
280
279
271
271
273
272
267
262
273
265
265
266
271
267
262
266
266
261
260
260
269
273
274
264
263
258
260
263
261
259
261
270
265
267
267
272
271
273
271
261
264
257
263
272
281
281
289
289
293
310
315
319
316
323
320
314
325
328
320
328
324
324
322
323
321
317
327
318
314
313
313
309
303
297
305
303
302
289
291
289
291
276
266
265
268
278
274
276
280
273
279
283
278
266
280
288
305
307
314
314
318
312
311
309
312
311
305
316
304
297
303
295
299
297
297
298
297
305
306
303
296
301
299
311
305
309
308
303
301
300
306
308
304
298
300
301
303
302
292
290
295
294
284
279
280
285
288
297
296
294
291
289
298
290
291
287
290
288
292
293
290
294
289
297
293
279
283
280
282
279
273
276
290
289
292
288
292
290
295
291
294
285
283
282
279
279
277
278
270
268
266
268
267
265
262
257
266
254
251
249
245
243
243
243
242
249
240
239
245
239
230
225
218
214
215
217
220
222
223
219
220
208
205
203
208
201
201
204
205
200
194
198
204
200
197
194
192
185
188
184
173
180
175
174
170
165
175
166
161
165
167
171
174
173
174
176
181
176
173
170
179
182
184
185
177
173
158
156
161
158
159
154
155
150
157
155
162
160
162
166
168
169
166
171
171
166
171
176
172
179
171
177
180
176
177
176
180
179
184
183
176
175
171
177
178
175
170
169
164
151
149
147
143
145
148
144
146
130
138
132
131
132
136
142
144
139
141
139
135
136
145
162
160
162
152
153
140
139
137
144
134
138
136
140
145
149
147
150
145
158
155
150
146
148
149
148
148
143
140
145
146
132
131
132
132
127
121
122
130
117
121
123
123
124
124
121
122
128
125
128
120
127
125
126
129
123
130
123
116
121
128
135
142
141
141
136
142
149
156
149
146
138
134
134
133
134
138
138
131
132
134
128
127
119
120
126
124
112
98
98
89
94
93
93
97
98
99
100
97
100
109
109
112
105
96
97
98
90
93
102
98
101
96
95
92
99
97
97
96
100
96
94
91
92
94
100
104
109
111
99
113
111
110
98
105
95
104
109
102
101
100
104
103
107
104
117
120
117
111
109
114
110
107
118
111
118
116
107
109
111
111
110
104
116
113
113
117
121
114
114
112
112
111
110
106
94
101
103
111
106
99
103
112
117
108
118
121
127
121
120
120
118
119
118
116
122
115
112
109
105
99
97
93
85
87
80
80
88
94
101
105
100
101
105
106
101
114
119
110
109
114
108
109
114
111
112
113
113
113
122
120
118
121
114
111
103
104
109
106
107
110
112
104
105
105
107
100
102
104
104
92
93
95
97
98
101
103
103
112
113
110
110
122
117
116
121
108
100
105
106
103
99
103
109
110
109
111
116
118
111
109
106
112
107
105
106
108
107
111
118
121
127
125
125
124
118
118
110
110
116
110
119
131
130
133
139
129
134
131
126
137
136
137
131
131
140
138
138
146
143
150
152
150
148
151
150
157
145
142
140
140
133
119
117
118
109
101
105
103
103
107
104
101
105
102
94
96
96
96
97
94
100
97
96
100
103
106
112
117
120
127
126
122
113
125
128
132
132
133
140
142
136
131
133
145
140
132
130
145
148
156
146
150
154
158
155
151
152
144
145
151
154
156
154
158
150
154
155
164
156
156
148
153
157
156
159
170
178
173
171
181
185
186
191
183
193
198
202
208
209
205
211
210
204
208
220
217
217
217
224
224
223
222
227
230
233
236
243
245
245
233
232
240
232
233
241
244
244
247
249
251
252
255
258
257
246
233
234
236
232
233
222
221
225
231
229
220
225
226
227
230
229
228
229
229
231
241
235
234
236
242
249
250
244
245
253
253
257
257
255
249
254
256
258
257
260
265
267
261
251
255
253
244
244
244
250
251
252
255
250
251
258
257
261
262
256
265
258
258
262
267
272
267
265
263
265
259
262
273
273
278
274
272
277
277
275
269
257
251
245
250
248
251
255
253
262
266
272
273
279
280
278
267
272
260
261
262
264
262
257
253
247
248
248
254
253
261
264
263
263
261
262
268
257
249
265
267
268
264
269
273
276
275
265
274
281
270
265
258
253
253
247
252
245
250
244
246
241
245
246
249
246
240
233
225
229
237
235
226
231
233
226
240
246
251
253
242
239
232
233
221
222
227
214
203
210
205
199
208
203
204
205
204
193
187
189
190
187
184
182
183
177
185
184
179
173
172
175
177
180
181
181
181
184
187
176
163
164
166
158
153
157
151
147
150
162
159
157
155
160
174
172
171
172
171
173
173
179
184
184
180
180
180
179
173
173
176
189
190
197
195
201
203
203
205
200
204
213
219
203
207
196
195
198
201
194
179
170
170
175
176
178
184
180
174
161
160
163
170
168
172
174
170
169
173
176
175
181
181
188
192
203
206
201
193
198
209
199
204
206
201
200
194
190
183
177
175
185
188
184
184
183
194
190
191
188
193
196
200
198
200
202
198
197
194
192
186
184
180
180
169
172
176
178
189
192
193
198
192
186
189
199
202
199
204
206
209
210
207
212
215
214
212
217
218
216
218
213
205
210
210
211
211
205
201
195
197
191
198
208
207
209
195
204
189
179
180
181
183
185
187
190
190
193
195
199
197
204
213
222
240
240
240
238
234
231
231
226
225
218
223
223
213
218
222
231
237
235
231
233
241
242
234
228
233
230
237
227
226
224
220
223
227
236
227
235
240
244
238
247
254
250
249
249
247
242
250
250
253
258
260
263
259
267
263
254
254
266
276
268
272
276
273
265
268
272
270
273
275
274
291
291
290
289
281
275
281
279
277
270
267
263
265
266
273
269
273
268
270
285
289
293
300
302
304
312
309
306
304
302
296
300
314
311
311
309
319
322
322
325
330
330
326
312
318
314
310
312
308
302
296
287
287
292
295
298
298
300
300
295
298
297
292
290
288
286
280
277
281
278
279
269
266
266
271
254
253
255
249
245
233
218
217
220
220
217
225
226
211
220
228
232
232
243
235
241
252
261
259
254
253
259
260
259
258
258
265
265
274
283
276
272
273
282
289
286
287
282
283
275
278
275
284
283
283
283
288
276
282
288
286
284
273
273
276
268
260
257
249
249
242
244
252
244
243
240
232
220
230
232
228
233
230
228
230
228
229
236
243
244
239
242
244
246
253
253
255
253
248
247
242
239
236
233
238
241
238
237
240
238
244
246
250
247
247
242
238
237
237
227
233
236
232
234
234
246
247
246
243
243
235
235
229
229
225
218
210
203
207
201
191
193
201
195
199
203
209
214
222
223
224
225
215
208
206
205
207
206
201
204
205
203
203
204
206
203
213
214
210
217
216
219
208
211
213
211
206
202
198
194
197
199
198
195
192
189
195
189
188
185
179
183
184
188
189
181
180
188
193
196
187
188
193
194
182
184
195
193
187
183
183
177
174
173
165
165
162
163
172
171
164
158
154
149
157
155
152
149
157
159
161
143
148
157
145
148
149
158
168
159
161
164
166
174
170
169
167
171
169
170
179
186
176
177
177
168
164
163
167
164
166
168
164
167
156
155
152
151
150
152
163
163
160
154
152
160
158
167
163
166
167
182
192
197
198
194
195
203
199
209
209
208
202
204
202
191
194
203
209
217
224
230
223
230
230
233
230
235
237
243
246
251
252
252
252
240
241
246
253
249
242
238
243
236
238
240
238
236
234
234
236
227
232
236
237
245
243
248
246
250
245
245
241
244
235
228
234
236
236
232
229
225
225
224
223
222
219
218
215
210
207
203
196
197
198
189
187
178
180
178
172
165
167
162
179
168
168
160
165
166
170
172
171
168
164
174
171
171
169
180
178
179
179
178
179
183
180
177
176
184
179
195
200
194
181
182
184
188
182
186
181
178
178
168
177
180
186
185
186
185
179
185
180
181
183
186
190
195
203
204
206
201
204
193
185
195
197
189
183
187
186
190
196
199
197
186
191
184
185
181
172
180
183
178
172
176
182
181
177
186
180
179
178
180
180
179
183
192
186
186
171
180
177
182
190
190
185
188
191
183
189
191
181
178
173
177
188
191
184
191
191
186
195
194
196
195
200
196
194
195
188
190
187
198
193
194
191
189
182
188
186
192
199
199
197
199
208
215
209
225
219
215
216
232
233
231
234
242
244
242
243
242
250
248
245
240
243
231
222
235
236
240
249
249
244
252
258
267
267
266
271
265
272
280
273
270
274
272
268
272
282
271
274
273
278
270
266
266
249
253
251
237
239
238
232
228
228
223
214
210
203
202
205
205
195
202
209
216
215
215
209
212
220
227
222
227
218
223
221
220
226
216
222
221
225
225
221
216
220
202
204
207
203
197
185
187
188
186
184
186
184
185
192
191
193
201
203
205
207
203
201
206
207
211
202
191
186
198
198
191
193
194
199
201
189
192
183
178
182
186
174
171
173
177
168
166
158
157
155
154
151
160
164
173
172
190
201
205
200
197
206
206
207
199
187
182
179
180
179
177
179
187
189
194
182
179
177
179
182
183
177
177
178
180
182
178
186
193
189
192
203
203
194
195
189
192
200
194
201
201
192
196
204
206
207
216
212
214
215
213
217
210
216
218
224
228
236
234
230
227
232
240
235
241
248
249
251
255
254
249
245
253
248
245
240
251
245
245
250
247
260
249
249
253
254
253
249
251
253
250
244
249
252
250
250
245
247
234
223
228
221
216
215
217
214
210
210
197
198
193
187
173
175
177
180
181
173
167
171
170
164
163
166
177
177
177
184
185
187
192
189
183
184
199
196
205
208
215
213
214
218
202
206
203
201
205
210
211
211
211
216
221
226
232
223
226
232
238
245
244
246
253
247
242
232
220
220
215
208
202
211
210
207
190
183
179
179
184
175
176
176
179
177
177
183
180
175
175
174
171
169
168
163
169
161
164
170
164
166
170
169
173
165
167
165
160
170
176
171
166
168
167
174
170
162
157
161
155
153
157
148
152
146
149
153
154
149
144
138
143
149
147
145
148
153
157
150
158
147
145
147
154
151
154
158
163
157
151
149
154
149
141
137
144
141
133
124
124
118
120
113
115
125
125
126
116
119
116
116
111
121
124
129
135
134
130
133
128
127
126
121
112
115
106
106
97
98
99
97
93
99
101
106
93
94
91
92
104
102
106
111
116
112
117
112
122
129
133
129
131
124
128
130
131
126
114
117
127
129
122
128
130
128
126
121
117
106
99
102
112
114
115
117
119
119
120
110
107
119
111
109
110
106
108
98
105
99
102
102
97
88
82
76
77
85
79
87
92
95
94
100
97
104
97
103
103
102
105
104
107
109
116
115
119
113
120
121
119
114
114
115
122
125
120
126
117
116
117
122
117
130
137
124
120
117
122
140
146
142
139
141
144
140
142
136
143
143
149
141
149
145
144
139
137
142
150
160
158
154
148
141
138
139
137
139
130
125
128
121
121
127
136
130
129
138
136
140
150
146
152
152
142
142
149
154
161
160
166
161
162
156
157
161
164
160
157
163
161
165
169
173
171
171
176
173
181
181
174
172
169
172
166
169
178
176
179
174
175
182
179
179
186
192
189
188
189
187
185
188
176
170
160
166
167
169
178
175
178
176
180
177
172
171
182
182
170
178
174
170
180
177
183
183
180
179
166
173
175
174
177
174
166
157
152
148
151
144
143
141
140
147
154
144
153
157
162
157
149
149
157
154
144
138
141
151
153
150
147
145
143
143
137
125
128
128
125
127
134
124
116
126
125
134
134
130
127
135
132
131
133
136
124
125
122
124
124
125
123
123
125
130
127
121
115
117
120
112
120
127
121
125
131
132
120
120
122
120
123
125
126
137
139
149
146
151
149
143
136
129
127
124
126
116
120
118
117
114
113
110
111
117
120
121
130
131
124
124
128
131
140
140
131
142
140
140
133
138
140
144
141
140
131
133
132
123
128
134
132
129
121
114
105
98
96
98
93
100
106
104
111
110
101
92
95
93
100
93
82
78
81
78
77
75
78
86
88
85
72
72
67
75
78
76
77
75
69
82
86
91
98
99
92
90
84
81
84
103
106
100
103
106
106
105
103
99
100
108
107
108
106
100
101
106
114
116
120
129
124
125
121
130
142
141
136
144
142
138
143
138
144
151
152
153
149
139
139
136
137
133
131
128
126
122
118
132
144
146
148
138
142
133
136
140
141
141
145
157
154
150
150
145
142
146
146
142
140
150
145
147
150
144
145
142
147
151
141
137
135
136
124
127
131
134
136
135
138
138
144
142
138
138
134
135
125
120
118
123
132
138
142
134
128
129
131
123
131
116
114
113
118
112
119
116
112
117
126
111
115
110
110
115
120
120
121
117
119
115
116
119
117
120
119
131
131
136
148
147
147
151
165
162
162
173
171
172
174
167
171
167
170
170
169
174
174
182
184
189
191
200
202
203
206
214
212
211
211
208
210
199
201
209
210
207
214
220
214
220
225
223
229
227
226
228
224
225
224
216
223
221
215
217
213
211
209
201
200
193
185
179
179
173
170
169
176
178
178
173
173
184
191
191
193
194
189
190
198
199
196
194
198
199
194
195
192
186
188
183
202
203
206
202
211
211
201
193
185
189
184
187
184
185
180
186
183
188
181
175
169
172
178
178
189
189
185
190
189
192
196
192
191
192
192
188
186
187
181
195
196
194
184
182
183
183
184
179
181
179
177
171
173
167
161
165
161
168
164
158
158
151
151
156
158
152
153
149
150
147
152
157
165
163
167
167
179
184
187
191
191
196
190
189
188
180
185
189
189
185
179
180
182
183
174
173
183
190
197
200
198
200
198
194
190
195
196
200
193
198
201
184
182
171
180
183
182
185
174
179
179
178
175
165
167
167
167
159
159
161
168
169
171
180
183
186
192
194
201
197
197
206
203
202
202
201
195
191
207
208
206
202
204
190
200
202
197
203
212
218
208
200
198
206
212
219
226
211
207
206
207
207
223
229
216
215
222
227
229
228
231
230
229
225
227
226
223
213
214
210
227
235
237
232
233
231
240
226
234
226
226
230
231
237
237
241
240
231
226
234
237
236
227
220
219
233
234
234
233
237
235
239
237
237
238
238
245
247
253
264
268
266
268
264
265
267
272
272
278
272
271
277
272
266
260
266
276
273
274
263
258
274
277
279
283
287
296
295
294
293
300
309
300
300
305
308
315
322
325
330
314
307
305
300
294
284
283
294
289
283
281
281
288
297
300
302
297
290
291
295
296
290
293
289
289
293
292
293
303
301
301
302
299
297
293
292
295
296
301
285
288
282
272
273
271
265
263
266
263
262
257
261
259
251
249
256
250
243
239
242
246
254
254
256
254
261
248
250
254
253
262
266
269
268
265
262
267
260
268
266
260
254
254
251
247
250
242
255
256
254
254
242
241
246
250
251
253
248
247
255
253
262
256
257
258
263
258
255
252
246
243
248
250
253
252
257
252
251
247
237
236
243
236
246
248
253
251
246
244
243
233
231
227
236
237
239
239
240
247
253
251
258
256
255
259
261
263
266
267
262
271
270
268
262
261
270
271
267
272
267
272
270
274
265
264
267
267
269
276
281
288
274
272
274
266
272
269
274
273
275
276
270
276
273
281
279
274
275
281
276
268
261
269
258
258
255
252
252
249
247
252
258
259
252
253
255
248
240
237
246
245
249
250
255
265
266
274
265
265
265
258
254
264
263
258
270
270
272
281
288
292
290
296
287
285
290
295
299
299
303
307
311
319
324
326
330
336
333
333
333
329
333
347
346
346
343
340
343
345
333
332
316
319
319
309
316
321
334
339
344
342
336
340
332
341
349
340
337
328
332
327
317
313
314
313
331
330
329
334
331
332
331
328
329
324
319
323
321
326
321
325
318
319
312
312
313
320
320
329
328
333
338
340
337
346
343
342
342
342
339
332
334
323
325
327
329
330
327
318
308
313
321
330
338
336
336
336
339
349
357
358
364
346
333
335
334
335
339
338
327
327
328
328
325
323
319
316
309
315
318
325
328
335
333
337
333
335
332
330
328
327
329
334
344
346
340
341
343
342
336
335
339
349
351
361
373
375
385
391
391
397
389
391
390
394
402
405
402
417
416
408
405
403
403
402
401
400
400
404
403
401
406
402
396
404
397
396
395
395
397
397
399
399
394
392
401
397
389
388
380
384
387
392
394
397
391
398
395
398
399
407
402
400
405
402
408
408
408
408
407
397
398
392
391
382
383
382
378
375
383
397
387
377
373
378
380
383
373
376
369
355
360
357
352
349
352
355
359
363
372
366
363
364
365
362
364
364
372
369
370
364
368
366
353
351
361
359
357
359
370
368
373
381
387
387
385
388
385
389
379
385
387
388
389
382
383
386
384
382
383
377
385
391
399
405
412
409
406
413
410
418
421
417
422
424
431
434
439
445
438
439
435
425
428
424
430
430
428
425
432
430
435
433
431
438
430
431
434
441
434
444
440
438
437
437
433
425
419
420
419
422
420
420
421
425
426
424
429
421
421
422
422
420
412
412
403
413
423
429
426
415
408
408
405
413
415
406
410
410
409
400
399
396
403
398
397
400
397
397
398
392
390
392
397
384
383
386
391
386
380
379
368
369
369
373
373
373
380
380
387
391
385
381
385
373
366
373
363
362
356
356
348
346
349
358
367
374
369
362
366
370
363
367
364
362
368
361
365
366
360
363
364
362
351
359
354
357
354
355
355
352
355
353
341
341
343
343
351
358
352
351
345
347
346
353
353
357
362
356
358
351
356
351
366
362
368
370
373
381
377
372
370
369
377
376
385
386
387
384
382
385
378
377
382
367
374
376
371
370
370
382
381
380
381
377
373
381
381
378
373
359
357
351
361
353
348
344
354
365
353
354
353
347
341
341
349
348
347
349
350
339
336
331
323
326
336
337
339
335
345
353
349
347
351
354
354
358
367
372
366
369
368
368
368
371
370
356
353
352
358
367
363
360
365
368
358
366
365
356
355
354
351
358
359
360
357
359
365
359
354
362
367
367
361
359
360
358
351
353
355
354
360
359
349
345
348
360
352
349
346
344
335
335
325
324
322
321
321
318
321
313
302
292
294
294
316
328
331
337
330
336
340
337
338
320
320
319
322
325
332
322
328
329
337
329
319
322
325
326
327
330
328
328
327
326
319
319
323
329
331
321
316
311
308
304
304
316
313
314
317
317
319
325
335
328
335
331
330
339
339
350
345
359
366
365
367
372
363
361
358
362
365
368
369
371
369
375
376
381
380
384
380
380
381
381
387
377
375
386
387
381
386
391
386
381
386
391
393
394
392
395
400
401
398
390
390
384
388
389
389
375
382
387
384
374
362
363
368
367
371
383
379
384
385
380
386
377
373
370
364
362
352
345
348
341
340
347
354
358
349
349
346
341
357
354
351
341
347
345
343
333
321
315
315
323
317
318
326
328
335
348
353
355
351
353
356
359
366
364
363
360
359
357
355
353
351
352
347
354
360
358
358
356
356
358
353
360
355
350
345
349
352
352
348
344
343
344
340
344
342
352
358
359
359
364
370
370
371
378
373
370
358
364
366
375
371
370
369
377
377
383
382
373
371
372
368
375
371
370
366
363
354
352
346
345
344
339
346
339
344
347
348
352
349
345
353
352
347
338
336
344
347
350
338
340
340
343
337
327
321
317
316
316
318
319
316
311
313
307
307
309
301
306
305
299
300
311
322
318
322
312
308
307
307
304
299
298
291
304
302
296
286
294
288
295
287
291
283
284
286
284
277
278
274
273
276
270
273
265
259
260
262
249
259
254
256
255
251
243
247
252
240
240
237
245
244
236
226
229
232
234
241
247
257
258
260
263
268
257
260
273
272
273
273
270
275
272
269
271
273
273
264
265
261
253
257
248
255
260
260
258
260
265
264
267
270
267
266
263
268
257
260
257
259
260
259
264
268
270
272
267
263
263
266
260
270
271
273
274
272
265
270
267
262
252
246
247
251
246
245
251
241
233
246
246
250
251
257
254
252
258
260
252
242
237
233
228
219
215
224
225
228
226
230
230
234
240
235
233
237
235
236
240
247
245
237
231
229
226
221
217
223
234
224
226
227
215
215
213
210
217
211
207
201
201
195
198
180
181
188
186
186
186
174
179
185
180
176
173
178
186
180
174
182
188
185
183
181
179
186
191
190
188
193
197
205
205
207
206
205
200
197
201
202
207
219
214
216
225
227
225
225
242
244
246
246
245
244
244
246
256
246
247
249
244
245
242
236
238
247
242
239
243
241
249
248
247
240
245
240
233
229
220
227
227
222
229
228
221
213
210
207
206
197
201
207
213
209
205
211
213
212
221
218
210
199
207
209
223
224
223
223
218
213
223
227
228
226
223
229
226
221
225
231
228
231
237
245
240
249
249
250
255
258
259
259
256
255
254
261
249
261
269
268
264
261
264
264
265
259
263
263
266
274
271
266
276
286
286
293
292
288
289
294
295
299
299
301
305
305
308
309
322
326
320
322
327
331
330
337
335
326
326
325
326
329
327
328
318
325
324
332
329
325
321
320
322
328
322
328
331
335
343
348
354
357
339
335
345
345
340
340
333
321
327
329
338
348
354
357
349
353
357
358
369
369
363
365
356
353
358
359
347
343
336
337
335
333
333
340
340
342
340
346
344
347
341
343
338
339
342
336
337
331
341
355
346
341
347
341
340
334
337
327
331
325
332
325
335
331
327
321
322
324
323
327
326
328
333
337
340
342
336
335
328
330
337
340
342
343
340
347
352
353
348
347
343
349
349
353
349
349
347
353
350
353
349
353
350
354
359
359
366
370
371
362
358
356
349
347
353
347
342
344
351
345
352
350
350
355
358
357
356
357
365
370
368
377
375
381
379
379
392
393
387
385
385
378
373
366
363
359
362
364
365
368
366
375
375
378
385
384
389
395
394
400
403
396
399
411
415
411
410
414
408
410
410
415
413
421
418
420
421
426
430
433
436
442
447
449
452
452
451
442
439
441
446
446
450
444
450
450
449
451
454
451
454
453
456
461
464
465
463
468
468
466
465
464
470
471
476
480
483
495
494
492
488
496
501
505
507
510
504
494
496
503
507
512
512
512
507
508
502
496
496
496
501
501
492
492
490
485
488
493
486
485
481
478
491
490
487
484
486
490
490
490
480
489
485
482
483
486
483
478
467
476
477
479
471
463
462
459
452
455
456
466
467
466
465
474
464
458
465
471
472
485
482
479
476
473
471
473
478
473
474
478
483
481
479
481
479
481
483
480
474
463
460
454
456
450
449
444
449
452
456
458
449
442
442
441
442
437
441
432
429
429
429
427
419
412
414
422
428
422
421
414
416
413
410
408
410
410
407
406
402
403
404
408
403
404
414
403
399
402
401
404
408
399
393
385
388
385
384
386
394
398
402
402
408
412
412
408
407
408
404
402
399
401
399
399
410
414
411
408
408
402
405
402
401
398
388
383
391
394
390
387
383
376
378
379
383
380
376
381
377
385
389
382
378
385
397
395
387
391
392
388
389
396
395
399
393
396
405
410
412
408
410
415
425
426
439
440
438
443
444
441
439
438
441
446
445
441
440
440
434
440
443
443
438
436
432
428
429
422
423
418
416
411
411
404
419
429
436
433
430
431
429
435
432
429
427
425
416
421
431
432
428
430
437
439
437
426
425
433
429
424
419
428
433
424
422
419
428
425
426
429
434
437
430
435
427
418
416
422
419
425
428
436
430
427
429
435
432
439
440
443
445
447
447
446
455
465
467
477
475
464
469
481
486
488
486
489
497
498
496
501
499
492
494
494
497
500
498
497
505
507
503
506
507
507
498
502
502
499
504
506
492
492
498
486
489
487
498
496
492
484
478
477
471
470
471
461
456
451
462
457
454
458
454
442
436
439
437
439
437
439
436
439
438
432
426
429
429
434
428
426
420
417
414
412
410
407
410
417
408
403
400
394
385
374
377
374
373
370
365
356
355
360
360
366
367
367
375
379
385
388
385
377
383
395
401
397
397
396
391
402
404
399
407
420
420
421
420
417
422
413
411
408
413
416
421
419
423
423
419
419
414
412
409
408
414
423
423
429
428
429
430
423
419
413
418
420
427
422
419
422
421
428
433
440
445
447
454
444
448
455
462
462
458
461
460
464
450
456
451
450
448
442
440
439
436
433
431
431
435
446
440
435
430
427
422
417
419
415
412
426
426
430
435
439
437
433
441
442
441
445
451
445
445
451
452
454
454
455
451
445
446
437
440
431
429
425
419
422
414
414
420
427
431
433
431
424
423
420
422
415
418
417
418
426
424
426
426
433
432
426
433
432
439
443
446
451
444
446
442
444
452
446
450
443
443
442
441
448
450
456
455
451
448
440
439
438
444
449
446
451
444
446
445
447
444
440
436
440
427
428
419
423
419
430
427
437
436
442
442
452
448
446
446
451
450
452
443
447
450
457
455
455
455
446
443
447
454
452
446
437
447
445
442
442
443
449
449
437
436
434
441
445
449
444
433
436
447
440
443
439
433
440
437
431
442
440
442
448
443
446
445
456
466
460
452
453
461
451
462
459
457
456
457
448
453
458
452
454
456
465
466
472
471
471
475
468
469
472
475
467
477
474
477
484
485
487
495
484
491
496
491
488
497
496
495
494
489
487
484
475
467
477
475
476
481
477
473
470
474
472
471
475
476
477
469
469
467
469
461
461
462
459
446
439
429
428
419
416
415
425
416
417
422
422
419
410
418
419
419
422
415
409
417
430
427
424
424
423
426
421
422
419
424
424
421
417
408
412
410
407
414
418
421
415
411
408
412
409
408
413
407
406
404
415
418
413
412
406
402
403
406
406
398
401
400
389
384
389
392
392
392
396
396
405
400
403
415
418
424
423
420
418
413
417
418
420
421
427
427
424
419
423
412
412
406
408
404
421
416
406
402
399
398
398
397
392
394
387
386
382
377
380
376
376
380
378
385
387
387
389
391
390
393
397
390
399
393
381
378
385
388
391
397
393
398
394
396
392
388
400
394
393
392
401
398
399
399
402
395
398
398
393
396
398
398
397
397
403
405
420
425
427
430
423
420
418
420
421
414
416
421
426
423
428
417
414
409
407
402
406
397
396
393
395
392
388
392
397
403
398
395
392
384
393
387
395
395
389
396
393
392
399
401
403
403
405
403
404
412
409
407
418
414
417
420
420
429
435
435
433
432
428
427
433
444
438
429
427
428
431
429
420
418
418
406
412
416
416
412
421
417
416
418
412
413
410
414
419
428
432
428
434
430
426
428
432
434
432
440
445
444
429
430
422
419
417
416
417
412
411
404
404
395
396
387
384
386
386
389
384
378
370
375
376
377
380
395
398
401
397
400
398
398
395
400
407
408
405
402
393
392
393
384
389
389
387
387
387
389
385
382
378
376
380
395
402
396
394
400
404
410
408
412
416
408
408
416
415
413
416
408
403
404
412
402
401
406
405
413
420
416
412
409
406
401
397
403
401
401
403
407
410
402
400
395
397
386
384
376
367
359
352
358
361
355
348
357
364
372
380
371
379
375
382
390
392
375
371
373
376
371
380
379
383
386
376
373
378
381
383
373
380
385
374
369
369
369
367
370
354
356
361
363
366
366
364
366
364
365
360
355
365
362
360
352
348
346
346
343
340
328
330
331
336
341
346
355
342
340
338
330
316
319
322
327
333
322
324
326
327
325
329
329
338
332
328
333
341
347
361
362
365
353
351
361
351
346
355
360
350
354
365
364
377
385
375
376
372
372
377
364
378
380
383
390
388
386
383
390
396
402
408
407
409
404
412
421
419
419
418
416
418
421
423
421
431
429
426
431
441
443
435
442
442
443
431
435
437
437
438
443
436
436
429
432
425
428
433
441
444
442
445
438
441
439
441
441
440
431
434
436
433
437
431
434
439
440
442
443
447
448
449
454
451
443
449
448
437
429
423
426
416
419
423
424
420
422
434
433
432
439
445
448
452
445
445
450
453
454
448
448
447
445
442
443
441
453
445
447
449
442
441
445
447
443
439
447
450
446
449
447
444
450
442
438
432
429
431
433
432
427
421
417
416
407
408
408
412
408
422
434
428
426
422
415
419
429
430
423
427
421
431
435
432
439
442
444
448
458
455
446
437
431
428
431
437
426
424
421
436
430
421
422
416
421
420
424
417
415
412
412
418
411
417
417
409
407
417
422
427
430
425
431
428
429
438
435
442
434
429
414
408
413
408
411
412
414
416
414
423
411
423
428
423
428
427
430
427
428
435
431
430
446
445
441
437
427
433
434
441
444
454
452
451
444
449
445
442
448
450
447
450
444
443
436
441
447
442
444
444
447
441
440
444
451
451
452
456
460
459
456
452
456
451
461
462
459
462
461
465
468
463
464
470
470
471
470
474
478
476
478
475
480
476
474
470
475
482
471
469
463
449
453
447
440
439
445
447
437
437
429
442
445
439
434
445
449
448
443
455
447
438
442
445
445
444
443
443
441
438
430
429
424
428
430
427
417
431
431
421
421
423
436
437
432
434
435
433
433
434
435
429
430
438
437
435
432
431
417
407
406
405
404
397
399
410
405
405
407
409
412
419
425
421
416
403
402
406
408
416
422
422
419
419
412
406
417
423
428
430
429
424
416
428
422
409
402
409
404
404
409
406
407
410
406
397
404
420
430
429
424
427
430
431
438
429
431
425
423
426
431
431
419
426
426
419
421
420
415
417
418
419
422
427
428
425
425
425
419
422
420
420
415
414
418
418
415
411
410
411
413
415
419
421
423
414
405
411
411
407
410
412
412
414
412
408
402
403
406
402
407
402
404
401
402
413
416
418
410
405
407
411
411
418
416
423
428
428
427
428
425
430
429
431
434
439
437
442
441
442
448
444
434
443
443
442
452
446
447
440
431
426
429
430
431
427
424
428
426
425
429
423
420
427
431
430
436
432
437
431
442
453
449
448
451
449
458
463
455
461
461
455
462
454
462
456
446
436
423
416
415
414
405
406
405
398
396
393
396
389
385
382
383
381
394
400
403
411
409
417
421
413
423
430
429
429
428
433
438
436
431
441
439
441
441
438
438
442
444
440
432
427
426
424
421
414
422
421
423
427
428
436
435
433
426
436
427
434
432
428
432
427
423
430
432
425
424
428
426
424
426
421
409
407
397
399
392
392
391
391
391
397
397
403
403
406
402
408
416
407
403
400
400
399
397
394
386
376
371
374
388
392
390
382
374
381
376
377
380
375
367
360
358
353
358
360
357
361
359
357
363
366
364
347
345
345
359
354
359
362
360
359
361
368
365
363
358
360
360
354
360
359
367
359
356
364
355
360
355
348
349
351
342
338
339
328
321
315
311
309
302
303
293
293
286
282
279
279
288
291
288
286
284
285
280
276
265
269
273
266
268
271
266
276
277
281
289
287
275
273
270
266
267
263
258
260
266
265
266
266
263
263
263
249
252
257
260
264
263
262
256
244
234
237
241
240
243
236
242
234
233
233
231
242
242
231
231
234
240
233
229
223
231
231
240
247
244
245
250
263
260
252
256
265
263
259
262
268
277
277
273
269
273
271
273
278
270
271
266
263
263
263
254
254
266
261
262
263
262
264
261
262
252
258
261
260
249
247
248
241
240
238
244
245
249
247
242
237
247
243
240
248
244
248
239
240
240
242
241
246
255
250
262
261
270
267
258
260
262
264
264
267
266
262
256
257
266
257
274
276
272
269
274
280
273
259
259
263
259
261
262
263
263
270
249
261
255
248
241
236
233
229
234
230
229
225
234
227
228
225
233
230
227
224
227
225
221
220
226
230
243
231
232
228
228
225
227
233
229
238
244
244
254
249
247
246
254
269
269
268
273
272
269
272
272
272
281
283
291
297
298
295
293
289
295
290
286
289
281
274
268
272
263
265
267
264
265
270
270
262
264
268
260
253
250
241
237
247
246
248
246
247
250
247
245
249
252
252
252
256
267
256
266
261
259
263
268
267
258
256
257
254
249
249
253
255
255
241
231
227
230
242
249
250
253
254
252
248
241
245
238
237
240
243
237
231
234
236
246
250
254
249
260
246
242
242
237
230
231
230
226
224
221
225
225
221
214
218
222
222
224
228
228
227
226
232
233
237
230
223
223
223
233
236
229
222
225
233
228
236
230
227
232
222
222
220
218
228
222
215
211
207
208
210
209
211
216
224
222
226
229
231
240
236
232
226
220
216
219
226
230
233
232
229
225
223
225
227
235
242
239
235
236
238
242
240
243
250
243
240
241
245
245
237
237
238
242
240
242
231
225
226
227
232
232
244
242
241
243
245
248
250
247
240
248
249
246
247
244
240
235
235
246
239
234
231
224
224
218
216
226
235
228
225
222
211
206
207
212
217
216
211
204
196
197
204
208
199
202
196
204
208
200
202
208
204
196
193
191
186
189
182
178
174
177
180
165
161
164
168
169
168
164
167
165
160
166
175
184
182
175
168
168
168
157
152
149
151
136
139
142
138
131
127
126
143
140
142
143
140
142
145
130
130
133
139
134
137
135
141
143
129
125
124
115
122
117
118
112
111
116
116
123
127
123
120
123
126
123
125
126
115
119
118
111
110
109
101
95
94
94
93
87
86
82
94
95
95
83
91
89
92
95
99
104
108
108
113
106
106
111
102
104
104
93
97
95
93
89
84
88
82
87
88
78
80
82
79
84
83
79
68
67
65
69
73
77
66
62
66
64
69
61
61
58
61
69
75
85
83
83
92
99
98
99
102
105
111
118
124
119
122
123
116
120
124
124
128
128
124
130
135
134
130
133
133
127
128
136
148
142
146
148
154
162
164
167
158
152
153
150
146
151
149
150
149
149
154
155
158
160
152
159
159
154
149
144
140
133
136
133
132
126
116
119
114
109
102
101
94
94
93
92
82
77
77
78
75
77
77
78
81
76
77
77
77
76
70
74
67
64
64
59
65
68
78
81
85
80
82
86
77
76
80
80
90
89
91
100
103
103
116
121
118
123
132
132
129
133
140
133
132
137
141
140
144
141
143
142
150
142
138
142
133
145
142
134
130
137
124
123
123
122
121
115
113
108
128
131
129
133
131
135
140
142
130
127
121
120
119
120
135
119
128
130
141
141
147
153
156
163
170
165
178
179
179
182
190
191
191
199
200
188
192
193
192
193
197
196
194
189
182
180
188
189
192
196
206
212
218
223
227
225
222
225
225
237
233
239
237
240
237
237
235
225
211
213
213
218
222
226
232
236
240
237
240
238
246
235
229
230
236
235
226
219
222
218
219
222
224
232
229
234
240
240
241
243
255
258
247
237
245
235
232
226
225
226
233
230
229
223
222
216
210
212
210
208
199
196
193
189
183
176
180
171
168
175
173
171
170
168
163
161
160
157
152
157
159
155
155
155
149
153
149
143
147
146
142
146
148
146
153
164
168
173
182
176
183
178
175
179
175
176
180
181
179
178
177
177
171
179
183
183
173
184
187
184
178
179
172
164
168
160
168
161
156
159
161
150
145
144
135
133
136
123
133
130
132
135
140
141
145
150
161
164
169
169
173
174
166
160
158
150
149
151
153
154
147
148
152
165
169
161
162
162
165
157
154
145
140
142
142
153
146
149
141
146
142
140
143
138
145
142
142
140
142
140
141
139
142
151
158
158
162
153
149
151
144
144
147
149
151
143
129
118
118
119
116
110
108
112
114
115
121
121
116
103
98
102
98
88
91
88
87
88
88
96
94
96
104
100
96
94
103
103
99
102
105
108
106
103
102
100
100
98
96
93
95
91
91
91
87
85
79
79
70
78
75
72
65
57
68
72
61
64
59
63
59
57
60
57
52
56
52
46
45
45
49
49
44
40
33
35
28
33
50
51
46
41
43
50
43
51
41
43
37
44
38
35
35
40
42
43
44
44
45
39
45
40
45
41
36
43
49
38
39
44
51
60
62
64
68
71
70
70
73
65
76
82
77
81
92
86
100
98
88
79
81
81
73
69
65
63
59
61
66
67
70
69
58
50
43
37
32
34
40
49
41
35
25
33
26
28
31
31
27
29
30
27
39
46
42
49
46
36
37
28
30
32
42
54
55
60
56
56
50
48
52
56
54
56
60
61
63
67
72
78
76
70
75
73
81
75
72
70
70
75
71
62
63
65
46
49
51
48
52
48
53
51
51
40
26
22
18
24
25
27
27
26
17
19
24
21
14
18
21
27
36
37
28
23
29
17
12
15
18
35
44
46
43
31
31
22
34
35
50
51
54
53
57
53
42
49
53
61
73
74
75
81
83
82
90
86
79
75
75
72
68
63
62
59
63
67
72
71
59
55
55
46
45
36
39
50
48
45
41
38
42
49
54
52
57
57
67
65
69
69
68
70
82
84
72
73
77
82
82
84
86
92
88
83
84
95
92
98
101
101
100
95
87
84
96
97
102
104
108
112
110
107
99
97
100
95
98
101
105
105
94
92
84
82
76
74
70
76
74
67
61
51
52
51
56
50
57
56
56
48
47
39
41
43
46
38
40
31
31
30
38
46
59
56
57
56
55
52
58
53
54
46
50
51
52
46
37
38
43
46
42
44
42
40
37
34
35
35
26
20
14
17
14
17
16
13
13
17
7
17
25
14
20
22
29
35
35
41
35
35
30
30
34
39
32
21
23
18
16
20
18
22
21
23
20
29
31
30
29
39
38
33
34
34
37
41
41
39
42
43
45
53
51
49
53
51
46
53
50
52
52
56
50
56
51
50
44
47
61
60
61
60
63
70
66
71
58
52
53
55
50
48
57
69
75
67
66
73
77
73
76
84
93
87
82
86
98
105
110
111
110
111
109
106
109
97
94
96
107
116
109
114
109
113
104
103
105
101
104
100
93
91
90
89
86
81
82
86
95
93
98
99
97
92
85
86
86
80
78
76
77
60
51
48
42
48
62
65
59
65
73
71
75
75
78
76
81
75
72
74
68
78
76
76
72
72
68
63
67
61
64
73
71
69
69
65
62
68
67
66
64
63
67
76
82
80
85
93
93
87
73
67
64
67
58
59
54
60
55
56
52
48
49
48
44
47
39
35
36
38
36
38
35
30
27
38
45
37
34
29
25
35
31
29
32
25
23
32
22
17
17
17
21
27
27
25
32
45
45
44
48
50
52
66
64
59
61
58
61
60
64
62
64
66
67
61
54
59
58
51
50
45
41
47
48
52
49
49
47
51
40
30
23
16
25
36
32
32
34
31
30
31
30
27
28
36
38
37
30
30
24
25
23
21
28
35
39
40
43
45
51
47
38
33
34
29
30
26
32
26
35
41
52
49
47
48
52
54
55
50
53
56
57
66
67
82
90
101
98
104
103
99
100
93
97
94
93
100
103
106
107
105
100
96
100
99
97
98
112
115
114
124
130
134
129
130
126
118
113
106
112
119
117
121
125
133
138
142
137
137
137
139
137
135
139
148
154
154
151
138
134
144
149
159
153
159
150
146
148
154
151
152
151
154
147
153
151
146
141
142
145
152
158
154
150
158
156
147
143
149
149
148
151
158
154
154
158
161
157
153
152
151
141
135
139
144
141
142
141
148
148
147
143
151
164
170
171
167
169
168
170
178
178
176
169
160
157
161
157
155
153
150
145
142
138
131
130
132
140
124
123
123
120
119
119
114
116
127
125
131
124
135
132
130
141
134
133
120
124
119
117
117
112
112
124
129
126
132
138
135
138
134
146
149
147
150
161
161
148
150
161
161
159
155
158
158
160
156
155
153
153
155
152
164
165
174
165
165
166
166
163
173
176
172
170
162
164
161
156
154
157
151
147
150
152
154
149
148
142
148
146
145
147
146
147
152
144
154
155
158
168
164
170
171
176
175
182
183
187
191
194
197
192
188
195
196
198
201
203
192
197
188
182
185
185
191
198
206
199
202
206
209
206
210
210
206
206
202
198
196
194
200
199
196
196
199
193
186
180
175
174
182
177
175
175
165
163
149
156
149
159
166
160
160
161
164
162
163
166
167
165
161
169
164
151
153
159
162
168
162
156
148
152
151
138
137
138
139
139
139
148
152
158
164
157
172
170
171
172
173
175
177
179
174
177
179
184
183
176
177
167
167
167
177
173
173
166
170
171
163
167
171
159
156
155
155
158
163
160
163
170
162
149
158
156
156
151
144
151
143
142
143
138
144
148
149
141
132
131
127
133
129
121
122
124
116
109
115
113
110
106
107
99
106
108
105
114
119
122
129
130
139
134
129
127
128
133
135
129
127
130
121
125
121
126
132
135
138
143
148
149
147
157
162
153
153
137
142
138
132
136
139
139
141
140
144
145
146
150
140
136
130
122
118
113
115
126
123
126
121
116
110
108
108
115
115
119
121
124
132
129
126
123
106
106
111
119
131
132
137
131
129
134
142
133
129
129
135
139
138
137
146
145
150
149
140
137
137
141
140
142
146
142
139
147
150
145
145
149
150
158
161
153
160
156
153
148
131
128
137
139
133
132
135
134
128
129
134
130
137
137
129
131
121
133
131
132
134
137
142
145
141
145
143
142
134
135
131
137
132
130
130
137
140
137
143
141
131
131
129
136
137
146
152
155
163
175
181
183
183
186
186
192
194
199
185
198
200
204
201
208
204
203
203
211
211
213
214
217
219
212
212
216
218
215
219
215
216
214
221
222
223
225
214
204
202
193
202
208
210
213
213
213
206
210
216
219
227
220
216
220
222
215
205
203
202
206
199
206
204
206
208
204
202
204
205
205
195
198
198
200
204
204
203
204
205
209
211
199
195
194
196
199
197
199
194
196
209
210
220
217
209
214
220
217
221
224
221
220
225
221
225
219
221
222
224
223
227
227
239
233
235
244
238
236
235
227
229
226
232
239
248
254
254
251
246
241
243
236
230
231
231
233
238
236
233
231
237
251
253
268
268
277
276
271
271
277
281
279
293
276
284
280
274
287
281
284
284
289
287
281
277
272
265
260
262
264
263
269
278
278
266
265
265
268
272
273
273
277
280
278
277
272
260
264
256
257
250
247
257
253
260
251
246
233
233
224
222
220
222
224
227
230
236
240
239
243
233
230
231
230
226
227
231
221
219
222
225
231
236
235
237
237
229
221
215
213
219
223
224
223
226
224
224
229
235
237
240
239
231
226
233
235
223
230
220
216
213
221
226
227
226
226
232
241
229
233
241
230
226
219
218
221
225
222
229
231
232
227
218
208
208
203
207
208
208
202
209
210
210
208
206
206
215
212
214
219
223
229
227
224
215
216
208
205
209
211
205
203
203
201
204
210
208
203
197
185
183
177
177
168
164
170
171
178
176
179
183
195
198
194
197
196
196
208
194
200
194
204
215
216
216
232
232
236
223
229
235
238
240
246
244
241
240
235
231
221
218
221
226
219
220
212
213
209
207
216
222
223
222
226
223
224
220
224
221
222
227
222
219
208
213
205
207
213
210
206
206
198
205
208
215
215
209
207
208
205
204
191
198
200
197
196
198
204
207
212
216
217
223
222
216
217
207
214
209
212
218
218
219
222
232
228
217
214
209
215
213
215
214
217
211
208
216
214
224
222
220
213
219
218
221
215
207
204
206
218
211
207
205
195
197
194
195
187
185
186
190
187
190
197
198
200
191
192
197
194
203
201
199
193
190
188
180
175
166
167
166
170
164
164
162
160
157
165
161
157
164
162
161
160
161
158
162
173
174
175
179
178
168
161
165
159
163
164
167
162
163
166
171
177
163
158
156
153
151
154
150
144
147
150
147
