0
15
8
15
10
17
12
14
18
14
15
14
12
15
22
20
28
31
30
29
31
24
16
20
22
25
27
35
39
41
46
41
44
42
37
48
51
45
45
38
36
33
40
41
39
44
45
41
41
38
32
35
38
40
35
26
25
22
23
18
19
15
16
22
15
19
19
28
39
32
42
42
38
42
35
41
45
47
51
58
49
56
51
44
45
49
54
41
35
38
37
38
49
54
53
49
54
60
57
60
60
47
40
34
26
28
24
23
22
36
33
25
20
17
26
32
27
32
43
45
44
53
51
54
56
48
52
53
58
49
54
56
56
54
51
57
55
52
50
46
40
49
58
55
62
69
72
71
69
70
70
71
63
64
63
61
60
67
64
60
65
63
75
79
88
84
88
90
91
89
92
97
99
97
93
96
90
90
88
85
84
87
77
92
87
77
74
67
65
67
60
57
55
52
56
40
48
47
47
42
46
53
66
66
60
52
48
51
54
51
56
38
32
32
38
38
43
42
39
48
51
48
45
46
45
45
37
38
42
44
46
40
41
45
42
40
38
46
46
54
46
60
57
51
48
47
45
46
42
36
33
37
29
24
24
34
38
40
38
30
38
31
31
23
18
17
14
17
16
19
22
15
7
15
19
18
30
26
22
16
13
24
25
25
32
32
21
20
14
9
12
20
25
29
34
39
39
43
47
39
30
37
38
39
48
58
51
46
42
41
39
40
45
41
46
41
37
32
32
42
47
44
39
45
41
39
32
36
35
41
46
47
48
54
50
54
59
66
72
68
67
76
92
108
110
109
109
107
104
104
103
101
114
115
106
112
109
120
133
142
143
134
138
140
149
154
147
145
149
149
151
161
153
157
157
142
132
124
128
130
130
141
134
141
129
131
136
131
125
124
131
146
146
153
144
154
155
151
155
150
159
158
151
164
163
170
175
181
175
166
162
160
155
153
146
149
153
163
160
164
166
166
168
165
163
153
144
159
168
165
168
166
171
172
159
154
153
148
157
162
170
158
163
156
159
159
164
157
154
149
157
154
146
145
149
145
139
143
147
152
149
147
145
137
131
118
115
98
93
89
88
80
78
70
65
76
78
76
76
70
68
72
72
77
73
65
58
48
50
54
47
50
39
41
40
38
40
48
41
41
46
49
51
47
39
42
44
47
42
48
48
47
43
43
38
28
28
25
29
28
20
10
11
13
23
24
19
23
24
28
19
14
19
11
13
16
17
15
16
23
20
19
26
29
27
23
30
21
23
28
44
55
50
52
45
45
42
32
31
35
22
18
21
22
25
33
26
32
22
18
18
15
18
22
19
22
15
15
9
19
13
12
22
17
12
28
27
27
25
34
41
38
49
57
51
48
52
53
44
47
56
58
71
81
85
81
85
85
92
86
67
63
64
63
63
69
68
78
75
65
61
56
62
61
51
53
54
56
55
68
68
70
59
59
60
52
57
59
60
69
71
70
69
70
73
78
75
75
76
68
78
71
71
73
78
76
83
74
83
85
71
69
67
62
54
66
63
57
63
63
68
68
66
66
61
70
75
77
81
76
68
73
68
67
60
67
65
68
73
74
80
80
85
91
86
88
84
78
82
86
84
85
84
84
85
84
78
79
74
67
67
77
84
84
85
75
74
70
77
68
68
75
71
68
82
79
79
79
81
77
71
77
81
80
82
85
85
84
81
73
66
64
61
60
68
67
74
71
72
72
71
67
63
59
64
61
66
69
68
70
67
61
68
71
66
56
49
62
63
67
76
79
86
84
82
75
75
78
90
90
94
99
111
116
114
118
125
125
123
125
115
114
116
116
119
117
122
120
126
129
129
126
125
125
130
129
134
128
132
129
128
136
136
130
127
115
110
110
108
109
109
112
113
110
114
110
113
115
122
125
123
123
123
123
118
116
115
112
112
116
122
114
110
115
113
113
121
116
120
113
113
107
108
117
113
109
103
105
107
103
108
112
106
105
103
103
104
112
114
111
111
109
101
112
112
114
113
114
113
113
117
118
126
124
119
116
109
105
113
113
116
122
121
126
120
125
116
120
121
130
122
122
124
118
118
123
119
111
104
89
82
81
77
72
74
74
80
79
80
75
78
74
83
80
80
87
103
110
109
110
109
111
103
110
109
103
95
86
89
91
86
98
95
100
98
95
105
105
97
91
81
81
84
77
76
75
72
61
70
66
73
74
81
71
75
71
61
59
62
61
58
61
63
65
63
64
51
53
47
48
43
37
42
45
35
35
48
48
50
52
54
53
53
44
41
41
36
39
28
26
17
12
17
25
24
32
27
34
32
36
44
46
40
44
40
38
32
34
40
47
46
47
46
50
53
51
57
62
62
67
70
72
73
81
80
88
91
90
92
94
89
94
104
100
106
108
110
117
120
119
116
116
117
126
124
115
112
107
103
102
104
99
103
106
112
113
104
94
101
103
98
97
93
93
102
100
105
105
110
119
125
133
133
137
137
133
133
129
127
126
118
112
111
113
112
103
106
105
112
114
119
122
126
122
120
131
127
124
117
99
98
88
87
74
74
70
68
62
59
47
49
60
55
59
54
57
65
68
66
79
89
85
89
82
81
83
83
90
85
90
97
98
97
88
93
94
99
90
82
78
82
80
83
83
88
92
91
85
83
79
79
84
80
82
83
89
94
95
99
98
104
99
83
79
77
78
87
92
95
102
101
99
96
93
98
104
108
109
114
113
115
114
122
119
117
126
124
119
110
101
98
96
99
99
100
107
104
108
110
109
113
115
107
99
105
107
118
120
115
112
117
119
132
122
118
123
125
123
121
116
124
125
124
122
121
112
109
111
108
103
105
108
114
120
115
115
125
126
129
138
145
137
141
145
134
125
128
123
126
120
118
120
120
121
126
121
115
118
129
127
129
117
115
122
127
136
130
134
136
137
136
130
132
132
131
130
131
132
131
139
137
127
114
116
110
116
122
117
113
117
116
115
115
120
117
113
107
99
91
86
83
80
83
81
78
83
80
77
71
69
74
69
56
47
52
54
60
65
53
57
64
68
73
67
69
73
70
65
72
73
67
70
78
80
88
87
88
98
94
102
90
89
97
90
91
91
87
87
87
90
86
82
77
83
77
76
84
85
84
72
72
76
81
77
67
74
76
80
91
92
88
94
85
91
102
95
108
115
112
113
106
103
100
90
89
83
89
90
92
98
94
99
102
95
81
87
81
78
63
56
56
56
59
58
61
69
64
65
72
72
80
84
74
78
75
68
75
82
74
76
79
84
77
72
79
82
77
75
79
73
81
97
102
104
113
112
112
114
114
127
135
135
124
132
132
145
143
150
144
144
150
151
144
146
147
156
157
161
159
168
173
171
165
170
166
164
164
164
157
154
154
152
161
168
164
165
168
167
172
172
173
179
176
172
163
165
165
172
177
180
170
177
173
179
173
174
164
161
164
155
158
171
167
159
162
158
153
155
152
148
144
139
129
120
127
125
128
125
121
120
121
117
114
114
110
109
118
116
112
100
98
86
86
86
81
84
79
73
69
57
49
49
46
49
38
36
34
28
25
14
17
13
17
19
14
17
11
16
16
19
25
34
39
40
39
39
34
29
28
15
19
21
10
15
13
9
17
26
27
19
25
34
36
36
41
30
31
25
26
20
22
25
29
31
34
41
42
43
36
44
42
31
33
27
24
25
27
22
24
29
41
42
48
46
45
46
39
37
37
34
34
36
35
29
33
38
43
43
46
53
54
52
51
57
54
56
50
48
42
40
34
26
28
28
25
24
26
29
17
15
15
20
16
20
14
17
9
16
17
12
13
14
12
27
37
30
22
18
17
16
13
20
23
16
18
21
19
16
22
21
31
25
20
27
31
27
31
40
47
45
47
57
51
48
47
42
42
36
45
48
51
46
48
56
54
53
56
60
66
67
69
61
56
49
48
39
38
44
45
38
31
40
40
32
31
31
35
42
56
49
48
38
33
27
26
27
23
28
26
20
26
25
25
19
18
20
14
18
21
24
10
22
24
19
21
30
37
36
37
33
32
37
41
30
32
26
26
26
30
34
24
22
21
10
16
17
13
23
28
34
44
40
29
40
38
48
48
53
51
57
49
55
44
52
50
48
52
57
62
61
68
57
55
55
61
62
66
73
69
72
70
70
73
72
67
66
75
79
76
82
87
80
63
64
76
82
78
70
73
75
71
73
59
50
53
60
64
78
83
89
89
96
101
102
93
90
88
85
81
78
75
67
68
67
69
67
72
74
72
72
75
81
79
67
58
55
50
35
36
36
37
42
45
42
38
38
26
18
24
27
27
29
29
37
35
46
56
57
53
55
70
71
66
73
77
86
97
93
94
92
86
98
99
96
95
97
108
111
104
106
93
106
98
94
98
105
101
107
109
109
103
112
112
104
105
95
96
95
86
91
94
90
92
88
90
88
89
88
99
106
103
103
107
107
108
98
94
96
87
93
97
97
91
86
89
92
93
91
92
90
86
86
82
76
76
72
74
70
73
78
76
84
91
90
87
95
87
89
94
94
91
88
93
96
94
100
102
106
111
118
115
122
131
127
122
126
130
127
126
120
114
112
113
113
118
118
121
126
126
126
125
133
137
141
131
122
125
120
107
107
100
98
103
96
97
94
89
90
90
89
88
83
80
83
85
83
86
94
95
101
102
105
99
91
86
78
80
85
79
80
83
93
96
95
99
94
107
108
108
101
96
92
95
93
101
102
111
116
118
124
135
142
142
148
157
153
149
144
148
152
151
157
154
154
148
139
144
145
140
142
130
125
126
129
136
135
135
142
133
123
121
111
104
93
95
93
84
75
69
75
72
69
78
83
92
84
87
76
80
67
62
65
65
62
62
62
59
57
56
58
52
58
55
54
54
54
52
51
39
30
21
23
24
23
24
27
34
31
30
27
30
24
30
43
46
53
47
45
43
47
45
44
40
47
54
50
38
40
37
36
38
43
43
31
25
11
14
11
16
17
16
17
18
15
28
25
32
27
25
18
29
29
27
25
23
20
18
26
24
34
32
24
16
16
16
10
16
18
23
28
32
36
35
34
27
25
20
22
18
13
8
13
15
14
15
13
18
14
25
33
34
34
26
18
16
13
11
20
18
13
18
10
14
11
11
9
16
18
25
31
36
38
45
47
58
55
56
61
48
47
46
47
42
45
49
49
51
41
34
36
37
34
33
33
28
25
25
16
20
28
30
39
41
41
49
56
54
65
72
74
82
83
86
94
91
89
88
93
92
94
99
96
96
88
72
68
68
69
73
69
79
78
75
79
88
83
80
70
77
75
72
73
72
73
76
88
90
86
82
75
82
78
75
73
67
62
72
73
74
77
72
72
71
68
62
59
56
49
59
67
70
72
68
72
68
64
65
68
75
80
84
85
80
86
90
90
87
90
89
79
73
71
72
74
70
79
79
81
83
85
90
99
95
91
93
89
97
92
93
84
86
85
85
80
81
69
64
71
67
69
64
63
49
40
44
39
43
45
43
47
48
45
44
44
52
55
51
40
34
26
21
21
17
18
18
35
27
36
39
37
35
41
50
61
59
69
73
74
71
71
75
69
67
75
72
65
64
61
59
53
47
49
53
51
46
53
49
51
48
42
40
38
40
45
41
46
47
60
63
63
52
51
43
43
45
45
48
42
48
41
36
37
38
39
41
38
33
41
41
43
31
26
27
34
30
37
40
44
50
46
48
54
59
70
60
55
57
64
67
64
66
70
71
75
75
79
81
85
91
101
101
108
110
116
128
118
124
135
128
134
140
140
148
148
150
151
149
151
166
162
158
152
150
153
162
159
158
162
157
165
166
163
152
151
146
157
150
146
144
142
137
138
141
138
149
153
151
145
140
141
147
151
150
139
141
134
141
125
124
131
136
135
136
144
141
144
144
139
142
144
137
138
148
154
155
147
150
149
154
163
164
164
156
152
153
149
151
149
157
145
142
140
138
142
147
147
162
161
165
172
173
179
179
184
188
180
179
175
178
175
178
176
180
183
182
176
182
178
174
178
174
178
180
171
162
156
157
153
162
156
162
159
151
150
152
153
151
153
158
157
159
167
171
176
164
166
177
176
186
194
198
199
194
190
191
191
180
180
192
186
191
189
190
189
193
199
197
207
214
213
223
225
227
226
224
224
232
229
219
220
220
218
220
219
222
215
209
209
204
196
195
197
189
192
191
192
188
199
199
201
202
208
209
207
208
214
211
214
214
216
214
223
229
222
224
215
212
208
197
200
197
198
201
207
205
211
207
195
187
191
195
198
199
198
194
185
191
188
194
197
195
190
195
189
179
180
178
175
175
177
184
174
174
175
176
169
162
164
158
164
151
154
161
156
161
170
159
151
151
156
162
157
149
158
161
163
166
166
168
176
176
176
176
183
181
174
168
166
171
172
178
172
169
172
172
172
173
174
177
168
160
151
149
155
156
150
151
152
144
145
142
141
142
142
144
141
144
142
137
134
138
137
131
127
125
127
129
131
126
121
124
127
125
119
111
118
120
122
119
116
120
126
119
118
119
128
124
121
122
136
141
140
143
154
158
157
153
160
162
165
159
165
154
154
150
153
150
153
150
152
156
146
145
144
142
148
146
142
137
131
144
136
132
125
118
112
120
123
128
129
133
135
122
130
143
132
130
139
137
137
134
139
145
145
153
155
150
139
141
145
148
151
149
147
141
134
141
142
136
133
130
130
131
133
132
125
127
125
128
133
130
128
133
137
136
140
140
134
138
131
126
128
123
125
124
122
130
123
116
119
124
120
115
114
133
122
127
128
126
130
137
140
142
153
158
160
167
168
170
167
160
161
171
166
151
151
147
147
150
147
145
145
151
156
160
162
161
160
160
164
166
163
162
158
153
147
148
154
148
143
141
136
131
128
139
147
144
146
145
148
147
154
165
168
165
159
156
156
155
161
166
163
168
163
155
159
155
151
145
148
154
166
169
160
157
159
159
159
157
156
155
164
166
161
158
161
160
161
165
174
172
167
169
170
167
166
171
162
164
163
166
173
160
168
172
178
177
184
187
186
183
186
188
191
176
171
173
175
178
192
190
191
199
202
210
207
209
213
205
204
197
194
198
196
200
197
190
195
199
196
201
198
196
196
187
182
179
176
176
168
167
175
175
177
180
183
193
193
187
189
188
186
184
187
192
198
192
188
198
199
199
201
196
201
206
210
206
216
219
225
224
217
218
228
229
240
235
222
226
231
226
225
223
206
211
219
217
210
209
200
199
197
195
195
198
193
192
186
181
186
185
184
183
180
183
188
191
200
205
202
207
218
225
218
214
211
208
202
201
203
195
189
193
195
192
195
190
192
198
198
202
204
202
202
203
205
209
214
197
202
204
207
211
220
213
207
195
197
207
209
210
214
212
214
206
210
202
199
205
205
209
205
206
211
210
212
209
207
200
201
198
186
181
190
183
183
185
190
187
199
199
203
197
198
194
198
201
209
202
207
210
209
215
221
215
215
209
208
209
205
207
202
203
209
220
217
219
201
204
194
195
200
192
184
187
186
184
179
188
192
195
191
185
188
192
194
199
198
194
196
191
178
178
183
189
195
200
200
200
200
199
193
188
184
181
186
187
185
182
186
188
180
190
181
195
199
195
192
190
197
195
191
186
187
190
181
181
172
175
179
191
208
208
218
211
210
203
205
201
206
202
200
195
193
192
191
184
193
193
184
176
173
173
168
165
176
178
180
181
184
179
178
171
169
172
172
168
159
160
152
150
150
154
148
152
155
155
160
158
154
153
160
159
156
159
157
153
146
145
138
137
131
131
127
138
136
140
139
141
134
139
136
131
124
129
127
121
116
120
122
113
112
115
124
131
124
122
127
125
131
138
136
137
132
131
139
123
128
128
137
140
145
153
146
143
136
135
137
143
143
145
140
135
142
142
149
152
149
142
143
137
141
139
144
155
158
149
149
148
144
143
140
138
139
142
136
137
141
144
150
152
153
156
153
146
149
146
151
146
144
151
152
151
148
151
155
156
158
160
159
154
161
163
167
167
166
169
174
179
171
175
182
180
188
189
195
206
203
210
203
201
199
210
212
210
219
215
211
206
198
196
204
201
199
210
205
208
221
229
227
224
229
230
223
235
234
241
236
239
240
246
252
244
245
244
249
249
252
254
257
263
258
258
261
253
250
246
252
252
257
251
254
256
253
254
257
252
253
248
245
246
244
249
251
244
234
238
243
244
239
236
232
222
229
238
228
224
224
219
229
229
233
233
243
252
249
256
264
265
262
250
247
246
248
246
247
252
248
251
250
248
239
241
246
252
256
267
266
262
266
265
265
263
250
247
240
242
238
237
235
240
241
244
246
242
240
238
239
239
241
252
253
255
255
271
268
270
270
267
261
249
247
257
256
251
237
235
226
231
223
227
229
240
230
226
223
223
230
221
215
205
210
203
203
208
204
215
215
217
220
217
221
223
227
230
229
233
225
228
218
222
224
228
229
235
230
233
238
238
230
228
226
231
216
220
229
232
233
238
232
230
235
236
246
253
259
267
268
280
284
297
302
302
297
298
297
303
303
307
305
299
292
292
281
275
277
273
282
287
280
279
275
282
297
288
289
291
294
304
312
315
314
312
319
322
320
324
324
320
316
310
314
314
324
320
318
319
318
311
313
314
313
323
316
319
318
312
314
313
318
313
314
307
302
303
305
306
310
306
299
310
309
302
307
306
307
304
307
306
308
312
313
307
303
294
294
290
283
277
277
270
276
289
285
287
282
277
271
272
260
262
250
251
253
252
252
245
242
242
246
250
238
234
237
246
252
265
259
266
270
268
276
272
281
274
285
278
282
292
293
290
290
289
284
284
286
289
288
294
297
293
291
295
296
304
300
307
307
307
307
307
301
297
293
295
299
298
296
311
314
315
314
310
311
307
305
304
305
304
311
306
300
300
297
305
308
305
303
303
302
303
298
303
298
295
295
297
297
292
292
287
286
290
283
277
278
275
278
270
271
273
271
277
271
279
277
271
270
278
274
278
287
292
293
286
285
288
276
283
286
286
285
283
281
286
296
300
293
299
298
299
302
290
291
290
278
285
275
268
269
265
257
252
241
239
238
246
251
257
257
265
266
260
258
252
257
245
249
245
239
241
243
238
241
238
231
227
233
240
240
237
238
235
234
235
231
230
236
228
230
232
229
222
219
220
220
218
222
225
229
218
221
206
212
208
209
211
202
198
204
205
199
199
202
203
202
197
193
190
200
204
206
210
218
221
203
204
211
214
208
208
213
210
206
212
214
213
211
210
219
215
212
228
226
232
241
246
245
260
259
265
255
259
262
265
268
267
254
258
256
252
261
262
258
265
271
272
268
268
274
267
269
267
273
271
283
277
282
284
289
297
302
301
288
294
294
294
298
294
288
284
281
279
283
285
291
295
288
282
278
274
265
261
262
263
260
254
248
245
240
234
231
232
229
229
229
225
225
231
234
232
230
226
236
243
242
248
249
249
242
243
239
239
239
238
246
248
252
261
261
264
272
268
273
277
277
280
273
271
275
283
279
278
281
282
273
271
267
261
261
264
266
265
265
257
253
239
242
245
241
243
240
243
244
243
241
233
237
244
239
233
232
237
246
249
250
251
246
246
235
239
242
244
237
230
237
239
235
236
245
239
234
228
215
221
217
219
219
215
212
215
216
211
210
215
216
210
210
205
214
217
216
210
223
227
227
215
210
213
207
224
236
226
236
240
237
236
233
235
232
239
243
238
237
237
233
237
238
235
235
237
231
233
235
239
242
239
230
240
237
242
234
234
241
240
242
253
246
252
250
248
250
252
254
243
237
237
238
236
237
229
231
233
230
237
241
236
246
241
243
250
257
254
253
255
264
267
267
257
258
252
258
253
255
257
255
256
250
254
249
252
263
253
258
257
255
251
255
258
270
270
267
277
284
290
294
297
299
304
305
306
310
308
303
312
301
299
296
295
287
283
293
286
289
287
288
290
295
295
289
297
296
288
288
284
277
278
279
282
287
294
299
293
296
285
289
292
285
282
283
287
290
292
297
296
300
309
314
318
320
312
311
308
315
311
306
296
300
309
312
324
318
318
315
320
315
311
299
298
300
309
307
310
326
327
318
318
316
313
309
302
297
299
294
290
280
287
282
274
273
278
281
281
272
277
268
279
278
279
270
280
279
281
278
286
285
287
295
298
295
303
307
312
310
312
321
326
321
315
308
311
317
317
318
315
319
320
314
307
313
314
318
313
312
316
320
319
314
320
323
320
316
316
321
320
317
313
312
316
315
314
309
306
304
295
289
286
284
288
286
285
290
291
289
290
293
298
296
295
297
287
281
274
263
259
274
280
270
271
269
271
285
288
294
301
298
301
300
299
304
308
301
300
294
296
295
298
296
298
299
297
293
302
304
297
296
286
288
287
285
281
284
287
288
276
278
284
289
285
290
289
282
281
288
289
286
293
303
295
290
292
292
289
283
279
282
287
285
282
292
284
291
286
286
281
278
280
281
281
282
282
277
273
272
272
273
278
272
272
266
264
261
261
256
254
247
246
241
240
239
235
236
239
243
236
239
236
232
231
220
218
214
206
208
204
190
185
186
187
198
208
220
212
205
203
200
208
206
200
197
200
191
185
181
179
186
197
196
204
202
204
203
193
193
196
200
194
185
189
194
199
204
206
194
201
202
192
189
186
182
167
168
173
171
183
182
179
178
175
176
178
182
179
165
165
168
177
167
165
166
157
163
161
166
158
164
164
162
164
172
172
171
179
188
190
190
184
179
181
183
174
178
185
185
187
184
188
188
193
204
206
210
213
219
223
221
221
215
224
237
233
240
241
250
257
254
246
250
257
247
252
256
265
272
284
283
277
272
277
276
278
270
270
279
284
281
292
294
284
284
283
291
297
292
296
293
292
293
288
299
307
303
300
301
310
306
303
307
300
308
309
313
317
325
329
323
327
318
320
327
330
335
332
326
330
330
339
335
329
314
312
313
316
316
315
319
316
313
309
303
300
294
292
293
297
300
301
303
305
303
299
297
295
295
299
297
297
291
291
294
295
299
307
315
312
310
307
298
297
299
304
311
314
317
311
323
325
316
313
310
314
320
327
324
320
323
318
326
336
333
323
321
323
325
314
314
320
320
318
321
318
323
327
316
319
322
314
317
322
322
318
322
334
331
327
329
329
336
340
335
329
330
330
322
320
331
333
333
330
339
336
339
335
331
328
323
328
331
328
325
336
329
331
326
328
337
338
333
329
332
338
349
349
348
347
343
342
344
341
338
340
330
335
332
334
334
332
336
341
344
350
348
346
353
357
358
361
367
359
357
356
349
342
336
336
334
331
329
327
326
326
317
318
320
323
316
315
310
307
314
317
324
328
332
334
333
340
345
340
336
334
334
326
327
328
323
326
328
333
322
321
325
328
321
329
332
330
334
336
345
348
347
337
339
335
341
350
339
335
332
338
343
340
349
354
358
356
356
360
362
358
356
362
366
369
367
363
367
372
372
368
364
359
365
361
364
374
369
371
370
376
374
384
378
374
381
386
391
388
384
376
367
364
366
375
374
372
373
376
378
370
368
371
374
375
381
379
385
390
382
384
388
384
380
377
383
382
383
391
385
383
382
380
369
369
371
372
379
383
385
381
391
403
413
411
408
404
400
411
409
406
405
406
402
404
403
410
405
403
414
416
427
424
429
430
426
419
419
422
431
428
437
429
433
438
441
438
439
429
433
438
421
420
430
435
430
422
416
422
419
410
409
408
405
392
397
399
402
406
413
410
411
419
427
424
428
429
433
434
433
425
426
428
439
445
437
440
439
438
432
428
430
438
430
444
447
460
470
473
460
454
456
466
472
465
459
450
454
463
462
458
462
466
469
475
479
476
474
474
479
477
473
465
463
458
464
460
469
472
479
492
498
494
490
486
479
485
487
487
489
482
480
481
481
494
507
507
507
498
499
493
486
480
470
479
479
479
479
473
473
474
476
474
464
470
471
474
467
458
468
459
458
464
463
466
460
465
461
447
442
436
441
444
444
441
446
439
444
443
436
437
443
444
450
458
461
463
479
488
487
485
487
482
490
487
493
503
507
504
504
496
496
490
488
492
493
490
488
492
491
494
494
493
496
498
503
505
513
518
519
522
516
518
526
520
523
516
520
521
520
518
503
505
496
495
494
508
506
506
514
507
512
509
508
518
519
517
512
514
511
510
516
512
514
522
520
521
520
517
511
505
499
492
485
479
487
490
491
488
494
491
491
503
502
498
504
507
508
510
500
508
505
495
497
497
503
501
507
501
496
503
500
503
503
513
520
514
516
511
516
517
520
520
523
520
520
523
525
520
523
522
509
516
517
518
518
513
506
506
499
496
491
491
493
481
486
479
476
474
472
476
485
499
507
498
498
496
499
505
502
504
501
502
504
511
507
502
506
509
506
505
505
502
507
510
510
510
517
510
518
524
525
525
529
522
521
528
532
534
532
537
537
540
538
536
534
526
523
526
520
522
520
534
524
532
545
542
545
546
541
539
539
525
522
524
520
518
511
508
510
516
512
509
511
511
504
508
499
501
496
497
493
491
492
494
496
494
497
503
505
502
513
513
510
514
514
511
504
503
492
488
488
478
469
462
463
465
462
462
461
454
453
457
453
452
446
447
451
454
448
451
448
458
453
450
446
456
457
460
463
457
457
453
453
457
468
468
469
474
475
475
472
468
464
460
461
465
466
464
470
467
465
474
484
483
487
484
486
493
483
477
492
484
479
472
479
479
490
495
503
505
505
504
502
495
498
495
495
494
497
500
498
490
494
487
483
489
488
487
484
494
493
496
495
499
500
493
501
494
501
497
497
500
495
498
500
494
500
501
503
500
500
491
486
491
475
472
478
482
483
482
483
475
476
475
467
460
465
461
463
464
454
451
458
453
446
446
440
437
439
436
440
441
447
442
446
454
452
455
456
462
469
466
466
473
474
468
470
470
482
482
478
476
470
472
471
472
474
471
466
461
468
469
472
472
479
479
486
488
486
484
487
502
501
496
487
488
489
487
486
476
475
468
469
474
474
489
489
482
476
469
462
471
473
477
472
471
469
477
481
478
483
484
485
482
479
487
493
482
483
479
482
480
470
470
477
478
476
478
489
480
489
486
480
482
486
490
489
490
493
502
507
501
498
500
502
506
513
523
528
527
529
533
541
547
548
547
542
536
532
537
541
536
535
535
536
531
532
533
535
528
533
542
537
538
545
547
555
549
552
558
553
541
540
544
542
557
547
543
537
548
549
542
539
540
535
540
539
534
528
533
533
533
530
530
526
517
522
525
531
541
540
541
539
536
550
539
542
543
533
540
540
540
537
537
538
542
542
540
541
544
549
551
556
555
551
555
560
563
562
567
576
580
590
582
583
579
573
565
564
571
564
556
562
557
545
550
553
551
549
539
544
548
544
539
531
534
532
526
525
524
528
532
534
532
531
532
531
532
532
535
526
519
513
522
517
520
525
522
522
523
514
518
518
516
524
522
525
520
511
510
507
513
521
524
524
523
521
524
517
519
511
504
496
496
492
484
494
490
488
488
489
485
489
487
490
492
489
488
497
505
513
518
514
508
504
501
503
505
504
510
506
511
510
514
512
512
512
515
513
503
500
514
520
525
524
523
521
529
530
533
532
531
530
526
535
536
532
523
524
529
520
516
509
506
507
501
502
492
486
473
472
472
480
483
477
488
488
496
502
497
490
488
499
504
499
504
491
495
503
508
515
522
523
514
511
511
516
515
510
507
506
510
504
505
510
509
508
507
500
501
502
505
504
506
507
507
507
507
501
499
497
499
490
480
477
470
481
488
496
496
497
501
498
492
492
501
498
499
495
501
501
490
492
498
501
510
514
516
526
531
527
524
515
502
506
506
502
508
509
506
499
501
503
513
517
515
519
516
526
521
529
520
523
521
518
522
515
513
507
508
504
503
514
506
507
506
505
514
516
518
514
511
513
517
517
515
521
524
522
525
519
516
516
516
518
521
525
520
516
525
526
518
512
512
523
518
510
515
516
510
513
517
513
529
527
525
524
526
530
524
534
533
527
531
540
545
545
552
552
554
549
549
550
549
557
563
545
561
562
557
557
553
553
554
553
547
548
544
546
531
527
526
524
524
523
515
514
508
506
503
502
501
493
492
489
490
498
502
497
491
486
490
483
476
474
466
462
457
457
456
460
460
458
447
454
454
463
460
466
459
460
462
466
466
461
461
460
452
447
456
457
464
462
469
460
468
470
471
470
463
464
459
463
468
471
484
484
480
469
479
483
476
466
460
458
461
466
457
469
466
462
458
458
461
470
469
477
482
484
484
489
484
480
484
480
478
473
484
492
492
496
506
512
503
500
509
511
514
524
532
534
544
541
542
550
559
566
563
560
558
551
551
546
529
530
532
532
536
537
545
545
554
559
558
567
568
568
557
551
556
554
554
558
557
566
571
571
572
584
583
576
575
583
577
579
579
582
584
575
574
574
577
581
586
592
585
589
586
586
586
587
579
580
584
583
586
595
585
588
592
589
584
585
588
582
587
583
585
589
592
593
594
594
594
587
586
588
586
582
580
573
563
561
563
568
577
575
576
575
578
571
563
559
552
538
537
540
537
533
532
526
528
526
530
529
527
528
529
524
528
532
532
531
519
530
537
540
538
541
547
544
555
554
552
549
554
560
561
565
560
564
564
556
566
562
568
584
596
588
590
573
580
579
575
564
573
573
577
576
582
578
580
591
588
593
587
594
592
590
591
584
590
591
582
587
596
594
596
600
597
604
611
609
609
611
597
607
604
601
602
598
607
614
615
613
601
600
600
612
606
605
593
588
591
587
591
596
586
575
583
583
576
570
568
575
576
570
573
584
586
594
597
589
589
598
600
600
604
607
604
611
618
617
618
595
587
578
573
565
573
577
574
587
581
585
584
578
577
577
579
575
577
581
580
575
581
575
583
576
575
575
592
594
597
594
590
597
596
598
599
592
599
607
608
611
616
613
613
615
605
608
607
599
608
616
616
614
613
601
591
578
581
581
589
599
588
588
587
588
595
591
588
602
600
601
600
603
604
607
614
610
607
597
600
597
588
594
589
594
596
595
590
591
593
598
606
598
605
595
594
602
605
608
603
605
603
607
607
604
601
598
594
604
610
606
608
612
608
611
617
610
618
617
624
616
610
610
617
617
623
623
613
614
626
637
650
642
641
644
648
644
643
651
647
650
647
637
638
632
632
630
630
630
631
632
626
623
615
615
621
621
626
626
640
634
632
634
638
635
640
640
642
640
641
641
639
639
637
638
635
639
641
653
659
657
657
654
665
665
668
664
647
653
653
655
647
642
634
635
639
625
624
627
633
633
630
627
623
628
631
630
625
620
632
642
650
654
649
647
651
647
650
651
658
665
666
676
686
688
687
689
681
684
690
681
685
673
685
684
675
668
668
666
671
685
680
685
687
689
684
681
685
687
695
701
714
703
699
705
701
716
720
722
722
717
717
716
717
715
716
724
720
721
716
717
718
718
715
714
713
707
709
705
703
697
695
699
700
698
688
687
690
698
697
691
690
691
683
685
690
695
692
684
671
673
666
663
667
671
668
672
667
659
660
660
667
664
659
661
657
664
674
672
667
679
669
666
661
673
676
677
676
676
678
668
681
679
682
685
685
688
693
690
686
689
683
691
698
701
693
695
695
701
697
696
696
688
681
677
672
668
658
669
662
661
648
650
655
656
657
651
657
656
659
666
664
669
675
674
672
674
676
675
687
684
680
672
670
673
672
672
677
680
685
679
680
676
687
679
679
684
686
686
687
678
673
672
665
666
668
665
659
658
670
655
652
653
653
654
641
644
645
641
640
637
627
628
629
625
617
616
615
619
619
615
622
631
637
642
641
630
635
645
639
646
647
631
629
627
627
628
630
621
624
624
616
614
610
603
606
602
613
609
611
630
626
627
636
636
635
623
631
626
626
630
624
637
634
628
628
630
642
639
638
636
639
635
632
627
618
615
610
601
604
597
602
599
599
599
606
602
599
602
602
615
621
625
631
633
638
637
632
640
643
648
657
663
666
662
660
661
662
670
668
660
656
670
668
657
668
669
670
672
669
657
659
655
657
665
667
676
685
686
687
689
682
674
670
668
666
662
668
674
672
675
684
681
680
689
694
697
695
697
695
703
700
698
696
688
681
677
669
672
665
663
658
653
652
646
643
645
648
656
664
657
657
662
659
652
660
669
660
664
668
676
681
684
695
691
695
682
686
695
700
695
701
702
711
714
720
713
713
711
715
709
714
718
717
729
733
730
730
735
726
734
730
726
721
719
717
712
716
721
726
726
729
722
716
717
717
729
725
733
737
729
730
721
715
705
702
703
702
703
705
707
703
705
709
710
715
725
717
718
720
727
724
717
717
722
723
727
728
727
729
739
743
743
754
758
754
756
762
766
770
765
770
772
773
767
764
760
759
757
759
750
743
746
752
747
739
744
737
740
739
740
741
748
746
750
745
752
748
759
756
748
742
738
739
735
735
741
750
754
744
746
740
742
740
737
733
724
729
718
717
714
712
721
719
717
724
721
717
718
727
733
737
738
741
742
730
728
721
724
727
723
726
725
724
713
716
707
712
717
713
724
728
731
734
734
737
733
731
724
731
726
737
736
739
734
728
728
731
738
744
744
741
738
735
731
738
733
742
743
751
738
740
746
740
746
744
744
746
746
746
740
722
723
715
728
733
730
726
722
726
727
722
724
723
718
715
716
709
708
707
708
716
711
712
717
714
727
728
717
715
715
723
725
725
728
728
734
739
734
736
723
724
720
727
720
727
733
724
724
721
716
709
707
705
706
701
709
705
712
716
719
724
729
728
732
732
731
731
741
747
744
746
746
745
746
747
745
752
759
750
754
762
763
759
758
758
753
750
756
760
776
779
775
772
773
781
785
789
780
782
786
786
793
794
794
797
795
794
803
804
803
798
796
792
783
785
781
779
775
776
771
769
764
761
758
766
763
767
772
775
768
775
777
767
765
763
761
752
754
760
763
759
763
758
761
766
772
772
768
765
769
764
763
767
768
781
769
757
753
757
751
744
741
737
731
730
735
729
729
730
732
734
733
739
735
732
734
730
739
746
745
744
739
735
736
746
742
739
734
730
744
739
742
736
732
727
718
719
717
704
702
710
707
713
708
708
696
686
684
675
680
680
682
692
695
698
696
692
689
698
693
701
690
693
683
689
688
681
686
678
680
683
679
683
674
679
681
681
690
693
692
689
695
698
703
696
701
706
706
709
714
707
715
719
706
707
701
707
703
700
700
709
709
708
719
716
702
694
694
691
690
689
691
691
687
680
673
668
663
663
658
656
658
664
677
679
680
682
684
678
676
676
676
687
685
689
694
696
691
699
697
700
687
685
679
679
688
686
686
679
680
678
680
677
680
670
676
678
681
674
686
691
685
684
682
686
681
680
682
692
688
706
702
707
708
696
689
691
691
698
693
694
689
694
690
690
694
693
676
681
679
689
694
699
704
704
709
710
702
699
701
704
703
706
704
688
678
676
669
666
659
657
652
645
650
650
648
644
646
646
652
652
653
659
659
658
670
683
676
675
674
670
674
680
678
668
669
668
660
657
652
644
633
637
633
633
636
654
653
660
661
657
645
645
653
652
653
649
650
648
647
650
644
639
647
645
646
641
637
626
627
628
627
623
622
620
616
618
626
622
616
612
612
615
617
611
621
618
625
629
626
618
628
632
629
631
636
634
639
638
638
642
641
630
635
624
624
624
620
609
610
608
605
605
597
598
598
603
599
594
595
598
603
604
602
601
602
600
601
600
598
595
589
589
595
597
594
589
593
598
592
591
595
597
592
583
589
605
605
609
602
604
598
603
607
603
599
595
594
598
599
602
598
592
597
591
599
597
600
601
601
588
586
590
590
588
597
579
579
577
577
573
578
585
577
583
589
583
580
575
570
571
571
578
574
573
573
569
570
565
565
567
570
568
559
565
554
560
563
565
557
551
545
547
548
549
558
559
546
546
546
545
548
547
552
547
544
534
534
529
536
536
535
526
533
528
531
528
528
527
526
519
524
517
519
524
521
531
539
540
537
540
551
554
554
559
546
554
564
561
553
550
548
550
551
557
560
559
561
552
561
560
559
570
570
561
571
565
563
560
560
563
564
559
558
552
554
556
554
556
569
569
560
559
561
571
575
579
571
568
565
571
572
569
575
572
573
573
574
580
581
592
590
599
604
612
610
611
619
613
618
624
632
621
623
620
617
611
605
608
608
610
604
597
587
575
577
577
575
586
589
584
575
577
583
584
584
584
599
591
588
582
588
575
574
584
583
585
589
595
593
584
579
582
586
589
589
602
598
602
612
600
604
602
606
603
602
596
610
623
622
620
620
619
626
625
624
620
621
624
631
638
642
639
644
649
643
642
643
637
637
631
630
635
629
631
627
626
629
622
622
625
627
621
619
628
629
621
623
615
621
622
626
628
633
627
631
623
619
617
622
629
633
638
641
639
632
636
627
634
637
638
642
637
637
638
647
646
635
634
631
628
629
639
632
636
640
637
634
635
630
629
625
627
620
617
620
624
631
634
638
643
643
642
643
643
639
637
643
637
644
639
637
635
636
632
629
630
625
624
625
629
619
616
619
618
612
598
606
603
597
601
601
604
598
596
603
600
603
605
600
591
583
582
577
579
576
574
575
574
578
582
578
583
588
599
599
590
596
592
591
583
588
585
588
584
576
578
581
584
577
579
579
573
573
564
566
563
563
561
561
572
575
573
570
567
564
554
556
559
554
548
546
547
557
553
554
556
553
555
549
560
559
557
562
557
559
561
558
556
562
552
561
567
572
566
564
571
575
573
579
588
595
593
599
591
589
589
589
584
590
596
593
589
590
592
600
604
615
613
615
620
621
622
618
612
616
609
614
612
616
609
602
607
610
610
612
618
626
636
638
637
637
640
629
639
641
645
650
660
654
651
649
654
652
645
647
653
651
648
642
643
647
649
642
634
631
619
620
620
619
621
628
633
618
624
631
628
618
629
628
624
627
616
611
610
610
608
606
600
600
602
602
608
603
604
608
599
598
589
595
598
601
602
606
602
599
600
601
600
604
611
616
611
620
628
627
625
625
628
627
621
628
625
625
632
636
634
630
621
623
617
619
620
621
613
610
612
614
625
628
647
647
653
657
663
671
680
672
673
668
666
665
662
657
654
655
660
659
661
652
655
662
659
651
649
653
655
650
651
653
658
653
653
655
649
659
657
656
657
662
662
657
662
661
660
668
665
666
659
644
639
634
631
626
633
627
625
623
625
629
628
638
638
631
624
620
610
608
601
605
603
613
616
618
619
619
622
625
627
621
621
626
633
645
647
636
636
629
634
629
643
636
632
621
625
628
631
632
627
628
628
626
630
633
634
633
628
632
627
632
638
638
623
616
631
630
630
616
605
607
614
605
602
601
594
593
594
596
599
604
594
601
606
602
596
601
601
604
605
605
609
609
616
618
611
611
620
625
638
639
643
647
644
643
649
643
643
649
656
655
648
650
650
639
635
637
635
626
622
621
618
614
618
620
619
623
626
619
624
619
622
636
627
626
619
620
621
622
623
619
610
613
610
611
610
610
612
615
616
614
612
610
609
601
600
605
602
602
605
609
610
612
614
607
613
614
616
616
612
610
610
609
603
608
609
613
614
617
613
610
605
606
607
610
616
615
615
619
621
625
621
618
623
621
628
632
625
623
630
629
625
634
631
629
630
626
628
617
622
626
627
628
633
624
622
627
617
615
624
621
619
620
628
627
625
627
628
626
617
614
614
618
623
631
636
641
642
640
631
628
630
631
637
629
627
620
619
621
623
621
625
622
620
616
615
622
626
629
630
621
632
627
620
624
629
628
628
628
626
626
630
622
629
626
632
639
636
637
623
620
627
621
618
621
618
614
614
616
616
616
625
628
630
635
638
638
638
629
633
634
634
634
637
647
645
648
649
643
642
652
647
661
664
657
660
666
658
668
662
665
660
661
651
653
642
635
638
631
622
621
614
617
617
618
622
629
620
622
616
615
613
619
616
626
630
615
613
618
616
619
612
621
625
628
629
628
626
629
625
619
622
621
622
624
622
629
626
631
635
639
642
643
649
638
640
637
638
630
632
630
616
613
620
614
612
615
624
620
617
615
605
603
600
600
600
599
592
595
584
592
587
581
578
584
589
583
583
589
582
592
592
592
598
590
592
591
591
597
598
602
601
594
588
594
603
598
594
595
593
591
589
594
591
594
591
587
595
598
601
605
612
603
605
603
598
597
596
585
582
577
579
574
574
572
573
572
567
568
567
569
579
580
582
586
579
572
566
561
557
552
557
553
550
550
536
536
530
527
522
537
531
532
531
532
534
532
523
527
533
528
529
522
523
520
522
534
541
540
540
538
541
544
542
540
539
539
540
537
528
518
521
516
519
528
525
519
513
524
522
528
522
522
524
523
521
518
517
525
520
523
518
511
516
513
515
516
520
516
518
515
506
512
507
509
505
515
521
517
516
517
514
509
525
523
524
522
521
524
528
529
535
531
538
531
532
535
531
520
514
503
488
489
483
491
496
506
501
495
489
489
488
490
498
512
515
517
514
508
501
499
493
492
486
489
492
495
498
495
496
493
492
487
485
488
489
483
482
484
488
482
485
482
479
471
468
479
481
492
489
488
485
487
489
488
479
489
485
478
475
468
480
480
473
474
476
479
470
476
476
472
469
473
466
466
467
469
462
455
453
450
449
448
439
433
431
419
413
417
417
420
428
428
419
427
431
427
427
430
429
424
426
433
435
436
440
427
419
415
413
413
423
419
430
427
432
426
419
419
417
425
428
425
420
416
414
416
411
417
419
424
433
434
435
429
420
410
413
421
409
406
404
407
403
403
405
391
398
407
407
407
403
404
405
406
403
404
391
401
400
402
396
413
416
417
419
415
414
414
418
414
414
412
424
428
430
432
436
432
427
428
428
433
428
428
416
411
409
402
402
402
396
394
386
389
386
388
388
386
384
385
385
382
379
380
388
383
385
389
387
387
386
386
390
390
396
394
393
397
398
396
396
394
391
393
391
399
387
382
382
384
389
378
376
381
375
373
377
378
373
378
375
369
372
380
385
392
388
390
393
390
388
388
389
387
390
392
387
388
389
388
396
396
401
399
395
392
394
386
381
381
391
393
393
389
386
388
384
383
387
386
389
380
374
382
391
390
390
391
388
388
403
393
400
412
415
415
407
401
396
397
405
405
410
414
411
412
411
414
416
416
416
413
412
413
408
411
406
403
408
410
407
404
404
406
401
410
417
425
414
418
414
413
405
407
411
409
410
413
413
418
422
427
420
416
417
407
412
409
415
425
410
405
405
398
404
398
399
388
389
382
384
376
381
389
390
391
389
383
381
367
368
373
381
380
389
400
406
409
412
417
416
416
416
416
420
412
416
410
400
401
404
408
414
426
435
423
415
416
423
425
431
433
426
419
423
427
436
429
425
422
424
428
420
417
426
422
416
412
422
423
419
416
416
419
429
431
429
441
437
440
428
427
423
417
413
420
408
408
414
427
423
426
426
417
418
423
421
426
426
427
435
430
437
439
441
438
438
438
434
440
440
433
420
422
422
427
427
429
434
442
445
444
445
450
455
456
447
441
441
438
438
429
427
440
436
444
447
450
452
458
450
453
451
448
445
454
455
455
455
454
450
456
448
450
454
463
465
467
458
461
466
458
464
468
465
463
467
464
467
469
467
465
452
446
445
447
441
443
440
438
438
448
441
445
451
452
460
464
462
458
458
468
462
462
461
459
451
443
437
444
451
457
461
459
457
451
457
468
476
479
486
492
487
493
494
496
489
486
485
474
471
479
479
484
486
494
490
489
486
482
480
478
479
484
486
486
483
480
481
478
471
472
465
467
461
458
457
462
462
468
468
468
469
471
473
486
490
479
484
495
504
507
507
509
502
509
509
529
537
538
531
526
528
523
527
519
510
511
508
503
503
503
495
495
496
511
512
524
519
519
518
527
526
525
531
515
513
509
514
519
522
516
501
502
503
497
498
506
513
506
515
516
517
518
524
519
520
520
520
521
525
526
530
527
539
539
541
550
548
557
553
544
542
551
552
555
563
557
552
551
545
546
551
548
549
553
556
551
545
546
538
547
545
546
541
546
548
552
550
543
552
541
549
549
539
534
541
541
539
539
540
539
532
539
532
525
530
525
529
519
520
523
529
531
523
532
532
526
527
525
524
533
528
527
526
538
544
546
548
555
560
557
568
572
575
578
574
574
582
576
581
584
593
598
608
609
612
614
610
613
616
610
610
619
616
617
617
622
626
623
629
627
627
625
622
619
625
632
631
629
632
637
634
634
638
635
630
631
635
635
640
651
652
662
661
653
659
667
665
665
677
683
681
678
674
684
673
676
688
689
690
695
693
688
684
693
695
703
702
699
694
698
705
711
709
696
698
698
705
699
697
705
704
696
696
700
698
693
699
700
693
696
689
686
677
677
686
693
693
691
692
694
691
695
698
700
704
693
684
691
689
698
709
703
708
714
718
721
722
718
714
700
701
702
708
709
706
704
704
696
698
691
682
688
686
672
674
682
681
686
685
682
688
683
683
682
685
687
688
691
690
691
694
688
688
698
697
700
700
694
687
695
693
689
683
682
682
677
677
678
670
673
671
673
673
676
683
689
693
694
705
705
716
718
719
732
737
735
734
731
725
727
721
724
722
720
713
714
710
719
716
717
712
714
706
708
704
704
701
705
702
692
693
692
697
691
696
690
688
694
690
681
673
667
666
666
660
658
660
658
645
645
646
643
632
631
632
631
633
637
639
635
636
635
634
636
636
628
628
625
630
634
626
630
621
623
619
612
610
621
617
631
633
641
638
643
652
657
653
662
656
663
664
667
675
676
671
670
668
677
678
680
688
686
692
690
689
694
704
705
700
704
707
717
717
720
716
727
730
729
723
725
728
732
723
718
720
723
718
717
728
726
725
722
729
733
734
732
731
735
731
723
726
731
734
737
742
744
737
732
732
729
730
728
728
724
718
726
726
728
733
733
737
743
749
755
756
757
749
749
759
759
754
763
771
764
770
774
761
763
767
770
764
762
762
770
769
768
772
770
767
766
760
762
761
774
776
781
788
790
788
789
787
785
775
767
771
772
769
771
775
761
765
757
757
764
762
767
769
770
763
762
755
748
752
761
769
775
778
778
778
772
759
748
746
748
742
749
738
747
751
752
751
744
748
748
751
741
741
743
739
742
740
735
725
729
722
727
726
724
722
717
709
698
689
689
693
690
689
692
698
701
695
689
694
694
687
675
674
674
674
667
672
663
658
657
658
650
645
649
656
655
657
659
660
661
662
658
660
663
679
683
669
668
665
668
662
662
661
665
661
658
662
657
659
653
665
669
683
688
686
683
682
682
683
687
694
697
698
687
682
679
682
686
688
688
693
692
696
694
705
703
694
696
691
697
700
702
697
705
702
705
706
701
698
694
700
705
710
710
706
709
708
702
702
704
707
709
715
708
717
714
703
698
699
699
696
700
707
705
700
694
696
710
710
717
711
706
695
702
716
724
731
737
741
733
736
739
737
740
740
751
760
764
769
772
771
769
765
768
773
763
764
763
758
756
766
765
773
774
776
779
788
794
797
803
803
803
809
817
812
809
817
814
816
822
826
833
834
834
831
827
823
823
825
816
823
818
815
813
803
805
810
816
813
812
823
826
832
827
832
819
809
808
811
815
820
819
825
827
824
829
832
835
840
839
836
846
852
852
864
874
865
870
867
861
857
849
843
839
826
831
833
818
824
825
829
828
829
836
836
838
844
850
848
856
857
861
874
872
871
868
870
872
868
866
867
870
876
887
897
902
902
901
905
896
898
903
900
896
907
908
909
901
891
891
887
878
873
875
871
875
881
884
874
876
876
874
876
875
870
864
864
862
856
853
851
850
842
834
829
821
816
805
789
792
799
810
817
816
826
827
835
829
840
830
838
838
833
831
831
823
827
834
844
846
841
840
842
846
846
845
849
849
854
858
868
867
872
868
870
864
867
869
860
853
854
860
856
861
867
864
859
857
852
846
846
849
850
846
849
848
851
844
836
829
824
821
823
824
831
826
818
820
827
836
846
848
853
860
853
851
856
861
857
853
853
842
846
845
837
828
823
809
808
804
810
805
791
792
790
790
804
808
800
805
815
814
804
805
804
805
809
806
807
808
822
817
813
822
826
825
818
818
809
802
797
795
795
798
794
784
795
800
794
796
805
813
810
814
814
815
814
801
800
799
805
798
806
819
816
813
823
826
817
816
817
817
822
810
812
809
807
807
803
809
802
799
794
788
794
797
791
798
786
789
783
778
779
784
791
793
802
806
802
802
805
812
808
809
808
803
807
793
794
796
794
796
796
789
790
787
783
784
777
776
774
775
775
769
766
761
755
763
753
753
758
760
761
759
754
757
764
759
755
756
753
751
748
751
750
760
765
759
765
773
771
775
770
767
775
772
772
771
772
772
767
768
767
773
775
773
777
779
783
770
761
760
770
771
767
754
757
757
756
747
756
763
770
769
767
767
771
770
768
777
788
791
803
801
802
804
802
797
797
794
792
786
787
792
792
793
790
794
801
800
811
804
802
806
800
810
802
807
812
805
809
814
815
817
811
806
805
810
802
807
807
808
802
799
793
798
798
793
788
793
787
790
788
784
783
780
771
775
774
778
783
794
792
783
781
778
774
774
781
784
776
780
781
783
791
782
781
776
782
786
781
778
774
780
782
777
775
768
769
767
764
766
759
758
761
771
766
764
759
764
759
759
756
752
752
754
758
757
756
763
767
756
750
760
771
771
771
774
767
767
755
759
761
770
781
775
772
772
779
780
780
778
785
794
790
785
785
780
787
788
788
786
788
786
786
786
782
780
772
760
749
747
745
750
739
736
722
720
725
720
718
708
709
707
708
692
697
701
701
701
702
701
689
690
684
682
675
673
664
658
657
655
645
643
645
641
632
630
624
624
628
621
625
620
623
621
624
627
632
637
635
641
637
644
645
644
642
639
634
647
650
661
669
668
670
679
680
680
677
677
675
682
676
673
680
681
682
676
675
677
684
686
692
687
685
683
690
689
692
695
688
687
677
684
682
695
697
694
692
696
689
691
697
710
712
702
704
703
699
699
702
704
709
710
708
713
713
722
735
732
726
728
721
716
720
725
724
738
745
744
747
744
732
740
741
745
740
746
752
758
755
764
770
769
770
764
769
776
777
776
776
773
771
765
766
766
772
770
765
761
763
763
772
764
771
774
777
781
780
775
775
769
768
772
770
774
773
772
768
766
781
788
784
781
784
777
783
792
791
786
784
787
793
790
790
798
790
792
800
806
808
797
792
793
794
802
805
811
808
812
818
817
815
812
802
796
789
787
784
778
780
783
791
791
785
796
793
790
789
794
802
795
792
791
791
781
788
780
774
781
783
788
780
768
778
784
778
784
780
783
786
785
781
776
767
766
774
775
773
775
770
770
774
786
790
793
799
798
791
785
789
790
789
790
799
795
801
802
794
800
794
787
790
782
798
797
796
798
805
808
815
817
828
827
819
822
823
826
817
813
811
809
809
799
801
793
802
808
813
813
817
809
813
811
815
820
828
830
836
846
858
855
868
873
876
865
861
868
867
872
876
870
873
869
864
863
869
867
866
852
850
851
862
855
858
857
856
860
856
863
863
864
872
873
876
869
866
874
874
868
869
872
871
871
871
870
868
865
867
854
849
853
853
857
845
844
850
864
868
876
875
876
880
893
895
902
912
906
907
904
910
918
922
924
923
927
925
925
920
912
907
916
908
910
909
917
919
916
916
920
919
925
933
925
927
917
917
912
908
914
917
925
929
929
926
929
934
930
941
947
949
948
947
944
939
936
934
934
933
932
931
931
934
932
938
935
934
941
942
938
933
937
937
936
937
938
942
941
941
948
944
947
948
937
933
936
934
932
931
934
937
935
941
926
923
927
922
921
917
921
922
918
910
912
922
923
916
907
911
902
903
904
908
909
911
905
907
908
895
904
897
897
897
893
892
894
900
895
890
903
911
914
909
911
913
915
913
909
902
902
898
899
895
897
899
904
894
898
899
903
902
902
894
890
889
897
898
903
907
907
905
910
900
889
896
894
899
901
902
893
887
888
885
885
877
879
880
884
872
883
889
886
882
884
878
878
878
884
887
888
883
886
879
882
883
877
886
881
882
877
868
870
867
867
863
859
854
856
857
858
852
851
849
861
859
863
865
855
860
849
840
839
842
845
844
849
844
854
848
853
852
853
848
846
836
838
837
839
849
844
847
853
863
856
865
869
870
874
878
873
868
861
860
864
862
870
866
861
859
865
868
870
869
873
874
862
860
850
849
846
844
841
842
838
834
843
845
851
850
853
850
852
851
853
853
856
857
863
856
865
857
867
865
864
871
880
873
868
869
865
866
861
857
862
867
872
868
862
867
864
867
869
869
869
860
857
862
861
851
846
850
855
859
862
869
865
870
873
878
878
877
879
863
864
861
851
847
852
852
852
839
848
849
845
845
843
834
824
825
824
822
826
824
818
819
816
815
806
810
803
807
806
806
803
797
789
792
798
803
810
816
822
819
822
820
823
822
824
823
817
824
836
837
836
842
840
836
828
834
836
839
835
833
831
828
836
834
831
832
822
808
817
809
808
811
815
806
806
801
812
819
811
806
807
808
802
797
801
800
800
795
803
802
803
817
810
807
807
802
796
792
790
789
797
805
808
804
800
805
811
820
826
816
829
834
829
827
834
831
832
837
842
840
828
834
841
846
848
852
851
857
860
858
858
853
857
859
869
870
874
874
874
863
870
866
862
853
845
845
854
860
857
857
861
859
856
858
858
857
852
863
857
868
870
868
868
874
880
885
885
885
891
890
890
894
898
886
888
886
889
888
890
890
885
887
886
898
895
891
892
889
893
892
891
893
901
895
899
904
904
910
906
901
902
900
895
904
905
903
906
902
898
897
895
903
903
904
899
895
890
896
902
901
906
903
905
899
897
900
904
907
907
907
909
909
904
901
904
905
904
903
910
910
908
910
907
906
908
904
917
916
918
922
922
929
932
937
941
949
949
949
949
939
931
930
934
935
949
939
941
948
947
949
950
959
963
970
972
973
966
959
958
960
957
962
958
953
949
967
963
963
965
969
973
974
970
981
993
992
995
1000
1008
1012
1016
1007
1000
990
990
983
976
980
976
971
978
980
991
993
988
984
976
969
972
976
965
970
965
975
980
974
973
965
955
953
953
954
950
957
959
953
955
949
944
944
939
938
951
951
949
953
955
952
958
956
954
952
953
954
958
965
963
963
961
960
960
964
967
971
976
976
972
960
969
969
976
974
971
979
972
978
975
986
984
982
984
985
976
984
977
980
973
978
985
986
988
989
988
986
984
975
978
979
983
994
999
992
997
982
977
965
962
950
948
953
950
954
955
952
945
952
956
957
954
954
958
947
943
942
945
937
930
938
934
930
941
941
945
943
954
954
946
942
946
948
948
951
953
956
961
962
957
964
967
966
966
964
965
962
974
967
962
957
968
971
968
966
974
981
976
987
988
985
989
990
993
994
1002
1011
1005
1000
1002
1004
1010
1015
1016
1023
1024
1027
1036
1037
1036
1036
1040
1039
1044
1042
1038
1029
1022
1039
1054
1045
1044
1040
1038
1042
1043
1048
1038
1040
1037
1041
1047
1043
1043
1044
1048
1051
1052
1051
1039
1036
1033
1031
1032
1035
1043
1038
1035
1035
1036
1035
1038
1040
1033
1034
1033
1039
1034
1031
1031
1032
1032
1041
1039
1028
1020
1024
1025
1029
1025
1031
1027
1026
1026
1028
1027
1022
1022
1021
1027
1030
1027
1024
1012
1012
1014
1012
1007
1007
1004
997
1006
1012
1014
1010
1024
1024
1020
1019
1033
1036
1029
1037
1039
1036
1043
1053
1057
1056
1056
1057
1055
1053
1061
1050
1048
1042
1050
1051
1046
1049
1054
1054
1059
1064
1069
1072
1079
1071
1075
1082
1086
1087
1085
1081
1087
1083
1080
1076
1072
1069
1065
1069
1073
1075
1072
1077
1080
1077
1079
1085
1077
1077
1085
1079
1075
1076
1073
1071
1078
1080
1082
1083
1080
1080
1085
1091
1099
1100
1100
1096
1101
1108
1115
1106
1105
1108
1119
1123
1126
1131
1129
1128
1129
1128
1120
1114
1121
1123
1128
1122
1118
1124
1124
1119
1123
1138
1136
1129
1132
1123
1122
1116
1122
1119
1126
1126
1129
1125
1129
1122
1116
1112
1112
1108
1104
1100
1099
1102
1109
1102
1106
1100
1100
1092
1087
1083
1083
1080
1077
1068
1070
1070
1061
1061
1063
1058
1062
1057
1055
1055
1057
1056
1041
1038
1047
1048
1052
1056
1055
1044
1043
1035
1040
1033
1036
1041
1038
1053
1061
1052
1059
1060
1070
1069
1072
1081
1080
1075
1077
1079
1091
1103
1118
1105
1109
1109
1111
1120
1117
1114
1113
1105
1109
1102
1106
1105
1105
1102
1092
1086
1090
1094
1102
1098
1093
1097
1099
1097
1090
1091
1083
1080
1082
1090
1087
1086
1092
1098
1095
1088
1089
1094
1095
1095
1097
1097
1091
1087
1081
1090
1085
1081
1087
1094
1098
1098
1096
1091
1097
1103
1104
1113
1116
1114
1113
1115
1106
1112
1116
1126
1116
1114
1110
1109
1108
1110
1110
1109
1117
1110
1109
1101
1097
1092
1088
1094
1102
1107
1097
1101
1089
1094
1096
1092
1092
1091
1095
1092
1088
1087
1085
1092
1090
1085
1089
1082
1081
1083
1081
1076
1083
1086
1091
1096
1103
1101
1092
1085
1092
1089
1082
1080
1086
1087
1087
1083
1078
1071
1077
1082
1085
1085
1091
1099
1094
1098
1100
1093
1085
1089
1078
1073
1080
1076
1077
1073
1074
1077
1076
1086
1084
1082
1089
1090
1082
1077
1080
1085
1083
1079
1086
1089
1091
1095
1092
1101
1101
1101
1100
1096
1093
1097
1104
1113
1120
1120
1125
1116
1120
1112
1113
1111
1108
1110
1104
1111
1110
1118
1108
1105
1100
1101
1107
1101
1103
1108
1113
1113
1105
1119
1118
1120
1117
1118
1118
1116
1122
1117
1117
1119
1115
1124
1126
1132
1128
1122
1116
1121
1120
1118
1122
1119
1122
1116
1117
1108
1108
1117
1106
1104
1101
1102
1104
1100
1092
1086
1088
1086
1093
1100
1092
1092
1096
1096
1093
1095
1088
1097
1091
1099
1105
1100
1104
1095
1092
1094
1094
1088
1090
1086
1083
1090
1099
1096
1098
1105
1108
1110
1103
1097
1092
1095
1100
1109
1118
1121
1121
1128
1136
1146
1151
1162
1167
1164
1170
1173
1175
1182
1178
1184
1187
1192
1194
1201
1199
1193
1195
1187
1200
1214
1212
1204
1212
1212
1213
1219
1220
1223
1220
1210
1213
1226
1225
1224
1220
1212
1219
1219
1219
1219
1221
1229
1230
1230
1233
1235
1235
1233
1235
1230
1228
1227
1228
1221
1209
1205
1217
1222
1227
1218
1220
1223
1231
1233
1227
1221
1211
1219
1222
1225
1225
1224
1226
1232
1228
1234
1231
1234
1223
1214
1219
1223
1224
1228
1228
1225
1228
1236
1232
1226
1220
1216
1213
1208
1204
1203
1208
1201
1208
1205
1204
1208
1214
1222
1215
1214
1215
1215
1222
1224
1219
1221
1226
1226
1225
1226
1222
1223
1216
1216
1213
1216
1226
1226
1228
1227
1237
1242
1243
1239
1241
1238
1242
1237
1238
1243
1251
1246
1250
1258
1262
1265
1261
1253
1251
1256
1252
1244
1239
1238
1247
1249
1255
1259
1262
1267
1262
1269
1254
1252
1254
1252
1245
1243
1241
1239
1233
1239
1235
1240
1234
1225
1224
1216
1215
1217
1212
1205
1201
1195
1193
1184
1185
1176
1165
1158
1162
1166
1166
1177
1173
1167
1169
1169
1163
1152
1156
1157
1156
1147
1153
1148
1157
1150
1148
1160
1158
1148
1152
1150
1149
1149
1155
1146
1146
1145
1146
1152
1153
1159
1161
1166
1170
1178
1170
1167
1171
1167
1168
1161
1160
1156
1148
1154
1155
1151
1155
1149
1146
1144
1152
1158
1159
1147
1148
1159
1154
1151
1148
1152
1158
1156
1153
1164
1160
1158
1151
1156
1154
1156
1150
1159
1159
1162
1163
1153
1159
1155
1149
1145
1143
1141
1150
1142
1135
1135
1142
1142
1135
1136
1143
1137
1138
1137
1148
1143
1141
1144
1150
1156
1160
1154
1143
1135
1135
1134
1138
1146
1144
1148
1157
1152
1158
1158
1158
1160
1167
1163
1159
1156
1158
1153
1160
1167
1174
1178
1176
1180
1189
1187
1186
1196
1204
1198
1195
1191
1203
1195
1195
1190
1190
1186
1184
1184
1184
1177
1178
1181
1181
1186
1193
1190
1192
1188
1183
1187
1187
1183
1177
1176
1167
1157
1170
1182
1187
1186
1180
1180
1181
1189
1192
1184
1189
1185
1176
1177
1181
1181
1190
1195
1196
1196
1193
1192
1192
1191
1200
1195
1196
1194
1189
1186
1188
1189
1187
1187
1190
1197
1196
1194
1195
1194
1193
1193
1193
1187
1184
1186
1180
1188
1193
1191
1192
1192
1195
1189
1183
1176
1176
1174
1161
1160
1161
1155
1152
1155
1170
1168
1164
1162
1168
1170
1173
1177
1173
1170
1167
1180
1177
1183
1176
1176
1187
1189
1184
1182
1192
1181
1191
1193
1203
1202
1194
1189
1194
1189
1196
1195
1193
1194
1191
1184
1184
1182
1186
1179
1179
1185
1187
1183
1172
1173
1168
1165
1164
1174
1180
1199
1197
1200
1198
1195
1211
1211
1203
1201
1195
1193
1196
1200
1207
1206
1208
1208
1205
1200
1208
1216
1215
1203
1206
1198
1192
1188
1190
1197
1206
1213
1208
1211
1200
1205
1205
1209
1211
1205
1205
1208
1206
1209
1213
1219
1220
1212
1214
1219
1217
1209
1200
1204
1208
1217
1225
1231
1233
1232
1238
1239
1238
1229
1225
1218
1222
1216
1222
1218
1221
1222
1231
1233
1235
1235
1232
1232
1235
1237
1238
1230
1227
1230
1234
1235
1243
1251
1253
1257
1259
1259
1248
1248
1248
1250
1249
1247
1243
1254
1255
1258
1251
1246
1257
1252
1249
1248
1245
1245
1240
1241
1238
1233
1240
1248
1253
1260
1262
1259
1263
1255
1250
1251
1250
1255
1262
1267
1270
1267
1263
1266
1266
1271
1270
1266
1274
1281
1285
1285
1286
1289
1289
1288
1294
1294
1292
1298
1300
1296
1302
1299
1297
1297
1301
1299
1303
1302
1304
1308
1311
1312
1315
1311
1312
1314
1310
1312
1318
1323
1316
1312
1312
1310
1314
1317
1315
1317
1323
1322
1314
1312
1314
1306
1299
1297
1301
1303
1305
1304
1299
1298
1290
1286
1292
1295
1296
1306
1307
1314
1310
1314
1307
1312
1312
1310
1307
1301
1304
1300
1299
1299
1291
1291
1294
1304
1302
1295
1288
1285
1285
1290
1291
1297
1297
1298
1283
1282
1285
1285
1288
1303
1308
1296
1284
1282
1285
1274
1272
1270
1283
1284
1278
1278
1283
1284
1290
1289
1289
1288
1294
1305
1303
1295
1302
1305
1300
1301
1299
1296
1298
1297
1306
1300
1298
1296
1297
1303
1298
1297
1284
1288
1290
1296
1290
1283
1275
1271
1266
1272
1272
1272
1276
1267
1258
1269
1273
1269
1275
1287
1292
1292
1285
1286
1293
1293
1279
1288
1285
1296
1299
1298
1295
1295
1302
1296
1290
1286
1291
1294
1298
1286
1290
1285
1277
1275
1279
1267
1266
1272
1261
1268
1262
1257
1259
1253
1248
1237
1240
1236
1231
1226
1223
1226
1227
1227
1232
1226
1238
1237
1233
1230
1232
1226
1225
1228
1215
1217
1226
1229
1227
1232
1241
1238
1241
1237
1228
1231
1225
1230
1231
1228
1227
1231
1236
1234
1234
1239
1235
1222
1217
1212
1202
1199
1194
1189
1189
1186
1191
1188
1185
1180
1179
1178
1177
1180
1178
1177
1179
1185
1191
1189
1194
1195
1190
1186
1186
1192
1189
1192
1198
1201
1199
1186
1178
1179
1184
1187
1188
1184
1179
1175
1177
1169
1165
1165
1159
1156
1145
1148
1147
1149
1153
1162
1155
1159
1150
1150
1143
1144
1144
1151
1157
1159
1159
1167
1166
1155
1145
1145
1141
1133
1139
1135
1140
1143
1140
1142
1137
1134
1137
1140
1133
1139
1144
1140
1142
1150
1158
1161
1160
1162
1160
1163
1164
1164
1161
1162
1160
1164
1159
1147
1147
1142
1140
1145
1145
1154
1152
1153
1145
1152
1153
1162
1159
1159
1156
1160
1161
1159
1175
1177
1175
1172
1170
1171
1177
1183
1186
1187
1188
1190
1182
1185
1174
1182
1186
1197
1200
1200
1197
1200
1201
1197
1192
1193
1187
1187
1187
1182
1183
1185
1185
1187
1190
1187
1183
1186
1183
1178
1186
1181
1185
1181
1178
1185
1187
1186
1193
1190
1191
1197
1199
1202
1199
1187
1180
1188
1187
1190
1193
1190
1190
1190
1187
1186
1180
1180
1173
1165
1169
1169
1166
1157
1156
1166
1173
1176
1178
1176
1170
1176
1167
1161
1167
1157
1159
1164
1163
1171
1172
1173
1164
1153
1149
1148
1156
1163
1159
1153
1160
1156
1161
1162
1160
1163
1169
1170
1166
1168
1162
1160
1153
1159
1166
1164
1159
1161
1171
1167
1177
1178
1179
1172
1169
1180
1176
1173
1189
1188
1187
1183
1179
1185
1179
1176
1171
1170
1172
1165
1163
1161
1160
1157
1156
1156
1160
1157
1164
1165
1164
1173
1171
1184
1190
1186
1186
1183
1173
1176
1177
1176
1167
1167
1168
1175
1175
1172
1165
1171
1174
1182
1184
1186
1192
1193
1193
1195
1190
1187
1185
1175
1183
1186
1186
1183
1173
1175
1169
1160
1160
1151
1151
1146
1141
1141
1142
1141
1137
1128
1128
1126
1116
1122
1120
1121
1129
1117
1113
1114
1120
1121
1116
1124
1119
1128
1133
1129
1125
1106
1120
1113
1108
1104
1104
1106
1102
1104
1105
1109
1107
1101
1108
1116
1123
1128
1133
1135
1122
1116
1120
1109
1111
1115
1109
1103
1101
1117
1122
1121
1123
1122
1124
1133
1129
1135
1125
1122
1119
1121
1126
1129
1128
1132
1136
1130
1130
1136
1140
1144
1138
1139
1142
1137
1137
1137
1133
1130
1136
1134
1131
1134
1126
1125
1126
1135
1136
1127
1131
1142
1148
1154
1156
1154
1157
1158
1165
1164
1161
1173
1169
1173
1175
1162
1166
1161
1148
1148
1149
1151
1145
1141
1139
1138
1142
1137
1140
1134
1141
1149
1150
1152
1155
1164
1161
1149
1149
1149
1139
1136
1134
1137
1151
1156
1160
1175
1172
1186
1181
1191
1186
1188
1189
1183
1182
1185
1194
1186
1180
1184
1187
1183
1190
1185
1186
1183
1186
1183
1187
1191
1190
1194
1187
1187
1186
1180
1178
1180
1181
1177
1183
1184
1182
1179
1173
1167
1167
1174
1167
1164
1166
1177
1173
1173
1166
1179
1174
1179
1179
1170
1165
1163
1166
1163
1167
1167
1159
1153
1150
1149
1148
1147
1147
1145
1158
1160
1163
1165
1174
1183
1183
1185
1179
1183
1184
1184
1186
1178
1186
1189
1192
1190
1189
1185
1193
1192
1189
1193
1193
1194
1192
1197
1191
1199
1198
1199
1190
1187
1180
1185
1190
1191
1187
1184
1184
1181
1180
1177
1176
1179
1175
1175
1178
1176
1175
1171
1177
1188
1187
1189
1192
1196
1197
1200
1207
1212
1215
1213
1202
1211
1214
1216
1215
1209
1211
1201
1205
1208
1205
1202
1201
1214
1208
1209
1206
1212
1212
1221
1216
1220
1229
1235
1226
1231
1230
1236
1230
1234
1244
1249
1251
1255
1250
1249
1261
1263
1259
1257
1256
1258
1258
1257
1252
1247
1244
1245
1246
1241
1226
1230
1229
1226
1220
1214
1210
1217
1219
1215
1214
1215
1223
1214
1212
1208
1205
1201
1193
1192
1191
1199
1204
1209
1208
1210
1202
1204
1200
1198
1192
1193
1202
1204
1198
1201
1204
1198
1202
1203
1206
1195
1194
1195
1201
1199
1204
1208
1205
1200
1197
1201
1211
1209
1210
1212
1214
1213
1213
1213
1208
1209
1215
1211
1211
1222
1220
1226
1222
1221
1216
1218
1215
1219
1225
1233
1232
1236
1245
1250
1245
1242
1240
1226
1231
1231
1229
1230
1230
1229
1228
1222
1226
1223
1229
1227
1231
1224
1218
1210
1218
1221
1227
1221
1221
1222
1216
1216
1220
1223
1222
1221
1218
1214
1207
1209
1203
1208
1206
1193
1185
1190
1187
1187
1184
1191
1184
1189
1184
1181
1185
1199
1201
1194
1182
1191
1194
1196
1190
1186
1183
1182
1173
1174
1155
1150
1146
1143
1140
1146
1144
1148
1146
1146
1142
1147
1146
1148
1150
1143
1148
1152
1153
1155
1161
1171
1175
1176
1181
1180
1181
1178
1177
1176
1174
1177
1182
1187
1175
1171
1168
1169
1168
1166
1154
1160
1152
1156
1157
1157
1169
1158
1151
1146
1142
1137
1134
1135
1133
1134
1131
1139
1131
1127
1127
1122
1129
1127
1134
1134
1131
1138
1139
1138
1138
1134
1135
1138
1129
1123
1127
1128
1127
1131
1128
1139
1137
1139
1133
1143
1152
1164
1173
1156
1153
1155
1151
1150
1148
1146
1144
1145
1150
1153
1162
1161
1168
1168
1164
1164
1174
1163
1163
1169
1170
1173
1171
1168
1165
1170
1170
1172
1163
1170
1172
1165
1156
1151
1154
1150
1153
1159
1155
1161
1160
1165
1162
1161
1159
1162
1171
1174
1173
1165
1157
1160
1149
1151
1151
1160
1167
1169
1167
1164
1163
1165
1167
1160
1150
1148
1153
1152
1156
1157
1156
1159
1155
1155
1160
1159
1165
1163
1165
1167
1178
1176
1176
1169
1176
1177
1175
1181
1184
1183
1182
1185
1181
1182
1183
1178
1179
1186
1189
1199
1195
1191
1191
1190
1186
1172
1168
1163
1156
1145
1131
1133
1141
1137
1136
1143
1141
1146
1151
1149
1150
1158
1150
1156
1152
1162
1152
1149
1139
1144
1141
1143
1154
1162
1159
1157
1144
1134
1136
1140
1142
1149
1147
1151
1160
1159
1157
1154
1147
1146
1145
1150
1154
1150
1147
1150
1145
1140
1147
1138
1138
1141
1141
1142
1139
1137
1145
1149
1154
1157
1156
1149
1142
1145
1149
1150
1163
1158
1156
1157
1164
1162
1161
1155
1159
1155
1158
1162
1157
1159
1166
1163
1154
1151
1154
1151
1158
1162
1165
1167
1169
1171
1171
1173
1161
1167
1167
1176
1167
1173
1165
1161
1154
1154
1166
1170
1171
1174
1181
1179
1180
1176
1172
1172
1171
1172
1166
1169
1174
1175
1173
1173
1179
1185
1190
1190
1186
1185
1180
1177
1180
1179
1177
1174
1171
1172
1163
1169
1177
1180
1176
1182
1181
1181
1178
1171
1175
1165
1174
1181
1181
1181
1183
1177
1187
1186
1185
1193
1194
1190
1186
1187
1188
1175
1167
1171
1176
1181
1182
1189
1187
1185
1178
1177
1185
1192
1187
1171
1169
1168
1160
1162
1156
1148
1146
1149
1141
1141
1144
1148
1145
1144
1139
1140
1141
1134
1136
1127
1120
1118
1129
1126
1121
1129
1131
1131
1129
1136
1131
1142
1150
1150
1146
1143
1144
1140
1144
1142
1142
1142
1139
1127
1131
1137
1141
1146
1147
1152
1156
1161
1167
1173
1169
1164
1166
1159
1166
1167
1173
1168
1175
1167
1173
1173
1179
1182
1182
1182
1190
1186
1181
1188
1192
1178
1180
1183
1177
1181
1182
1173
1166
1167
1167
1166
1171
1174
1169
1165
1163
1161
1164
1171
1161
1161
1161
1163
1156
1159
1161
1162
1177
1173
1163
1162
1165
1166
1173
1175
1176
1174
1167
1158
1149
1151
1157
1152
1149
1145
1151
1148
1151
1157
1158
1160
1156
1151
1149
1151
1153
1151
1158
1160
1163
1160
1168
1164
1158
1166
1159
1162
1153
1141
1153
1155
1152
1160
1163
1163
1169
1171
1165
1173
1169
1163
1172
1173
1174
1178
1174
1185
1172
1178
1184
1191
1197
1192
1190
1191
1187
1188
1187
1191
1185
1182
1185
1174
1178
1172
1178
1173
1172
1175
1175
1168
1173
1169
1165
1162
1175
1180
1182
1175
1175
1177
1183
1185
1177
1171
1169
1175
1174
1168
1176
1175
1170
1173
1177
1186
1188
1182
1182
1187
1193
1199
1210
1212
1219
1220
1225
1220
1221
1225
1235
1231
1241
1239
1241
1231
1228
1224
1216
1208
1213
1218
1218
1230
1240
1236
1229
1239
1233
1224
1222
1216
1214
1220
1217
1222
1220
1227
1226
1223
1214
1205
1205
1210
1202
1208
1217
1214
1214
1214
1213
1210
1206
1205
1208
1213
1223
1225
1230
1234
1232
1229
1220
1215
1218
1219
1220
1223
1224
1230
1232
1233
1244
1245
1252
1250
1251
1245
1249
1246
1253
1255
1252
1245
1248
1242
1230
1232
1225
1228
1222
1227
1224
1221
1214
1217
1214
1212
1220
1226
1230
1233
1230
1234
1240
1242
1243
1246
1248
1247
1253
1256
1262
1264
1255
1263
1274
1279
1281
1283
1283
1275
1279
1278
1284
1277
1279
1277
1269
1279
1272
1280
1286
1290
1292
1289
1290
1299
1311
1307
1302
1301
1295
1289
1291
1301
1297
1302
1303
1306
1310
1303
1302
1302
1300
1297
1294
1300
1297
1296
1293
1290
1289
1285
1285
1285
1271
1268
1258
1249
1261
1252
1259
1263
1261
1262
1263
1260
1260
1265
1260
1252
1246
1244
1234
1226
1231
1234
1237
1237
1236
1228
1222
1219
1209
1213
1209
1203
1199
1193
1197
1189
1191
1187
1192
1190
1189
1193
1193
1198
1193
1179
1181
1174
1174
1169
1165
1161
1161
1160
1161
1150
1145
1143
1139
1140
1130
1135
1136
1143
1143
1142
1129
1117
1131
1126
1128
1125
1122
1123
1120
1119
1120
1117
1124
1122
1125
1124
1117
1118
1119
1110
1115
1111
1111
1109
1108
1111
1104
1103
1105
1105
1099
1095
1091
1088
1083
1086
1089
1088
1085
1086
1081
1091
1097
1098
1090
1094
1084
1074
1057
1057
1073
1079
1069
1072
1069
1066
1062
1051
1052
1048
1039
1046
1034
1032
1026
1029
1022
1014
1018
1026
1035
1041
1045
1058
1050
1048
1060
1071
1069
1068
1067
1070
1061
1059
1055
1057
1065
1059
1053
1056
1056
1049
1042
1050
1049
1050
1038
1046
1046
1042
1041
1046
1052
1052
1052
1067
1077
1077
1069
1074
1086
1091
1095
1090
1088
1089
1091
1090
1089
1092
1093
1093
1088
1093
1092
1087
1095
1095
1095
1088
1090
1089
1080
1075
1078
1079
1072
1074
1070
1073
1071
1070
1069
1077
1077
1081
1078
1075
1080
1077
1082
1070
1077
1077
1079
1070
1064
1060
1062
1065
1058
1057
1062
1063
1068
1071
1066
1066
1065
1064
1057
1047
1045
1049
1043
1052
1053
1048
1048
1041
1053
1054
1043
1046
1046
1041
1035
1032
1030
1030
1027
1030
1024
1021
1023
1016
1007
1001
997
995
987
989
989
982
981
982
989
985
980
978
974
971
966
967
958
954
954
950
938
933
941
954
952
952
952
953
951
948
945
943
946
943
944
941
943
952
955
948
951
950
941
938
940
925
925
929
935
930
932
924
928
927
931
924
925
920
922
923
913
910
907
905
908
913
911
903
903
906
902
902
903
905
905
903
911
916
915
915
916
918
913
903
899
898
895
890
891
887
887
886
887
879
884
884
885
892
887
881
887
880
887
885
874
873
868
869
871
879
880
875
873
874
876
876
871
869
867
864
871
874
878
870
881
882
882
888
891
902
895
888
875
864
874
879
871
869
864
866
875
873
878
879
884
886
881
878
873
870
861
856
854
852
852
839
826
827
815
811
816
826
834
836
837
835
840
834
830
833
828
829
824
826
826
828
831
832
834
839
840
835
828
830
827
832
835
831
831
834
837
833
830
837
842
847
846
846
842
847
856
866
857
855
858
861
860
864
864
871
874
865
868
868
879
872
870
874
883
889
890
886
887
891
889
891
879
876
876
874
874
880
872
874
876
873
878
871
868
869
868
860
865
863
866
867
864
857
855
864
870
883
880
881
881
876
881
890
887
889
899
900
916
920
920
919
911
917
917
922
926
929
930
934
923
919
914
923
927
924
928
921
942
937
935
931
928
923
913
922
921
921
918
919
928
926
924
922
924
929
925
919
918
923
917
923
924
924
929
929
934
928
927
922
925
928
932
928
936
931
918
917
905
900
898
902
894
895
886
881
875
871
871
863
863
855
864
866
857
853
847
844
842
831
837
847
851
858
863
863
855
854
856
856
863
871
868
866
858
858
851
867
876
878
896
889
892
889
888
884
877
876
880
886
878
884
869
867
860
859
854
853
851
854
849
846
846
847
850
857
869
868
866
861
856
850
843
843
835
829
820
818
818
813
819
824
830
831
833
829
823
828
823
828
828
823
827
831
830
831
828
826
827
838
843
840
837
838
828
838
837
841
846
843
845
832
833
828
818
821
824
815
809
806
817
818
819
812
812
805
792
791
790
793
795
792
792
791
784
784
780
775
768
769
765
769
765
767
768
772
775
765
757
763
766
763
758
751
749
755
751
766
762
767
764
767
768
772
766
771
769
771
771
769
767
775
780
782
790
789
789
794
797
791
791
793
793
797
788
798
805
814
823
827
823
823
810
815
817
820
814
810
809
805
807
810
813
807
810
802
806
803
796
801
798
799
787
799
792
789
795
801
798
797
796
792
805
812
812
812
819
824
823
814
817
813
817
815
825
824
828
834
835
839
839
836
840
839
842
839
845
832
830
837
840
828
824
817
815
813
813
820
830
831
830
815
824
825
822
816
812
798
802
799
797
795
798
804
813
803
803
810
817
822
829
825
819
821
828
840
837
841
843
849
845
845
852
853
848
845
840
845
851
856
855
857
857
864
863
859
861
856
861
862
859
860
860
845
853
848
848
850
856
862
866
871
872
868
864
871
870
869
861
856
858
869
872
871
871
871
875
878
887
886
883
883
885
876
874
872
868
874
873
878
875
876
878
865
872
872
868
879
887
896
892
884
892
904
895
899
895
893
894
898
907
902
901
909
900
901
909
902
909
906
910
913
913
921
918
915
908
912
908
914
909
910
902
899
899
900
897
899
898
905
911
917
922
926
920
918
916
914
917
924
924
925
910
908
913
910
914
913
917
912
914
917
914
919
920
922
927
925
931
928
921
913
919
923
920
918
914
915
919
918
910
912
904
902
901
904
904
914
910
911
910
915
919
928
930
934
933
926
923
924
917
918
912
913
924
915
910
909
913
911
898
902
907
904
898
894
898
895
894
896
891
885
891
880
883
882
890
890
884
883
884
888
889
886
887
898
902
913
910
914
916
917
923
926
930
930
932
924
925
920
918
907
901
904
894
891
888
871
859
868
874
870
867
865
860
861
863
868
871
863
857
861
864
867
866
861
857
860
860
857
859
866
870
867
872
878
883
890
883
883
879
886
875
874
864
860
856
865
873
873
875
867
868
867
865
868
862
859
860
861
860
854
855
856
863
857
858
862
870
874
879
886
877
880
878
886
889
898
897
902
903
902
911
910
909
894
891
892
901
902
900
902
900
899
895
901
893
904
914
918
917
920
918
918
920
918
912
913
930
928
928
925
920
926
935
937
935
940
937
939
934
941
937
940
926
921
916
904
905
905
905
902
904
907
901
897
902
899
896
899
897
898
897
900
899
896
900
907
906
901
903
906
915
923
917
915
901
896
897
898
907
906
909
895
891
892
892
899
890
891
892
889
889
893
893
901
901
914
915
918
919
920
925
921
918
919
911
908
909
909
904
911
912
911
901
916
927
929
928
927
929
933
935
935
930
940
936
934
938
928
928
924
918
906
904
912
911
920
919
914
911
917
921
925
924
920
921
912
911
909
904
906
917
904
906
902
903
903
898
891
889
896
892
894
898
896
888
880
869
865
863
869
862
858
861
868
864
860
871
860
868
870
871
874
872
869
858
866
874
873
866
862
861
870
865
868
859
859
856
869
867
863
862
851
854
851
855
856
861
859
861
857
848
839
837
833
830
827
827
821
820
815
815
815
817
816
814
820
818
818
818
816
819
823
821
826
826
824
819
821
816
811
817
820
821
832
838
837
826
827
831
831
837
835
827
828
824
820
822
823
831
825
829
831
828
823
823
825
833
833
833
827
833
826
820
814
804
804
798
802
799
804
806
805
812
806
806
802
803
799
801
806
808
813
809
807
799
798
796
797
798
795
791
794
804
802
808
809
815
802
786
795
805
812
823
819
825
828
835
825
824
834
836
842
843
838
846
842
846
847
859
860
858
858
851
862
855
853
848
851
845
853
853
851
855
854
855
852
857
854
855
854
855
848
849
851
853
865
869
871
874
875
877
876
878
876
869
874
872
874
877
870
872
865
861
851
855
865
868
869
882
878
886
889
886
891
885
885
871
859
858
852
852
861
861
863
867
869
869
864
867
871
881
879
882
872
869
875
870
868
864
861
868
875
867
854
854
860
870
879
879
877
874
869
865
865
867
868
864
859
867
865
869
873
867
861
870
866
862
853
844
841
834
839
845
847
843
836
843
834
828
835
833
844
831
836
831
819
815
814
817
820
817
814
816
817
815
813
821
819
822
821
820
818
813
802
806
810
811
823
821
820
814
802
801
794
790
783
786
785
785
775
780
777
765
761
755
750
744
750
754
750
743
755
748
746
752
759
752
759
757
764
760
762
765
762
753
749
751
747
743
745
747
759
761
757
755
748
747
745
752
751
745
748
763
758
758
759
765
774
774
781
773
771
777
778
772
774
763
769
766
766
767
759
759
757
757
756
759
753
756
755
756
752
741
746
744
745
745
744
746
744
751
751
758
756
748
741
749
743
737
747
735
733
734
738
733
729
734
733
728
728
726
728
731
734
735
737
735
745
741
740
739
743
744
748
747
748
738
734
735
730
715
712
721
719
714
709
714
717
713
707
709
710
712
714
707
711
712
702
701
708
721
716
718
723
719
727
732
731
729
728
728
727
733
732
735
740
743
744
750
755
766
771
775
773
788
785
784
787
784
781
784
787
783
781
763
759
756
755
759
759
758
757
770
766
766
763
762
759
753
758
752
755
751
761
767
768
775
776
779
777
789
781
794
796
795
800
795
798
798
786
798
792
799
805
795
797
794
795
803
804
812
806
808
819
818
819
823
832
832
821
815
816
825
825
821
818
814
814
815
814
802
808
804
805
802
797
799
805
809
805
806
807
810
801
800
804
809
811
807
807
815
812
816
814
811
814
814
824
822
820
815
806
804
804
787
788
783
782
776
780
776
778
778
770
776
775
784
783
789
788
792
787
785
782
784
786
782
781
780
778
782
770
765
763
760
765
774
778
775
780
773
771
764
759
767
773
775
764
763
759
756
759
757
753
750
751
750
753
748
747
745
742
747
750
755
756
751
749
744
748
750
750
749
746
757
756
760
762
761
754
761
757
758
757
760
756
763
764
763
754
752
754
759
757
757
753
752
740
730
717
729
727
735
733
736
736
736
736
734
737
739
733
739
740
745
745
743
747
750
764
762
763
765
776
780
787
790
787
785
793
805
805
800
800
799
806
814
815
812
811
809
803
806
805
801
805
803
792
793
797
805
806
808
811
811
811
807
804
806
801
805
804
798
798
796
796
799
800
803
811
810
804
795
797
797
798
795
796
795
791
790
791
782
783
789
792
792
784
784
795
803
803
804
806
804
806
807
805
805
807
802
809
802
798
793
800
808
810
804
804
806
801
806
810
818
817
813
804
806
804
798
802
797
805
815
809
808
814
819
813
810
812
806
805
808
802
794
789
779
778
770
764
768
771
772
780
787
793
794
799
801
800
802
801
814
808
809
810
815
824
827
831
823
810
817
820
831
833
833
832
831
836
844
842
844
837
830
837
827
827
822
818
828
833
828
827
828
826
817
821
819
822
820
823
817
824
831
842
835
837
832
828
833
833
841
844
836
832
826
824
823
826
828
837
839
851
849
845
844
846
851
845
839
838
845
848
847
844
845
846
844
850
860
863
872
877
887
887
887
892
888
886
888
885
887
893
888
886
890
890
898
899
916
908
910
904
902
905
912
918
914
916
906
909
905
912
923
923
915
913
922
921
924
928
942
944
945
944
937
928
918
925
922
927
920
923
928
931
931
917
912
905
902
909
922
926
929
927
926
923
918
922
933
939
945
953
963
968
958
948
947
948
948
949
953
946
951
959
955
954
951
944
937
949
947
949
937
941
941
940
936
924
922
928
928
922
929
922
921
922
923
931
927
927
939
940
949
946
945
951
951
951
955
964
969
967
961
955
955
959
965
963
962
965
962
957
957
952
946
949
949
947
944
941
946
956
955
955
950
950
949
949
947
947
954
957
954
945
951
961
967
957
962
959
968
969
970
970
971
973
972
979
979
971
971
969
972
981
986
984
981
974
974
977
974
974
967
964
974
971
961
969
962
962
962
966
972
973
962
961
966
967
968
969
965
965
967
968
965
970
975
963
959
954
957
954
955
957
961
965
972
979
980
986
986
989
983
983
974
968
965
967
973
962
966
957
950
950
949
945
960
954
962
962
960
953
951
969
959
969
975
975
976
975
977
978
968
963
965
959
959
951
960
966
965
960
959
954
955
955
951
956
954
952
954
956
958
960
967
967
965
966
972
960
956
957
960
954
947
944
948
952
949
954
952
967
964
956
953
956
955
957
954
953
949
946
934
935
939
949
958
952
957
953
955
956
961
963
971
973
981
984
980
981
978
974
977
976
972
974
965
970
971
978
964
965
965
969
961
963
968
966
965
966
968
967
959
963
959
960
956
952
951
964
970
971
972
972
971
971
972
964
968
957
960
965
964
968
966
967
965
962
963
963
957
953
957
961
960
960
969
967
970
967
970
960
961
968
967
969
970
978
990
999
996
997
1002
1000
1002
1009
1004
1003
992
991
991
990
987
979
972
968
961
965
965
964
963
963
964
969
968
968
967
972
980
982
983
988
987
983
984
987
986
976
980
975
970
971
965
970
972
971
967
963
962
951
953
969
968
968
963
955
956
964
979
978
993
999
1000
998
994
994
992
995
1001
1006
1001
997
996
996
996
990
986
984
981
986
983
983
981
988
981
986
988
980
976
973
966
958
956
957
952
958
960
961
957
949
942
943
946
942
932
932
934
944
938
941
936
942
951
946
945
944
936
936
944
938
934
929
921
923
922
923
926
926
916
916
917
912
911
907
905
913
922
913
910
909
904
905
902
897
895
904
905
908
913
914
907
901
909
903
896
896
898
900
902
896
893
903
918
918
908
903
900
898
897
897
902
898
902
895
895
901
906
914
911
913
915
910
913
914
905
908
912
908
910
914
921
936
932
933
940
937
927
927
932
926
930
921
925
922
921
917
910
904
904
911
911
905
908
909
901
904
903
916
915
907
908
917
917
913
919
925
928
932
925
926
922
924
928
921
927
922
912
911
914
910
924
932
929
930
934
933
950
956
957
967
964
970
958
956
964
950
944
931
931
920
916
922
916
923
925
931
928
934
934
936
930
932
933
928
925
928
934
943
941
934
936
945
948
958
958
959
966
966
956
957
968
961
966
973
964
965
981
980
979
984
979
982
976
977
973
966
970
979
967
962
967
967
970
975
970
974
982
981
973
972
969
972
967
965
962
958
958
950
943
949
954
952
949
951
950
940
942
946
944
942
934
929
931
935
932
929
937
939
936
944
944
940
933
933
934
929
930
927
938
943
938
940
939
933
938
932
925
919
914
928
932
930
929
918
916
912
909
907
904
900
905
906
907
904
903
901
900
901
890
887
888
892
884
885
871
868
868
867
870
870
864
862
855
863
873
869
869
872
867
872
873
882
880
877
872
872
872
869
867
870
854
852
866
865
865
868
858
862
858
865
860
868
856
854
854
859
852
852
855
851
855
856
854
852
844
846
845
839
836
835
843
833
833
826
837
830
830
823
824
809
815
820
810
805
805
810
818
822
823
831
825
825
819
823
826
832
832
844
839
849
839
845
847
849
853
851
857
863
869
871
873
878
873
873
875
877
873
878
884
883
885
889
896
889
891
894
891
892
892
881
879
881
881
890
885
880
884
876
860
857
854
852
854
861
865
855
860
855
857
843
845
839
841
845
840
829
829
820
820
830
842
853
856
855
846
847
863
868
872
882
870
875
869
866
870
871
876
872
867
861
866
865
866
861
855
858
854
853
859
864
858
853
851
851
850
858
863
863
863
862
851
851
856
855
855
862
857
860
864
873
868
875
879
876
864
864
872
882
881
881
881
887
885
887
891
884
885
871
873
871
872
875
882
883
888
892
896
902
901
910
909
904
908
907
908
906
905
900
901
897
898
890
887
887
888
884
882
877
876
875
872
874
883
884
874
878
880
870
872
875
889
894
894
898
900
899
894
894
894
897
900
902
894
887
889
889
888
881
889
885
886
891
894
893
896
892
891
892
886
884
888
892
908
898
889
889
889
881
881
877
869
865
867
867
868
867
870
872
872
870
866
873
868
863
850
854
854
851
838
848
846
851
854
845
852
851
848
848
849
850
849
846
846
847
836
835
839
845
846
831
839
839
838
839
834
839
832
833
837
839
845
841
841
837
842
844
847
855
849
848
856
854
853
849
856
851
841
840
845
846
850
850
848
856
857
855
856
854
849
847
851
849
848
852
852
852
844
847
843
845
837
834
836
841
853
859
860
861
855
857
863
857
849
844
838
835
836
837
832
842
840
843
850
845
842
836
826
829
829
823
832
837
837
838
834
836
838
847
848
850
844
845
845
847
848
844
836
833
826
825
826
826
824
816
823
824
822
809
810
809
803
800
803
807
806
814
808
801
797
792
796
805
808
808
814
808
816
811
815
817
818
814
816
810
809
804
812
801
801
801
799
795
796
795
796
787
784
778
778
780
772
761
757
763
760
758
755
759
756
739
736
739
736
739
745
738
728
736
734
742
736
739
734
735
738
734
736
729
732
720
713
714
720
709
712
715
716
725
720
721
713
711
714
708
718
718
715
718
716
725
728
733
737
728
734
731
737
737
736
745
748
738
743
734
739
744
742
751
746
741
731
726
726
718
725
728
736
728
729
727
732
743
746
744
745
748
758
763
759
756
748
744
744
744
740
746
740
734
730
732
726
719
713
709
716
717
712
711
711
702
706
710
702
704
708
717
710
719
715
723
718
716
714
721
713
717
713
706
692
693
695
699
694
699
709
715
714
707
705
708
707
701
708
709
713
708
707
706
705
708
700
704
701
696
698
696
701
706
709
705
697
698
695
709
712
711
706
698
696
697
708
712
708
719
718
721
716
715
719
723
722
720
717
723
717
719
714
706
708
706
709
705
709
705
706
711
710
716
717
715
711
710
712
711
720
712
707
707
707
710
710
716
708
702
702
704
695
700
703
696
697
700
706
709
699
700
691
692
692
694
697
695
699
697
706
705
712
715
722
730
727
728
734
734
739
742
737
750
746
745
748
748
745
748
753
754
764
767
778
776
771
768
764
768
765
771
767
770
769
768
767
777
780
781
779
774
771
782
787
785
785
781
780
772
773
773
764
750
756
742
744
740
746
739
743
745
754
762
760
754
758
763
766
769
773
765
762
759
764
766
770
775
773
779
777
776
784
775
766
759
755
756
756
757
746
741
748
748
744
736
737
730
733
727
726
720
723
720
717
716
713
715
710
713
714
719
723
729
728
724
726
729
737
733
733
738
741
744
741
742
739
739
732
730
724
721
724
731
735
727
724
711
701
707
705
710
706
709
703
708
709
706
710
713
718
719
718
714
708
711
704
698
698
698
698
703
697
686
695
699
706
714
714
702
711
715
717
716
709
708
702
695
689
688
682
679
675
684
688
691
684
689
691
691
697
695
691
688
688
691
695
692
696
692
686
679
679
676
687
699
697
695
692
700
701
699
711
717
719
716
717
722
722
711
719
722
723
725
727
731
728
727
719
725
723
725
729
731
719
720
731
725
721
719
729
723
720
717
722
727
724
717
728
728
740
739
733
744
748
753
753
754
750
757
765
774
771
780
790
799
792
798
792
789
785
793
796
799
793
794
798
803
799
797
800
796
798
790
795
784
782
773
776
782
779
778
781
781
774
771
759
757
764
766
768
760
762
760
764
769
768
760
760
767
772
769
772
776
768
771
765
759
766
765
771
774
776
776
777
769
771
773
771
768
772
769
776
781
773
769
770
768
767
762
765
774
768
769
761
758
749
742
747
747
749
752
747
751
751
746
748
753
758
769
763
773
783
793
791
792
793
787
778
774
764
774
770
773
777
770
767
772
774
763
764
757
765
767
770
775
776
779
768
764
764
765
768
767
767
770
769
774
777
768
769
767
771
767
776
786
790
789
789
794
800
795
797
796
801
797
795
794
794
795
796
787
794
806
798
793
791
792
796
784
778
782
790
791
785
777
774
769
774
767
760
763
762
771
767
766
771
765
774
777
777
777
788
791
783
787
777
781
771
770
773
773
775
774
771
769
763
759
773
762
761
748
748
742
741
738
740
744
746
741
751
753
751
745
747
747
736
735
735
721
722
722
719
718
719
719
719
724
722
727
727
728
731
733
731
736
735
736
739
740
727
723
724
727
733
733
730
726
726
733
727
726
723
727
732
731
736
731
731
733
730
723
720
721
720
724
728
723
724
716
715
730
725
723
722
727
718
726
730
738
740
729
734
739
746
743
741
743
738
730
734
751
750
760
764
761
764
760
755
762
759
764
764
760
759
755
767
769
768
763
770
770
764
768
768
773
770
781
784
791
803
795
791
800
800
788
794
803
798
800
791
787
791
790
798
802
803
798
795
788
790
791
790
789
793
789
798
794
785
784
783
784
781
790
793
796
796
803
804
813
817
821
818
820
821
833
836
840
837
835
840
848
859
867
867
871
873
870
871
867
873
872
866
858
860
855
850
852
857
864
858
855
847
849
849
856
860
856
850
855
860
861
856
849
846
845
836
840
840
839
843
841
849
849
844
842
845
847
850
866
869
863
869
864
868
870
872
881
881
879
874
865
878
885
881
890
892
888
885
882
882
871
864
867
870
866
866
857
855
854
857
864
874
874
881
880
874
870
880
881
879
870
863
865
860
867
860
862
853
849
855
858
852
855
847
834
837
829
828
825
834
840
843
840
850
852
856
852
856
866
871
875
874
873
872
876
866
860
855
859
860
855
856
860
859
853
848
854
853
858
855
855
855
851
853
855
846
851
848
847
853
852
855
854
847
855
856
860
860
861
866
863
860
863
864
873
874
868
864
860
855
860
869
865
861
855
853
856
855
860
861
857
861
854
854
864
866
860
863
878
881
884
884
890
887
886
882
879
870
870
871
877
886
888
884
879
881
885
884
886
885
884
866
875
881
876
872
874
871
870
867
865
864
874
872
871
870
864
860
862
862
865
866
864
857
859
860
858
861
871
873
868
870
864
862
857
849
841
845
843
839
831
828
831
831
833
822
822
816
811
816
821
829
834
828
819
815
817
826
831
837
832
828
821
821
818
816
811
812
811
810
812
801
798
800
811
809
817
827
819
810
803
805
803
806
798
802
805
797
792
788
789
791
792
789
790
803
804
809
806
809
810
811
807
813
807
808
807
811
811
807
810
810
811
807
802
789
789
793
798
791
778
777
782
785
787
782
769
776
776
778
773
773
773
773
765
765
776
773
773
776
775
779
768
777
777
775
770
768
767
778
781
780
780
783
782
786
776
764
770
772
765
764
767
770
771
774
764
763
768
766
763
763
766
767
775
769
770
769
765
756
764
763
764
762
771
777
782
781
781
780
785
789
789
787
790
793
799
800
811
807
810
812
814
823
822
831
832
841
844
849
845
852
849
840
837
839
827
839
835
826
818
826
829
829
826
824
821
815
818
820
823
825
821
825
831
836
838
830
816
822
822
820
