0
21
15
20
22
26
19
23
21
19
29
27
27
29
21
34
36
31
26
27
34
28
25
24
25
24
27
28
33
28
20
22
18
18
21
32
37
42
44
48
45
49
50
57
57
47
37
26
34
30
32
20
23
23
15
15
12
11
17
17
15
14
12
16
11
16
16
21
17
21
29
40
48
47
45
43
41
37
42
41
59
55
56
54
51
63
62
65
55
58
57
59
51
52
51
42
34
41
37
36
32
40
42
33
29
31
33
34
28
33
24
14
14
23
13
14
12
20
19
32
35
37
31
40
38
37
37
47
42
40
40
36
29
24
24
31
36
29
30
28
29
31
27
26
30
29
29
31
30
29
37
36
45
39
37
36
36
29
37
46
48
50
44
52
54
66
61
55
51
54
51
57
55
54
49
49
46
46
49
47
42
36
39
37
32
32
28
38
40
46
41
37
35
37
35
32
31
30
25
34
32
29
31
27
24
28
31
32
41
43
49
54
50
44
48
49
55
63
60
72
72
77
70
72
74
82
78
80
85
74
77
82
84
88
88
80
88
76
74
74
72
64
66
62
69
70
75
80
77
75
66
62
62
66
63
73
72
67
72
69
67
65
68
68
65
57
55
51
47
38
37
35
31
22
29
17
19
10
14
28
30
23
24
21
26
27
27
28
27
22
16
18
17
25
29
30
30
34
31
32
35
38
29
29
30
32
33
26
21
21
20
21
10
18
24
22
20
20
11
17
20
19
19
18
10
22
21
13
12
7
11
19
19
21
24
13
15
20
12
12
19
16
21
23
20
23
28
30
35
37
37
36
37
43
49
45
37
44
41
40
29
24
24
26
26
23
24
23
30
33
37
37
30
28
23
29
36
32
29
30
24
32
31
37
31
24
20
13
12
19
21
28
29
29
28
26
28
25
33
40
30
31
30
36
37
33
42
50
53
48
58
50
46
51
48
57
57
53
48
46
53
56
54
48
54
49
50
43
50
46
47
45
35
40
36
29
30
41
46
59
57
64
72
75
68
64
71
71
71
75
68
62
54
48
44
36
28
19
22
15
18
26
20
18
21
14
21
26
31
36
33
32
31
35
37
41
38
42
48
42
49
53
59
65
71
67
65
68
71
76
75
73
65
60
54
52
63
64
73
66
63
65
76
82
71
82
73
73
83
89
95
92
91
90
100
94
93
81
77
72
74
76
68
80
87
80
85
96
88
79
80
82
87
95
94
83
88
86
81
79
76
70
73
77
71
81
77
74
67
58
51
57
56
54
54
53
49
57
69
67
65
69
67
62
58
64
52
53
62
65
76
73
72
78
71
64
75
79
74
79
78
65
65
59
59
64
66
58
45
48
57
52
58
68
68
68
75
79
71
71
69
73
57
60
47
37
29
37
43
38
45
47
37
38
31
28
34
42
33
29
27
24
31
26
19
12
13
9
15
20
16
19
21
15
16
19
18
22
21
20
33
29
27
27
29
36
42
42
35
34
31
21
27
20
7
17
12
13
21
20
28
18
14
20
14
14
11
26
33
36
31
28
32
34
20
26
28
26
32
29
37
35
37
35
33
34
36
41
42
39
42
38
38
33
38
30
33
33
36
38
41
39
35
40
44
50
47
46
50
60
56
61
65
60
64
70
63
58
58
46
50
55
56
69
66
62
61
58
64
57
59
54
54
55
55
58
55
68
70
62
60
59
64
68
72
72
72
73
60
63
66
58
60
60
53
47
50
45
36
40
39
48
47
47
49
48
41
35
29
24
24
25
36
28
27
26
33
30
29
20
14
21
11
13
16
24
29
29
37
41
44
41
48
62
67
69
82
81
81
80
77
71
70
74
74
66
65
63
65
70
62
62
54
56
46
42
43
45
41
47
42
39
37
36
38
36
32
29
25
20
28
28
35
37
37
45
47
46
47
50
53
56
59
57
47
51
60
60
68
59
63
65
70
65
65
61
67
73
78
75
69
70
80
72
71
77
81
88
99
99
100
103
102
95
87
82
71
74
71
69
78
74
72
68
62
62
65
55
53
51
54
58
57
58
56
60
65
65
63
60
58
60
63
61
69
64
64
70
73
76
80
76
71
69
62
60
67
65
71
73
68
73
60
59
55
53
53
48
46
44
35
32
39
39
29
32
33
37
30
23
25
18
27
24
19
25
17
13
10
13
13
12
15
13
16
15
14
15
19
16
5
15
20
26
35
35
29
28
24
17
14
18
14
9
14
14
25
26
23
14
29
24
23
16
24
22
26
22
14
13
18
9
17
12
10
14
16
14
10
19
23
25
21
15
14
11
21
19
17
11
18
11
20
20
20
18
31
34
34
36
28
25
25
20
22
23
14
17
26
25
30
25
16
14
21
29
39
31
29
27
23
24
27
29
34
35
41
38
31
24
21
17
16
13
19
10
22
27
23
27
18
22
35
34
28
20
29
27
16
26
22
17
25
20
18
14
12
8
17
21
24
33
35
40
44
44
45
40
36
32
40
44
38
47
56
59
60
52
47
44
46
40
35
34
32
32
28
23
21
14
11
13
16
19
12
22
33
37
34
34
30
34
33
21
16
18
15
12
14
18
10
18
23
24
30
33
32
36
36
40
44
38
38
39
38
42
46
48
48
48
51
61
63
58
55
54
60
60
64
62
56
59
52
53
57
54
59
69
70
63
65
64
67
71
76
69
71
67
76
77
76
77
78
85
80
84
83
87
96
96
98
95
105
96
103
97
104
103
104
108
111
115
108
110
119
127
129
136
128
133
131
131
134
141
130
141
144
133
132
128
127
130
133
138
136
133
126
126
129
133
141
132
136
130
128
135
137
129
132
139
136
134
142
148
153
151
146
151
141
142
139
136
133
134
137
129
137
131
130
130
140
142
144
150
155
164
166
169
171
169
166
173
167
177
170
176
170
162
168
165
156
153
159
166
177
183
188
172
182
186
180
173
170
162
165
166
171
164
161
162
162
163
161
162
162
163
171
171
179
167
163
158
160
156
150
152
154
156
158
152
145
140
128
126
124
116
118
120
126
125
122
120
122
128
116
112
109
102
100
96
92
94
91
92
99
95
104
109
110
107
106
111
119
121
126
132
134
145
150
157
157
155
157
166
157
153
155
156
147
154
156
155
152
154
160
155
153
154
147
151
143
137
144
140
140
135
134
135
133
141
142
141
144
140
143
144
148
151
162
159
155
161
153
152
148
141
135
131
129
136
144
145
140
140
137
135
126
126
125
120
117
117
111
121
120
116
117
113
108
113
104
105
100
92
99
95
91
86
81
90
90
95
96
84
77
77
76
84
84
87
86
89
86
92
98
94
93
86
84
85
86
82
81
80
91
86
89
94
96
100
97
94
107
120
114
111
111
111
112
113
111
113
111
110
100
98
93
98
92
90
93
95
94
97
102
114
121
108
104
109
103
95
102
103
99
108
100
99
108
109
97
101
102
101
106
109
104
106
115
113
120
118
119
121
130
131
132
133
121
123
117
124
124
131
126
125
118
117
112
110
114
123
124
119
121
123
122
126
131
120
123
120
118
108
102
98
99
100
99
93
89
95
84
87
86
87
87
79
85
82
90
81
83
90
86
89
87
82
78
76
84
92
78
86
83
86
80
72
72
80
65
68
70
65
63
59
63
66
66
62
54
66
71
70
62
58
52
52
46
52
57
54
56
52
56
54
53
48
51
49
48
49
47
47
53
50
63
60
64
66
65
68
58
60
68
72
73
68
63
68
71
81
72
69
75
78
87
95
95
93
86
84
78
74
83
90
90
85
82
80
77
74
75
80
82
81
74
72
74
69
64
67
56
56
54
59
70
62
67
74
71
62
54
50
57
56
64
73
75
70
64
63
63
64
65
76
79
81
79
86
89
83
78
69
53
45
45
46
46
38
51
51
56
67
65
54
61
65
64
71
74
70
84
82
87
88
100
96
98
96
91
83
83
70
64
66
63
58
61
62
67
61
55
61
60
55
57
58
59
61
66
72
71
60
55
37
40
42
44
47
39
38
45
36
32
34
30
25
25
24
22
18
14
25
31
26
20
14
14
14
10
16
18
21
19
34
35
27
24
20
29
25
24
11
17
14
19
18
12
9
18
25
18
20
14
15
15
17
23
31
26
27
26
31
32
37
32
27
28
27
29
24
31
31
24
13
15
21
16
19
24
30
30
22
29
19
23
23
29
34
40
41
35
38
51
43
41
40
40
42
40
38
43
59
74
77
76
66
66
61
63
60
57
56
56
55
60
52
57
54
48
59
61
59
63
65
72
71
71
71
73
57
48
59
60
68
75
74
75
76
83
82
78
83
78
77
75
78
79
77
79
79
85
80
77
80
78
80
83
85
76
80
85
82
91
81
77
86
84
93
99
94
97
97
102
98
104
104
104
94
101
106
101
98
102
106
109
115
122
119
102
103
94
111
112
116
120
115
115
108
109
107
100
102
105
105
103
106
87
85
84
75
66
70
76
80
82
83
75
78
79
76
82
85
79
81
74
73
70
64
68
71
63
59
55
54
64
62
58
53
46
49
51
56
53
47
56
54
49
48
50
52
52
45
49
49
41
34
36
29
24
26
11
18
14
15
21
19
11
14
16
16
18
23
24
34
33
26
24
17
18
18
25
20
26
26
34
26
24
24
20
26
18
21
20
21
27
20
17
17
25
26
28
33
40
42
44
35
35
40
41
44
44
36
34
29
36
50
53
52
49
39
31
33
32
41
38
39
39
36
35
33
29
22
13
12
12
11
22
27
35
25
23
16
19
29
18
20
22
19
15
19
23
32
27
25
30
28
24
17
16
17
17
12
14
21
18
18
9
12
16
17
12
14
15
20
22
21
20
27
31
25
24
26
18
13
16
21
23
19
25
20
25
31
31
39
47
47
42
42
47
49
51
47
51
52
44
39
53
54
64
68
76
81
74
85
94
99
99
98
101
103
101
95
97
89
80
80
82
81
84
89
91
97
101
97
101
114
110
104
113
120
132
132
131
128
129
135
143
148
144
152
147
144
154
156
168
156
142
149
149
149
138
139
149
142
144
145
142
149
148
156
151
147
161
163
162
168
166
172
178
174
175
175
172
165
159
161
159
164
169
167
166
169
173
171
176
170
176
176
174
177
180
181
176
184
176
178
171
174
176
186
190
190
191
186
177
186
179
179
180
178
170
164
166
163
166
166
162
158
164
158
147
146
134
136
142
142
134
141
136
133
127
128
132
140
141
133
132
143
144
139
133
134
128
127
128
125
129
134
141
139
137
135
139
143
142
150
149
150
152
156
144
141
145
140
144
139
138
138
139
139
136
132
122
112
110
110
113
124
120
110
103
101
107
103
109
114
115
109
116
126
128
135
140
138
131
124
128
124
129
135
140
143
152
156
148
148
150
147
142
142
140
133
128
129
128
129
120
123
128
129
132
141
143
143
142
136
135
134
136
130
133
136
133
130
131
134
132
128
125
135
139
151
149
150
145
140
135
140
138
138
145
140
143
142
136
128
122
120
115
117
120
125
126
138
143
141
142
150
141
141
140
144
142
141
146
136
146
147
144
150
149
157
165
162
164
160
159
163
176
177
174
176
176
174
167
173
170
164
163
162
153
163
163
159
165
167
176
181
177
178
173
182
179
181
180
177
183
191
200
198
194
197
192
201
196
195
199
210
204
203
201
202
195
196
192
189
184
180
181
184
177
181
184
191
186
183
184
185
186
178
177
170
176
173
173
170
173
172
170
168
172
171
169
169
171
171
175
180
189
186
173
182
165
166
162
157
167
164
161
159
161
155
155
158
148
150
152
155
143
144
146
150
151
150
153
165
155
149
149
153
153
150
142
143
143
150
146
152
160
167
163
165
158
156
159
152
149
145
143
137
134
140
141
133
131
128
139
134
121
113
124
120
121
121
119
124
118
114
115
107
104
104
105
97
93
93
97
93
97
98
92
87
82
84
90
88
83
81
82
84
85
91
94
87
81
80
89
92
90
86
85
77
84
79
72
76
74
84
88
89
90
86
77
68
59
61
69
60
55
54
56
58
59
71
68
60
58
45
47
48
54
57
65
62
61
58
56
56
64
60
58
69
64
57
56
65
69
69
65
79
81
77
76
73
78
72
73
71
75
77
72
68
65
64
60
64
66
69
64
60
64
67
72
73
73
66
75
72
68
65
67
73
72
69
64
68
69
66
71
74
72
76
78
92
92
95
95
93
92
82
82
87
87
94
93
81
83
83
79
79
77
85
87
75
71
66
64
59
55
60
61
51
49
54
49
45
42
39
41
43
37
48
44
44
37
35
39
47
56
52
53
53
54
59
65
66
61
73
77
82
84
91
101
100
84
78
85
71
80
83
91
89
90
86
88
84
77
74
71
74
71
67
70
63
66
70
68
58
60
56
62
69
65
69
66
71
71
70
70
77
81
85
77
86
84
90
87
97
102
97
98
105
112
112
109
109
100
97
92
90
92
99
102
103
96
102
100
113
122
109
110
107
116
121
127
131
136
134
144
148
147
157
160
156
158
155
168
172
170
170
174
167
170
168
163
163
164
160
161
157
158
163
160
165
166
163
169
174
167
168
168
169
169
168
163
160
162
158
163
163
157
152
148
142
146
152
152
152
158
163
165
171
173
179
177
179
177
175
183
188
185
181
178
183
191
195
210
207
205
216
225
233
226
227
223
225
234
227
231
230
229
231
232
235
231
233
237
232
232
228
232
240
242
243
247
246
246
246
259
257
257
257
249
253
245
244
250
263
277
288
280
283
285
290
287
288
289
278
279
272
281
282
279
276
280
282
283
283
282
286
285
284
293
278
278
265
264
270
276
281
276
282
282
285
279
279
283
277
288
288
285
291
288
286
283
276
273
278
269
256
256
267
269
276
279
283
275
280
277
275
269
270
271
272
275
270
272
269
266
266
266
271
264
255
260
260
254
256
263
258
260
252
252
259
256
260
250
245
244
242
236
239
232
237
236
240
245
251
251
246
252
247
250
250
253
269
271
277
271
273
279
275
275
268
273
273
270
270
262
265
264
258
253
253
258
257
257
255
256
247
245
252
250
250
247
246
250
244
244
249
239
237
236
238
233
243
239
233
235
232
231
232
232
240
244
248
240
234
216
214
209
216
222
229
231
230
232
226
226
221
221
223
216
223
226
228
221
224
223
226
229
226
227
221
223
232
223
224
215
214
212
210
197
204
195
189
191
191
193
186
186
185
181
184
184
177
179
169
169
169
173
183
188
194
188
188
186
180
186
178
184
178
178
183
174
178
174
180
179
178
180
166
173
168
164
162
166
162
164
161
161
158
145
144
149
146
145
149
145
153
156
146
161
170
181
177
187
191
179
171
173
173
174
167
161
161
170
173
169
169
168
168
164
167
167
158
155
153
159
150
146
141
135
127
127
125
124
122
113
102
94
84
78
78
77
70
77
75
75
70
71
72
72
77
71
81
80
85
83
78
78
74
66
65
67
72
73
75
83
77
75
74
78
83
90
84
86
91
101
102
103
98
100
107
97
103
107
109
116
110
105
105
105
107
110
115
121
113
108
108
106
101
98
94
94
101
104
97
102
95
100
92
86
78
68
67
69
71
70
66
59
64
64
66
63
65
56
53
56
51
44
38
31
24
25
25
24
19
22
27
33
32
35
39
32
27
24
29
26
25
26
26
21
29
31
37
31
30
31
33
33
30
22
35
29
32
36
50
57
57
53
45
40
38
40
48
59
56
52
50
49
52
46
40
39
38
31
29
32
29
29
34
27
21
18
21
18
15
20
22
22
16
26
19
14
16
18
27
23
24
21
13
15
11
19
34
39
40
33
34
26
19
14
16
16
16
17
24
17
12
10
23
19
12
15
17
18
32
28
32
32
30
37
36
41
41
39
33
38
39
42
46
48
46
53
55
61
55
51
57
57
55
56
55
49
51
63
53
47
46
43
39
36
47
48
43
44
55
56
63
63
61
56
60
67
68
66
63
72
66
70
63
63
67
64
60
59
65
65
59
59
64
62
69
64
66
68
61
58
53
50
51
56
59
67
70
64
62
63
62
62
56
61
62
62
68
72
82
89
93
98
102
102
86
87
92
86
90
94
92
92
78
76
73
60
62
57
54
52
44
38
33
35
28
37
42
47
45
50
45
41
41
35
25
29
33
23
28
36
43
39
25
24
28
37
33
26
25
24
21
22
26
34
43
42
38
37
48
41
43
36
36
41
39
43
37
27
26
33
36
35
36
36
33
20
21
21
20
12
11
18
8
14
16
11
18
14
14
18
20
26
29
17
25
24
23
24
22
29
21
27
22
24
28
29
29
20
31
39
35
42
48
53
63
68
64
64
70
71
76
75
75
69
67
60
66
73
70
74
77
68
66
69
65
57
53
67
61
59
56
65
64
57
63
61
64
59
51
51
46
36
33
25
20
16
19
16
14
18
18
24
24
25
22
32
33
33
38
31
37
28
39
35
29
22
21
19
20
12
24
24
20
25
21
19
13
18
9
18
19
19
19
25
28
31
36
39
37
35
33
39
38
48
49
51
58
59
61
68
66
80
67
66
63
70
67
67
66
63
65
63
61
65
65
62
67
65
64
61
44
48
50
48
51
57
60
66
63
69
70
65
69
71
70
68
64
66
73
74
76
74
80
77
69
68
66
58
61
71
67
70
56
66
65
65
75
69
66
73
75
68
60
69
77
79
85
88
96
93
95
96
89
88
92
98
93
99
95
106
113
102
93
102
106
109
118
129
126
131
128
128
123
122
113
104
107
108
103
115
119
119
122
121
115
116
114
107
108
108
113
115
109
105
99
101
97
97
100
99
94
97
91
104
107
113
113
113
125
130
142
138
133
122
116
115
121
115
112
124
121
113
115
120
116
110
114
115
116
120
120
111
114
116
124
121
117
122
124
122
118
119
119
108
117
107
113
102
102
107
106
103
109
117
107
111
121
120
116
108
110
114
124
121
121
125
117
128
126
125
124
128
136
139
134
134
139
133
124
122
123
120
121
132
127
130
133
124
123
120
111
107
110
114
123
126
128
131
133
140
145
152
158
157
159
158
158
154
149
148
145
154
159
157
157
155
150
150
143
144
151
152
150
145
143
145
132
125
127
128
131
136
132
141
154
161
170
171
175
184
192
198
198
196
188
188
195
193
193
198
199
205
205
201
195
197
202
197
196
200
200
192
196
194
193
191
191
190
188
199
198
198
200
204
197
196
202
200
206
201
200
200
197
198
201
202
202
201
195
197
191
193
196
200
191
192
193
193
194
201
214
214
211
209
199
197
204
205
206
210
209
208
204
206
203
202
205
200
199
194
196
204
204
202
205
205
220
220
222
229
221
217
223
222
227
231
223
226
226
223
214
207
211
205
199
197
196
195
189
188
196
197
189
182
184
192
193
192
194
193
187
173
169
164
157
158
156
154
151
149
151
154
152
145
149
150
150
154
155
151
159
164
165
160
157
159
162
168
162
160
166
160
162
162
166
166
170
158
152
152
160
156
158
153
155
149
151
148
154
157
159
159
157
161
164
167
175
181
175
170
166
161
176
176
168
172
164
166
165
157
163
160
154
151
158
167
167
165
168
163
166
162
157
147
151
149
151
151
149
151
146
135
139
146
147
159
167
164
158
156
150
155
152
146
144
148
153
153
156
153
150
150
145
138
141
151
159
157
161
174
173
172
172
165
165
168
174
173
171
167
167
159
157
159
155
157
166
156
155
170
163
167
169
166
158
162
163
165
171
169
163
156
155
153
156
161
161
159
160
163
155
163
166
170
163
154
143
144
144
152
158
168
169
169
165
162
160
166
178
181
183
186
189
197
188
199
198
187
184
187
189
187
191
193
200
197
206
203
199
209
211
202
194
187
195
205
198
196
197
189
195
198
198
194
188
198
200
209
214
208
208
203
201
196
199
195
194
193
199
199
201
210
210
207
209
215
217
218
213
213
212
206
207
190
190
185
187
193
192
190
195
198
198
199
201
195
200
201
202
207
204
205
199
203
196
198
194
194
200
216
224
223
220
216
223
224
233
242
245
244
258
254
251
259
260
257
251
259
259
264
269
274
284
288
291
287
296
293
292
290
285
279
282
287
295
293
282
292
290
282
285
290
295
298
295
294
302
296
291
301
296
291
288
299
297
302
307
315
311
308
312
306
310
314
324
330
325
322
317
316
310
310
297
292
297
302
293
291
297
297
298
306
299
294
303
302
312
311
303
306
307
317
328
322
317
326
330
331
337
341
351
360
352
358
357
344
336
338
349
361
361
354
352
361
358
355
349
362
355
352
359
365
364
357
352
357
359
355
345
339
345
344
349
355
355
351
352
354
347
345
354
348
337
330
322
331
333
333
332
338
324
319
311
315
323
322
336
335
340
342
317
310
315
311
313
321
315
317
315
308
317
321
326
328
332
331
329
329
331
325
323
323
326
327
324
324
329
321
320
319
319
319
319
320
324
327
332
333
326
329
323
319
327
331
322
326
312
316
313
325
327
326
326
329
326
330
323
326
321
318
316
319
315
315
324
317
313
310
312
321
325
325
324
320
326
326
318
320
341
340
338
341
336
338
339
342
333
338
326
328
327
322
319
317
320
322
330
331
330
326
330
322
329
318
321
316
302
300
299
308
306
307
306
315
314
319
313
314
321
334
334
344
334
328
332
334
338
342
334
334
333
337
341
335
334
342
335
327
324
318
321
320
322
322
316
313
312
313
304
305
299
301
301
295
302
303
310
307
303
301
293
299
302
303
301
294
292
297
289
304
303
296
294
299
299
293
288
287
292
297
297
294
300
304
299
301
300
299
300
300
297
298
294
297
301
302
302
297
296
298
290
288
285
289
285
278
279
277
274
266
258
264
263
265
267
269
266
269
268
265
268
260
262
255
256
250
247
253
251
245
250
256
257
259
254
248
240
244
241
243
249
249
243
241
243
241
238
233
231
224
216
219
216
217
225
222
219
212
209
215
215
226
219
208
206
210
209
206
207
199
193
190
179
182
187
183
183
188
184
181
187
185
187
192
195
191
189
183
184
193
195
189
190
192
194
192
197
199
205
194
185
186
182
183
188
198
199
198
202
197
189
188
189
192
197
209
200
202
202
197
202
201
193
190
194
186
191
196
192
188
187
189
187
192
197
190
199
208
207
205
218
217
210
214
229
232
235
240
234
227
226
227
230
228
226
224
236
240
246
247
258
258
268
251
255
254
252
251
263
266
262
272
279
274
283
286
291
284
286
293
294
289
294
303
299
300
306
311
309
311
311
316
321
323
322
317
316
321
328
327
335
328
322
320
316
310
311
304
310
309
305
307
296
300
313
314
317
314
330
336
341
332
328
340
343
340
343
343
336
337
340
335
342
336
335
339
329
333
338
339
332
333
338
347
333
339
338
334
338
344
349
366
362
370
368
372
386
384
384
380
375
373
373
366
375
376
377
384
386
381
378
370
369
366
367
365
366
359
365
368
360
350
344
344
347
341
334
338
341
344
343
348
356
348
349
349
343
338
327
330
325
331
336
340
346
341
345
351
348
355
359
365
364
368
363
372
379
378
381
377
392
394
387
388
384
381
380
379
385
390
389
382
385
377
378
384
387
386
381
378
381
387
399
401
406
402
403
404
397
393
396
401
407
402
405
407
416
430
431
437
432
432
428
431
436
439
445
440
438
440
447
460
458
465
467
470
467
464
466
465
457
455
461
470
470
463
478
474
480
474
476
478
480
473
468
461
473
478
475
489
488
495
492
490
497
507
502
504
495
490
492
497
495
501
512
519
528
533
527
518
526
533
530
527
527
528
530
533
528
526
525
523
527
514
519
514
517
516
514
515
510
505
502
509
509
513
525
524
521
525
522
519
511
497
493
493
492
490
489
480
492
484
485
475
473
475
477
476
474
472
473
475
474
474
458
464
469
470
479
486
490
483
482
477
464
459
455
451
452
452
443
443
437
439
446
451
453
448
442
454
444
436
431
425
411
409
406
400
398
395
395
403
399
397
398
406
410
417
414
418
421
410
411
417
429
433
435
441
435
439
434
428
423
427
423
422
424
423
426
424
435
441
438
440
439
434
434
439
449
442
444
442
446
447
444
447
445
446
447
443
448
439
427
410
413
411
417
418
421
426
436
441
440
445
450
456
448
447
454
455
470
463
463
464
455
453
463
465
466
466
458
455
456
460
459
456
452
456
464
459
449
445
445
454
460
458
452
457
460
463
454
453
459
449
444
449
446
444
442
446
442
443
438
442
442
433
432
432
437
432
425
430
434
425
429
424
426
422
415
412
415
401
398
400
400
405
406
403
405
401
402
407
396
392
394
403
401
406
410
401
402
393
399
403
407
406
391
387
385
385
387
386
379
374
370
374
368
368
369
361
358
355
354
349
354
353
356
350
361
357
358
362
367
367
364
367
362
356
349
336
325
322
324
321
318
322
310
313
317
324
318
323
330
336
337
333
335
340
337
333
331
334
330
337
339
335
336
339
345
340
339
346
344
342
349
350
353
353
350
352
346
349
346
344
345
343
344
346
347
340
336
340
344
348
345
356
346
349
360
356
355
352
350
347
353
354
364
364
375
364
360
360
359
354
344
338
340
349
345
339
339
341
345
346
339
345
345
345
340
338
340
339
336
341
340
333
331
338
338
340
343
341
351
350
357
351
348
357
351
363
350
353
358
366
363
363
372
387
388
393
394
402
405
408
409
414
414
427
428
432
427
425
434
434
435
430
433
435
444
446
444
446
444
444
449
450
442
447
450
446
454
452
451
453
448
453
443
445
451
448
452
457
450
451
447
445
446
443
446
457
458
450
448
453
458
463
458
465
462
467
460
466
476
482
483
486
480
488
488
486
473
465
473
472
474
470
467
467
465
460
454
456
446
450
451
461
457
462
457
460
457
461
478
472
472
471
473
477
471
474
475
473
475
483
489
487
490
492
490
477
476
482
490
488
482
479
474
473
472
472
480
476
479
474
472
468
460
460
467
472
485
484
479
478
477
481
474
474
474
478
476
474
475
475
478
477
483
490
485
485
493
502
503
508
508
506
503
510
503
506
505
498
501
493
494
482
482
483
475
475
470
472
467
466
472
465
461
465
453
454
453
455
454
449
446
444
447
448
444
439
434
436
444
446
446
438
446
441
450
454
455
445
437
425
420
421
418
418
416
411
412
410
410
412
414
420
418
416
412
414
420
418
416
423
428
414
403
403
407
414
417
422
428
425
417
414
410
417
409
402
392
394
402
407
414
415
414
419
411
410
416
415
417
421
415
432
430
428
432
432
434
429
426
423
421
423
423
425
412
420
416
416
420
423
418
425
426
431
441
444
445
444
439
445
449
449
443
446
449
445
452
454
452
455
457
469
473
468
476
466
468
472
470
467
462
474
472
470
473
476
471
460
455
457
456
454
454
458
465
465
467
462
458
467
466
469
469
471
470
477
481
481
477
474
469
467
466
461
466
466
464
461
462
472
471
463
462
464
464
472
475
478
476
473
471
461
464
468
471
474
473
469
470
474
459
460
455
454
451
451
443
443
447
451
449
448
453
456
440
440
434
444
445
449
450
454
459
458
460
468
467
471
473
474
474
473
486
486
486
486
490
491
492
502
491
494
491
488
494
496
494
494
497
504
494
489
495
486
489
499
507
512
509
502
505
512
512
517
534
536
541
549
544
550
556
558
555
558
558
554
549
551
551
546
548
553
552
566
566
564
559
566
566
567
567
553
556
546
549
549
556
554
559
559
562
562
556
555
560
570
562
572
568
565
561
554
551
542
545
535
534
538
540
544
544
542
545
539
536
541
545
552
540
550
553
552
543
540
548
550
539
542
546
545
550
556
562
565
553
560
558
551
547
547
551
544
536
541
549
548
550
546
542
538
529
523
526
526
525
529
536
533
530
523
528
528
528
523
526
527
525
518
522
523
517
511
511
507
512
510
505
511
505
505
512
512
507
504
503
499
501
500
496
502
505
504
508
503
504
503
498
499
500
498
496
498
494
488
486
474
483
489
496
504
502
505
510
502
499
494
490
498
498
490
480
484
481
479
477
475
480
477
472
480
483
485
476
475
474
464
462
457
452
448
454
450
446
448
438
436
434
422
429
433
434
431
431
427
418
420
406
407
406
401
400
407
412
405
401
409
413
411
407
408
403
408
408
403
392
388
386
379
386
381
384
385
389
383
385
391
379
371
368
365
369
362
354
352
357
357
363
357
362
363
351
343
344
339
341
337
343
341
338
342
333
334
329
323
331
335
334
332
332
336
330
332
335
336
336
331
333
337
344
340
339
347
354
358
364
359
360
361
363
379
375
368
367
374
379
377
371
366
371
361
362
365
362
358
362
371
376
383
388
381
382
388
372
377
385
385
379
375
372
380
377
374
387
379
382
387
390
384
386
379
378
385
395
395
394
402
410
423
424
420
415
422
416
414
418
413
416
422
425
437
436
442
454
452
450
443
442
439
438
442
445
446
447
446
451
440
438
438
436
433
425
433
420
427
427
432
435
432
438
431
429
431
426
422
429
429
433
429
423
427
433
438
437
432
442
436
430
430
430
435
432
426
421
419
415
418
423
423
424
423
422
425
425
428
435
431
430
434
427
418
420
422
432
433
425
426
426
419
413
417
413
419
415
408
413
413
405
404
392
396
400
409
411
407
400
401
404
404
401
402
394
394
388
390
391
399
404
400
402
394
393
392
390
390
385
385
391
400
397
403
407
406
401
395
403
401
399
399
395
393
395
392
385
379
369
372
381
378
378
380
376
376
380
373
371
370
376
365
359
361
362
357
365
361
369
372
379
386
386
392
394
383
384
375
379
371
371
376
380
384
392
391
389
382
379
380
372
377
373
372
368
370
364
365
372
368
372
378
380
379
380
386
384
387
378
377
372
366
368
368
362
366
369
365
351
347
347
355
358
352
358
354
358
356
356
361
362
369
371
362
353
349
355
352
356
351
350
349
341
336
332
341
329
332
330
335
337
341
343
346
345
344
358
360
356
358
353
352
348
347
352
344
351
347
348
352
352
363
366
358
347
348
353
355
352
357
362
365
371
372
366
370
370
373
379
382
383
380
382
383
389
386
393
404
408
398
397
393
400
403
409
412
409
410
404
405
411
414
412
420
424
421
412
414
415
416
418
413
412
411
406
403
405
400
407
417
415
413
398
401
406
405
392
377
379
376
378
386
395
401
396
395
402
403
398
395
399
405
401
408
414
419
419
422
433
434
427
434
439
443
450
460
453
451
449
444
445
439
436
435
438
427
419
422
427
420
423
423
426
427
428
428
421
422
437
431
427
426
430
426
425
429
417
428
445
449
449
442
441
440
438
441
444
433
441
435
437
442
437
442
444
439
435
432
436
432
435
435
433
435
428
428
424
428
429
425
434
435
433
433
423
426
428
431
430
430
429
432
434
430
430
431
437
444
447
444
428
428
423
414
412
412
425
419
410
406
402
412
420
424
428
424
423
424
423
422
418
416
411
414
424
435
434
431
422
427
414
408
408
409
407
398
395
406
416
419
420
412
414
418
417
414
415
408
404
403
408
413
416
420
423
429
427
422
423
426
425
422
433
425
429
422
426
421
429
427
425
423
434
424
423
431
426
433
435
444
445
440
438
440
439
432
429
425
423
423
426
415
411
405
408
411
407
394
401
402
406
411
413
416
419
426
421
413
421
415
412
418
417
410
412
415
411
419
413
421
411
408
406
398
403
403
398
400
412
420
432
426
429
432
433
433
433
446
440
445
450
450
445
444
443
442
437
431
438
438
442
447
439
443
438
443
439
444
452
444
443
442
445
445
446
444
438
435
429
439
446
448
436
444
430
425
422
431
427
429
421
423
425
426
425
431
427
428
436
427
422
427
431
433
442
442
450
448
447
439
447
434
433
426
418
420
420
419
428
419
412
409
416
415
406
411
417
414
405
415
414
419
416
418
422
422
411
416
407
407
417
410
415
415
423
419
430
436
434
431
437
437
426
436
443
449
445
446
460
464
462
462
461
468
463
463
463
459
453
455
447
450
450
445
436
447
451
442
445
449
447
443
443
442
444
446
435
433
438
440
440
447
451
444
441
448
446
452
458
457
452
447
434
428
420
414
414
416
415
411
412
410
407
412
412
421
420
417
422
429
430
441
439
446
445
436
437
438
436
428
430
425
428
420
420
419
431
423
423
414
413
410
412
411
415
408
412
408
404
402
405
405
407
405
412
413
416
415
417
415
412
415
404
401
398
398
404
408
407
411
418
418
432
430
424
430
432
434
439
446
444
445
435
436
435
448
454
463
467
459
452
458
453
452
447
439
444
450
453
453
459
453
451
456
457
461
461
461
466
466
471
475
487
500
492
494
503
506
496
493
495
488
492
487
479
474
470
470
468
473
476
481
482
483
491
486
490
499
495
498
503
507
502
500
495
498
492
486
490
495
507
503
486
487
488
484
482
483
484
480
488
486
484
495
503
501
497
496
496
494
492
487
490
494
489
497
497
493
499
497
497
492
490
486
492
496
496
491
497
496
487
485
479
478
480
474
471
465
477
491
484
473
483
484
488
476
479
484
479
481
481
477
483
476
482
482
484
485
480
475
478
481
483
482
483
476
470
468
462
465
466
457
456
464
461
453
448
453
448
444
440
443
446
443
444
432
431
425
426
429
430
425
427
433
430
439
446
455
458
471
467
470
472
463
457
456
460
466
466
468
467
468
473
473
481
482
484
477
475
477
474
461
454
460
449
450
454
450
454
447
459
457
453
452
449
451
451
465
466
454
455
441
450
457
454
448
449
445
455
453
452
453
458
457
458
464
462
465
466
463
471
468
467
469
469
481
481
479
481
483
478
473
470
466
463
470
461
466
467
471
469
464
459
471
466
461
472
470
470
477
475
469
468
467
471
467
459
456
470
467
469
467
474
474
477
486
488
485
487
490
488
483
482
478
487
481
487
490
490
488
491
480
487
488
493
500
496
494
502
499
492
505
509
502
495
496
497
500
498
497
504
507
499
500
498
502
511
519
528
531
528
525
522
527
529
528
531
532
531
533
532
529
530
532
538
546
537
543
542
539
546
548
543
537
539
535
544
547
555
558
548
549
542
553
548
545
553
553
557
568
563
548
539
539
534
536
529
521
510
521
520
523
531
538
542
545
535
537
549
547
544
545
554
553
553
545
544
537
541
543
548
546
545
545
547
542
540
532
531
534
535
536
531
538
539
535
536
538
522
516
523
520
522
527
523
523
524
529
519
511
513
515
515
511
505
508
513
508
500
490
488
483
483
473
477
479
477
472
472
494
493
506
513
507
506
507
503
505
503
499
505
514
513
516
522
514
514
517
525
529
531
534
535
539
525
530
531
533
538
541
546
546
540
533
532
536
536
536
536
539
538
541
543
550
549
544
547
545
559
551
557
569
559
558
560
555
556
558
567
576
576
572
577
573
569
571
575
567
574
573
578
580
586
583
577
579
580
587
593
596
590
595
591
603
609
608
605
601
608
603
609
607
606
607
600
606
600
595
598
601
587
597
601
604
596
595
599
598
591
603
599
589
583
586
600
601
608
616
623
617
612
609
601
597
599
604
595
604
614
610
612
615
620
608
597
594
593
596
603
612
613
609
612
609
604
612
603
605
608
609
605
607
602
605
607
611
613
612
613
620
621
617
611
619
622
624
622
622
625
619
608
611
605
600
602
591
580
581
584
592
587
583
589
586
593
587
597
595
600
598
596
597
596
600
590
586
592
594
586
598
601
602
612
610
615
622
627
628
622
630
633
637
629
636
633
621
614
605
606
613
613
619
622
636
644
644
646
645
638
634
634
637
627
628
629
627
618
623
624
622
622
623
613
611
611
614
604
619
619
612
616
621
631
633
632
643
639
631
635
638
641
639
645
642
641
644
647
648
652
646
649
645
633
631
636
626
623
623
616
623
620
621
622
620
615
614
615
617
620
626
631
631
625
629
633
637
640
644
647
647
649
655
660
665
666
665
664
656
650
664
657
666
665
662
653
659
660
658
652
654
641
642
647
650
650
649
642
634
628
633
639
642
638
638
637
628
624
638
646
647
651
654
657
653
651
640
636
638
627
618
618
620
623
619
612
616
619
618
615
611
608
606
610
609
604
601
596
593
582
579
581
585
581
576
571
577
571
573
567
568
569
575
580
582
577
569
560
551
543
545
547
551
549
540
556
557
550
546
545
551
545
544
539
539
533
532
530
537
534
533
528
532
535
541
537
545
550
554
557
553
563
560
556
562
567
564
561
556
556
551
555
552
554
555
553
564
564
559
554
549
556
560
560
556
560
558
557
567
558
565
565
575
573
577
570
569
565
564
562
562
556
553
550
545
558
554
548
542
536
533
544
545
535
537
534
527
523
527
531
529
526
521
530
530
525
523
526
531
540
541
535
528
523
529
529
528
518
525
523
527
532
535
531
533
536
542
541
541
537
540
542
538
546
542
542
543
541
548
557
562
565
562
564
565
565
553
552
564
566
566
568
571
571
570
564
561
564
573
577
585
575
583
574
578
574
575
578
571
569
568
577
575
584
587
597
597
606
611
602
608
607
614
609
605
602
604
605
604
612
604
603
599
597
595
602
603
606
607
607
611
616
612
612
614
623
619
620
616
621
624
626
625
627
627
620
621
630
631
632
636
650
655
657
662
674
674
678
673
668
673
670
673
679
678
678
670
674
669
664
656
661
658
651
657
656
659
659
656
663
666
669
659
659
658
653
650
647
653
652
650
650
661
660
660
654
650
650
650
659
654
651
650
650
660
663
661
656
659
655
661
669
672
663
660
660
654
656
656
661
667
667
671
665
662
668
663
671
667
666
670
661
671
662
662
664
662
664
660
670
683
677
681
688
697
692
683
689
690
690
700
695
706
714
714
722
712
712
716
712
707
715
725
730
725
727
718
719
713
721
731
737
742
735
731
725
723
720
721
720
723
727
722
738
736
735
726
726
727
722
728
728
740
745
755
746
750
750
750
758
758
768
769
769
763
769
781
783
783
793
792
791
790
788
787
785
791
791
787
798
802
801
794
793
790
795
795
808
809
816
813
815
811
815
820
823
816
824
826
818
818
816
813
812
811
805
805
797
800
804
800
798
795
790
795
796
802
809
805
804
804
787
790
788
794
794
798
798
796
802
804
802
801
795
792
794
785
785
789
792
795
804
805
800
798
794
794
788
794
796
798
802
803
803
804
802
794
801
803
816
807
813
817
813
809
803
797
795
796
792
789
791
790
794
791
788
787
791
792
796
803
810
812
816
814
810
820
812
811
817
816
812
812
820
814
813
814
807
805
798
802
805
809
813
819
820
815
812
820
813
820
827
826
830
826
815
812
815
813
814
811
808
813
815
812
810
807
810
813
813
810
799
803
807
819
821
819
816
819
821
821
815
809
815
813
805
803
798
799
789
788
794
795
799
789
786
798
798
796
799
805
803
810
814
818
815
807
811
810
811
823
816
809
806
806
791
794
807
806
808
818
820
821
827
825
815
814
812
806
805
809
809
806
803
801
810
814
817
810
803
801
795
801
793
790
779
785
783
785
785
780
776
782
786
778
780
776
778
770
771
757
754
757
756
758
766
766
759
762
761
761
759
757
758
754
746
750
749
748
741
738
732
721
712
712
717
717
729
729
739
742
733
724
719
718
729
729
747
755
761
749
747
748
751
749
754
750
747
751
753
745
739
738
732
733
744
751
750
745
735
733
736
729
727
733
738
730
728
722
721
719
711
711
715
723
719
724
716
710
707
709
711
715
720
721
709
713
711
709
710
708
706
709
699
704
707
705
710
708
709
704
694
698
699
697
694
692
694
695
703
693
694
702
694
696
688
688
691
695
691
696
701
699
693
685
678
665
662
661
669
669
667
678
676
674
680
673
676
681
676
682
679
676
673
668
666
667
662
673
664
662
670
667
668
663
654
659
665
665
666
669
663
670
671
662
660
659
662
671
665
668
662
657
653
653
650
643
648
653
654
650
648
648
646
647
645
639
633
623
621
617
614
613
612
610
605
607
610
604
605
610
612
611
612
602
604
606
599
596
591
587
591
587
593
590
591
599
597
598
596
590
579
576
567
571
569
567
564
567
568
567
570
579
577
591
598
585
593
599
594
598
593
588
589
587
580
589
586
581
584
588
585
593
602
605
607
616
615
625
625
633
631
632
634
628
630
630
623
625
626
619
626
624
619
615
614
608
612
613
616
612
609
608
612
613
619
621
619
609
612
612
613
621
611
602
608
614
612
611
608
614
616
615
610
613
606
611
609
608
602
606
611
610
615
617
622
625
622
631
628
635
630
629
624
610
604
602
605
597
595
600
607
623
623
633
624
614
619
625
623
621
624
621
625
624
616
627
621
619
625
625
622
620
624
620
621
623
626
619
610
606
604
611
605
594
589
578
575
586
586
583
575
571
582
577
578
564
568
563
569
559
559
565
559
551
537
533
524
516
509
519
516
516
521
521
508
503
504
511
504
504
506
509
510
517
516
516
517
522
522
528
524
511
509
510
504
505
504
501
502
505
516
512
516
518
518
527
527
527
525
532
525
517
511
503
500
496
499
508
503
523
511
515
514
517
515
518
519
523
512
506
513
509
508
508
515
525
526
527
525
516
508
517
521
527
523
521
518
517
511
512
516
526
530
522
523
521
526
528
527
527
525
519
516
514
518
520
521
521
519
515
520
520
522
519
520
520
516
520
520
515
501
501
501
499
497
485
476
477
472
468
468
465
465
466
468
464
466
475
482
491
490
492
490
480
480
475
483
485
477
469
456
458
466
461
450
448
452
455
453
462
470
469
458
451
439
441
448
448
452
450
448
452
450
449
454
456
456
458
463
465
464
469
465
471
473
481
481
478
475
483
475
470
465
464
464
466
463
454
454
456
466
467
463
467
469
471
481
488
488
486
480
479
483
473
478
478
485
487
492
494
498
497
501
503
505
501
514
505
503
512
519
507
514
524
527
516
509
509
509
510
515
528
523
518
508
508
512
511
512
512
514
511
510
505
509
507
509
514
519
516
524
524
521
516
511
506
502
511
508
510
515
512
511
509
502
504
501
496
502
501
497
494
500
491
489
486
478
479
482
473
476
470
476
477
472
481
483
478
474
476
480
476
471
480
484
487
489
488
481
484
480
478
476
471
477
492
495
493
486
493
490
489
489
487
493
492
486
486
481
484
496
489
482
479
477
481
484
482
477
473
479
476
477
485
487
485
478
476
483
487
480
483
489
487
496
494
500
498
497
492
493
493
492
488
488
484
481
488
480
472
475
467
474
479
474
471
472
466
472
475
483
491
483
483
481
491
501
501
504
503
503
509
512
515
514
505
497
507
502
499
493
507
518
524
518
526
526
527
531
519
532
529
524
529
525
524
514
512
511
519
530
520
522
526
520
524
524
529
530
525
522
524
528
519
515
511
518
513
515
517
513
518
520
518
509
501
507
510
507
513
514
504
507
521
515
525
516
515
509
517
518
521
515
523
522
521
523
522
519
516
509
515
515
508
505
516
517
518
519
531
524
532
536
548
544
547
543
543
538
545
549
550
546
548
545
548
547
546
563
558
556
561
564
572
561
560
558
556
550
542
543
541
542
541
549
553
555
566
571
562
559
561
561
556
545
542
543
549
538
554
550
551
553
542
546
545
545
536
536
543
539
534
535
536
535
524
521
515
515
510
509
528
526
520
520
515
512
499
509
507
509
501
495
501
501
512
522
515
514
525
524
527
529
536
531
535
531
537
532
532
528
524
534
525
523
525
530
526
522
520
519
515
517
524
531
525
531
526
523
520
525
521
521
516
519
515
517
521
520
512
511
509
505
503
512
512
512
515
516
511
525
521
513
515
519
527
523
525
520
525
531
540
534
535
544
551
556
557
566
567
567
564
563
557
553
565
569
564
568
573
568
566
579
576
573
570
568
564
555
546
559
564
564
554
558
553
553
556
555
562
565
564
581
575
569
565
574
575
579
576
572
568
561
557
548
549
555
558
558
553
558
560
569
576
572
573
570
575
576
579
587
584
581
572
567
566
556
570
569
575
578
573
568
565
558
564
563
572
575
579
577
571
574
577
578
572
574
572
569
575
568
560
561
567
568
563
558
563
561
550
555
552
552
559
557
562
562
567
565
569
577
565
575
572
572
572
566
582
575
579
589
583
574
570
574
566
573
563
566
569
567
564
569
580
596
591
597
596
585
580
578
583
580
590
592
597
600
597
599
592
588
593
599
600
602
598
597
589
597
596
602
597
590
595
592
591
593
595
601
603
594
601
590
587
590
583
584
584
589
593
587
598
602
610
599
597
604
602
600
600
598
593
592
601
596
606
601
613
610
617
627
625
622
614
612
614
614
614
614
619
621
627
624
616
617
628
625
623
614
602
603
603
602
602
608
611
620
620
616
609
607
611
606
607
604
604
609
609
615
612
611
602
603
604
610
619
619
625
623
626
622
624
624
624
636
636
645
637
643
645
643
647
645
640
644
637
639
634
633
635
640
636
629
621
617
615
611
613
597
596
593
604
601
606
617
617
617
612
618
625
617
620
620
628
630
625
613
619
619
617
623
616
624
625
632
623
623
617
620
608
612
610
608
617
620
622
625
622
619
612
611
618
615
620
618
616
621
615
623
619
613
603
602
604
602
591
583
589
583
593
593
589
596
601
599
596
589
594
593
598
593
594
600
601
601
594
589
591
600
602
599
594
593
591
590
588
598
602
600
609
606
598
596
588
585
582
585
588
591
584
589
583
579
580
585
572
568
572
580
586
587
589
581
593
592
588
582
585
589
580
586
589
600
599
604
603
600
600
603
594
591
581
591
596
598
591
580
580
577
579
582
592
597
596
596
586
581
579
575
584
589
586
584
585
582
585
593
591
576
581
582
586
588
595
603
599
606
605
604
606
619
615
618
621
617
607
603
601
600
600
599
605
607
605
610
606
603
605
603
603
606
599
606
607
613
621
620
618
621
631
637
634
632
633
633
625
625
629
631
638
635
622
625
626
628
622
621
617
605
604
607
601
608
610
611
612
610
612
612
611
602
616
615
615
617
617
607
600
607
601
597
606
602
603
602
603
601
605
605
610
604
603
596
603
611
618
614
615
617
618
618
622
629
621
620
619
623
625
630
636
634
630
630
621
607
614
616
620
618
617
607
608
606
611
605
607
603
608
593
597
593
587
589
582
587
591
594
582
585
583
584
589
588
587
578
584
587
587
589
590
593
594
598
598
612
606
607
609
612
610
610
601
604
602
609
613
616
620
615
607
608
614
609
613
609
606
599
597
600
591
595
601
598
600
608
616
611
618
617
611
609
603
606
595
595
596
588
579
570
564
565
570
569
564
568
569
576
573
574
577
571
574
578
575
573
572
569
570
573
567
570
569
563
562
550
554
550
557
561
562
562
565
568
569
567
572
573
571
570
566
564
566
558
563
560
561
560
562
565
563
557
557
554
554
551
540
542
539
537
531
528
528
533
527
519
519
508
506
499
499
488
493
485
494
483
488
485
482
480
481
482
473
484
479
475
474
466
464
462
458
453
461
461
465
467
465
478
474
470
470
464
459
462
469
484
485
483
486
481
483
478
475
477
477
471
467
466
468
476
482
479
471
472
465
475
464
473
471
478
486
488
486
492
497
491
492
495
491
491
492
498
490
492
495
505
497
501
505
512
512
519
531
525
530
523
516
517
521
522
524
524
524
524
513
510
503
500
494
498
502
502
508
509
498
495
488
486
486
484
490
492
493
498
498
503
498
493
485
487
493
484
485
480
476
476
466
454
455
454
447
446
443
442
446
438
439
445
445
453
456
459
458
462
470
467
475
480
475
478
480
481
482
485
483
487
487
482
486
480
480
484
481
484
490
491
482
479
490
500
499
498
492
496
501
495
483
491
486
492
490
496
489
480
475
473
471
467
470
473
477
476
472
469
477
476
487
486
493
490
491
488
494
493
500
498
491
492
491
494
502
502
502
495
502
503
499
504
507
506
509
507
502
501
502
493
489
495
495
507
508
502
497
499
503
504
493
494
498
502
503
515
508
517
512
505
510
509
505
508
505
509
507
510
518
502
512
509
513
519
512
516
516
508
500
502
510
515
509
514
510
513
501
491
484
480
488
487
489
482
473
478
485
486
484
479
474
474
476
472
480
473
481
479
483
481
481
478
476
482
485
486
472
468
453
449
455
454
450
438
437
439
441
440
435
433
436
442
436
436
441
442
445
448
444
452
457
460
457
455
457
457
463
463
464
463
455
460
461
467
468
472
473
479
476
474
480
483
485
498
499
499
496
495
505
508
510
518
524
524
532
539
535
539
545
553
557
551
554
558
562
568
569
570
573
570
577
581
581
583
580
575
571
580
591
584
595
601
607
607
607
600
601
595
597
597
598
595
595
584
583
591
591
590
600
600
611
609
609
608
612
608
609
608
609
610
611
611
612
613
619
619
622
634
621
622
622
623
625
628
624
625
630
627
620
616
617
616
619
621
624
623
614
620
618
616
615
606
603
596
579
568
576
585
588
579
584
578
570
567
563
570
564
565
563
561
554
550
544
543
544
540
544
543
544
541
533
540
535
540
543
550
563
559
553
558
558
562
568
565
566
566
564
554
549
551
545
549
551
559
556
555
560
560
554
558
548
549
555
558
559
562
562
560
558
552
549
549
550
547
544
541
539
535
528
530
523
519
516
520
513
502
492
496
504
501
500
496
505
506
510
509
513
518
519
524
532
527
533
536
551
545
553
554
558
563
568
561
567
564
565
573
572
572
566
564
568
573
577
573
574
559
562
571
567
570
564
565
558
569
575
578
576
566
561
557
555
546
540
548
546
553
553
564
558
559
554
550
550
550
551
550
546
547
552
554
551
546
544
544
540
537
529
526
521
519
516
515
515
522
515
528
526
529
535
522
517
511
519
512
519
533
528
527
526
529
529
536
542
535
536
530
523
526
519
512
515
510
508
512
499
504
503
511
511
509
504
509
520
519
514
516
525
525
518
523
523
523
520
530
524
528
527
521
515
529
540
534
536
537
530
535
531
523
522
533
534
529
534
538
539
551
560
555
549
545
554
557
553
553
555
552
554
558
566
555
555
558
549
552
549
548
544
549
542
545
547
548
540
545
550
555
560
565
564
554
560
566
559
563
558
545
542
537
534
531
521
524
516
517
516
511
510
516
524
529
523
514
509
512
509
517
521
530
530
533
530
533
530
534
530
527
526
527
531
534
542
540
537
543
537
535
540
534
533
532
528
536
530
529
530
528
522
519
520
517
515
515
512
516
524
524
533
538
543
547
546
537
541
540
540
542
536
526
526
528
527
526
524
531
522
522
519
518
525
530
527
532
530
534
544
554
556
556
565
567
559
560
570
574
579
573
570
583
575
577
568
566
570
572
567
572
572
577
577
576
577
575
571
564
568
570
573
579
588
589
580
582
585
581
587
590
579
580
580
586
575
571
574
579
575
582
577
574
569
572
566
560
559
566
566
563
557
562
564
565
571
565
555
552
547
550
548
552
551
556
550
549
551
556
563
562
564
568
568
565
565
567
564
560
557
550
550
556
558
564
560
555
555
557
559
568
575
567
571
575
577
576
578
576
578
581
583
590
592
593
586
583
584
585
593
588
590
584
594
587
590
588
580
576
575
573
559
554
547
543
549
546
543
552
564
560
556
558
555
550
557
561
564
567
571
565
561
560
561
571
571
581
569
570
566
569
577
580
577
582
582
585
584
587
594
599
609
611
619
620
622
624
625
620
619
617
616
610
617
614
613
611
618
614
622
618
626
628
633
630
623
633
636
631
627
618
614
608
606
613
614
612
615
619
622
622
627
620
621
628
640
639
636
649
652
644
651
656
656
648
650
641
649
649
640
637
635
629
634
637
641
644
640
644
647
655
652
641
636
632
632
622
620
626
625
629
636
640
636
641
647
640
639
643
649
647
647
651
648
656
656
654
651
645
637
639
636
640
640
646
645
646
652
656
653
654
647
652
651
652
655
656
656
663
665
664
666
668
671
689
685
680
684
677
676
678
678
677
676
671
673
674
670
678
676
675
694
689
689
686
672
674
676
681
691
699
698
695
693
690
695
706
700
704
687
687
687
679
680
675
671
664
650
644
643
636
635
630
629
636
632
634
630
631
629
625
620
626
631
624
635
635
637
631
628
635
636
631
626
620
624
624
617
610
617
621
620
624
628
631
641
634
632
631
628
624
618
618
616
622
620
624
630
628
624
624
626
627
632
631
627
629
623
617
626
629
632
630
628
626
616
603
590
596
589
581
574
583
591
593
589
598
599
601
602
603
599
592
594
605
606
604
607
609
601
602
600
598
600
597
601
597
594
587
585
592
598
599
601
592
589
591
584
580
572
569
567
567
575
575
580
579
586
587
587
580
583
585
572
569
569
567
571
570
570
566
566
564
567
568
558
561
561
558
555
555
558
559
559
556
556
562
563
558
557
560
564
568
576
571
562
557
566
569
574
564
561
563
554
559
570
568
561
560
557
547
542
533
546
549
550
553
552
552
563
570
562
570
566
564
563
563
569
573
571
570
567
574
581
577
573
569
567
570
568
571
567
574
564
563
559
552
552
549
561
562
565
576
573
569
568
567
562
558
563
560
549
545
540
538
538
542
549
563
568
572
570
567
560
553
560
552
547
535
548
548
545
540
536
534
538
532
531
530
534
536
536
531
536
534
540
543
549
553
548
544
531
530
529
524
518
516
512
515
520
509
513
502
496
502
498
497
488
485
492
495
501
481
466
470
473
477
473
474
486
480
482
491
484
493
496
492
485
479
479
474
475
479
471
470
469
478
488
486
481
487
488
484
479
479
473
475
474
480
470
461
465
464
470
475
474
472
462
449
445
454
467
462
461
456
462
458
450
455
456
450
453
451
456
447
445
442
443
438
438
430
435
441
437
440
447
441
438
432
438
435
435
431
421
419
408
409
408
401
392
394
399
404
406
409
412
409
418
422
418
418
421
429
429
432
431
424
419
433
434
433
435
431
438
429
427
434
436
437
439
441
443
430
430
426
432
426
420
418
423
420
413
407
412
409
406
410
419
410
398
409
414
409
403
404
412
407
404
408
406
401
407
417
410
413
405
405
412
414
413
427
421
415
414
418
417
420
422
431
437
438
438
438
437
434
438
442
444
440
442
442
442
437
432
438
443
446
453
462
466
459
453
456
459
462
468
470
459
458
448
445
443
445
449
454
467
461
463
475
480
477
473
477
478
477
479
475
469
471
467
465
462
466
456
463
465
467
464
463
453
441
450
456
465
469
464
462
456
459
455
458
453
450
445
438
449
446
446
444
438
424
422
421
425
428
428
436
441
436
434
432
429
418
406
410
402
403
402
412
405
401
404
404
390
391
404
404
399
399
392
399
392
393
399
405
405
400
398
400
406
402
405
409
407
413
415
417
417
419
419
423
428
445
443
452
446
438
429
438
431
427
419
413
413
413
415
420
425
429
428
414
421
417
419
420
424
419
426
435
437
431
436
444
452
450
455
458
462
462
459
460
464
465
468
470
469
468
473
479
489
481
489
485
488
480
482
486
495
488
485
479
478
486
493
495
500
504
503
507
505
496
493
490
493
492
497
494
503
510
515
515
529
532
528
526
525
540
553
550
550
551
556
549
551
558
558
557
559
559
565
572
587
576
589
593
590
592
596
593
592
588
587
583
579
580
582
576
570
572
576
584
590
584
586
591
592
593
594
603
604
605
606
597
596
603
600
600
607
605
593
591
589
587
581
585
590
587
590
605
603
606
606
607
610
606
606
601
602
605
606
602
599
602
606
603
601
593
602
610
617
619
625
620
624
629
639
632
626
625
627
628
629
629
626
624
623
615
606
613
614
622
628
638
635
630
639
639
644
645
656
662
663
661
656
658
657
665
679
677
679
681
680
675
676
679
674
677
681
684
686
684
681
684
683
689
685
690
686
687
684
682
687
687
690
690
687
689
684
682
690
699
700
711
715
713
718
717
712
711
718
717
719
722
710
712
708
701
699
702
706
708
704
698
694
706
707
707
701
694
693
682
687
694
693
697
696
699
713
710
710
705
703
702
706
700
704
698
710
705
705
709
710
713
716
712
717
719
728
735
730
726
728
734
729
730
737
737
728
731
733
734
737
726
729
724
726
717
717
712
715
717
713
715
718
717
716
721
711
717
723
720
732
723
722
728
727
724
722
729
733
731
729
724
723
721
722
720
712
721
727
729
735
729
723
729
737
735
733
737
739
735
735
733
739
734
735
729
729
721
722
730
734
724
723
713
707
716
716
717
722
715
713
716
722
721
721
723
719
725
727
724
730
734
738
749
746
748
749
751
751
741
740
742
751
747
751
756
759
757
749
756
753
755
759
751
750
761
766
767
763
771
764
759
763
771
778
771
763
766
774
772
771
763
760
756
748
741
735
730
737
751
759
758
753
751
754
755
756
760
753
760
759
763
770
780
787
787
785
786
785
782
785
783
780
776
771
768
769
765
764
763
763
766
771
781
789
784
780
782
785
785
778
776
765
765
758
756
760
763
757
750
758
769
768
759
763
770
767
771
773
769
776
766
764
762
772
769
771
763
763
760
758
750
747
749
749
756
748
743
745
755
755
752
750
739
740
738
732
729
733
738
742
737
737
750
749
746
739
747
750
752
758
759
762
763
769
756
755
753
757
750
739
737
745
749
738
738
738
734
741
730
727
734
738
726
727
721
717
719
721
722
718
726
728
727
729
730
737
736
728
722
727
728
714
720
726
742
740
738
750
744
748
758
755
759
756
763
759
764
758
755
754
751
745
752
751
752
758
758
759
757
766
776
777
772
778
779
779
771
768
762
759
764
765
765
759
764
760
749
754
754
752
753
747
744
740
739
737
740
741
750
751
756
749
747
732
744
747
746
744
750
739
745
744
747
743
742
747
740
744
739
741
739
739
730
715
713
712
724
716
722
725
737
742
742
745
747
740
737
735
733
736
746
745
746
745
742
745
740
743
739
744
746
752
761
759
755
754
755
758
759
762
762
760
760
754
751
756
743
740
737
732
728
722
718
713
712
708
707
695
694
691
685
688
680
682
677
687
686
687
695
704
700
696
690
691
702
704
707
716
726
733
737
736
737
741
739
736
734
735
739
737
737
733
728
735
739
743
751
753
754
759
764
760
755
769
768
768
761
757
753
756
760
764
766
769
779
777
785
787
782
789
791
789
794
792
781
777
774
771
780
784
787
796
796
793
791
798
799
799
802
798
804
804
803
805
802
800
798
809
806
795
793
789
797
803
808
801
810
807
806
798
790
790
798
801
790
792
791
791
785
782
776
769
772
764
746
738
740
735
726
725
731
736
737
735
731
727
728
734
742
740
739
737
746
747
751
746
737
734
731
725
726
723
738
727
728
727
723
727
730
735
738
737
738
735
734
741
751
754
748
755
759
755
761
758
757
756
756
757
757
764
766
772
769
767
772
781
770
775
779
768
770
769
771
779
775
778
778
775
787
784
788
784
780
780
776
776
780
787
787
780
787
789
797
805
807
813
809
812
806
802
813
808
811
805
798
801
805
798
803
795
804
807
801
807
804
810
807
809
815
810
810
813
809
804
803
800
803
804
806
797
796
790
789
791
786
787
791
792
788
790
788
778
780
777
784
777
774
773
773
777
785
787
789
784
779
779
778
779
776
770
770
771
775
770
779
779
781
789
790
795
787
781
772
766
763
770
768
765
774
777
784
772
771
765
762
758
766
764
758
763
762
765
763
765
762
755
757
749
749
752
750
745
740
743
740
747
750
750
754
756
751
751
748
755
753
753
756
751
745
748
753
742
742
747
748
756
751
738
736
739
736
738
734
734
739
744
757
750
744
735
724
714
712
717
726
725
730
723
730
739
731
735
743
751
748
761
755
756
761
764
773
776
783
788
802
791
786
779
776
780
779
783
786
785
783
776
778
780
782
782
777
774
781
777
785
780
777
775
770
771
784
783
781
775
782
780
783
773
777
777
780
777
774
791
794
798
796
786
791
791
790
787
794
793
799
796
801
805
790
784
785
776
772
771
763
761
761
761
759
759
763
763
761
753
747
750
746
745
745
745
743
744
739
735
739
741
743
744
747
752
756
754
751
763
764
773
770
778
787
790
780
780
784
787
788
787
786
783
778
768
767
769
768
765
766
773
770
769
769
774
769
774
775
763
767
777
778
782
782
776
776
776
771
776
774
776
784
790
786
790
790
795
789
790
796
803
800
791
793
800
802
808
806
801
809
815
823
817
816
812
823
838
842
840
837
837
838
830
834
828
825
820
821
822
826
829
840
845
845
842
839
844
840
840
840
840
851
847
855
860
855
852
849
853
854
852
848
854
861
860
864
859
859
858
856
863
855
853
856
869
869
863
862
848
845
849
852
849
854
854
843
843
842
840
832
845
850
852
845
839
844
854
852
850
851
840
840
841
833
828
828
829
824
821
824
821
823
816
821
815
822
824
820
824
820
821
818
824
835
837
831
825
828
823
813
820
814
813
811
821
819
818
824
825
837
838
834
833
838
834
835
835
839
834
848
850
854
847
852
844
838
842
830
825
830
827
820
818
812
818
807
811
816
812
815
821
825
825
824
821
821
826
830
840
837
840
834
835
831
838
845
845
845
849
845
843
847
845
849
848
844
836
838
836
829
833
826
826
824
826
824
826
822
818
816
822
818
820
812
818
811
816
815
816
817
824
820
814
816
811
812
807
803
795
791
793
793
788
789
790
784
792
790
787
788
793
793
794
797
796
794
805
809
799
806
805
810
817
816
822
825
829
828
827
823
820
811
819
822
827
823
825
830
841
839
840
849
846
854
855
856
854
853
857
866
865
877
886
886
884
878
873
868
869
869
863
864
855
855
850
850
849
855
867
863
861
850
853
858
853
854
846
856
857
869
875
880
880
880
878
884
889
888
897
898
887
879
876
881
884
886
890
894
897
900
900
903
904
915
905
903
897
898
893
894
894
887
880
874
870
875
885
892
891
892
893
896
895
886
881
877
879
884
886
881
882
880
880
883
878
870
857
860
852
849
850
853
857
859
860
855
857
861
869
873
870
873
881
880
878
879
880
880
875
876
874
871
861
868
871
882
874
872
871
875
871
874
862
859
866
867
861
858
851
845
846
844
847
863
846
849
839
834
837
842
851
860
851
852
850
843
842
836
831
834
843
833
825
833
824
818
820
808
801
802
804
806
810
812
811
820
823
821
816
822
830
837
836
834
833
839
836
843
844
832
833
834
835
829
817
813
819
828
833
831
831
833
833
825
834
833
823
823
823
820
822
824
826
832
829
829
824
830
830
829
829
836
840
840
840
828
823
820
825
824
830
839
834
838
832
826
833
825
828
830
846
846
844
845
850
862
857
862
863
869
858
849
849
845
847
849
848
846
849
850
854
859
859
863
859
853
846
844
848
850
842
848
850
849
850
847
851
846
845
845
848
847
850
850
854
855
859
857
854
850
855
864
860
871
868
874
884
888
885
881
877
872
870
872
869
871
872
879
872
876
887
886
893
894
887
892
897
889
884
896
895
900
904
905
918
920
926
933
928
933
922
923
913
914
916
928
931
932
921
921
926
917
925
933
932
935
923
919
914
913
913
914
918
909
904
904
901
897
894
901
910
903
896
899
896
881
869
877
871
864
860
861
861
858
864
851
854
858
849
861
867
869
861
857
852
859
858
855
853
858
855
852
859
847
854
862
859
849
848
851
854
852
843
847
848
850
845
851
850
848
846
841
843
840
842
838
840
849
848
842
841
841
845
852
851
854
855
851
846
846
837
828
833
836
837
832
840
839
844
844
842
844
835
830
829
824
825
822
813
811
811
805
812
811
819
818
815
820
824
827
815
818
819
821
820
806
804
802
808
804
805
807
802
803
805
817
821
814
818
819
819
820
825
813
820
824
825
825
815
814
826
833
829
825
822
825
828
831
825
822
838
835
842
838
835
837
839
828
838
841
855
853
859
866
866
869
871
882
894
896
899
903
904
913
925
925
925
927
925
924
919
924
921
923
916
915
912
902
910
908
905
908
906
906
906
909
913
911
924
919
920
928
924
921
921
921
925
926
928
922
924
926
929
923
929
935
938
942
942
945
942
949
950
946
952
946
940
936
941
936
936
936
927
921
922
912
912
913
908
911
909
918
915
903
903
906
901
899
903
904
909
898
900
904
907
917
914
920
923
921
920
915
918
914
920
915
913
909
904
909
911
914
913
914
928
925
932
936
940
945
947
958
958
960
962
964
967
975
982
982
990
980
977
987
976
969
962
962
952
956
956
947
945
945
946
945
939
937
929
933
930
925
931
922
925
919
925
928
932
934
941
943
942
931
929
927
934
942
935
940
949
946
939
935
934
933
931
943
946
949
948
948
957
958
951
942
944
949
940
938
940
940
933
931
926
927
928
927
930
929
931
930
926
933
925
924
921
917
917
921
928
933
940
943
932
938
941
938
940
935
938
938
939
939
947
946
942
936
938
937
947
947
948
953
956
967
968
969
969
967
980
976
975
973
965
958
968
974
988
993
992
986
984
981
973
969
970
974
980
983
994
995
1004
1004
1000
1007
1013
1014
1010
1008
1007
1000
1003
1007
1019
1029
1020
1021
1014
1010
1015
1013
1014
1018
1026
1023
1020
1023
1017
1013
1023
1019
1013
1023
1019
1021
1014
1007
1007
997
996
987
990
993
997
1001
1002
1009
1008
1005
992
995
992
994
989
985
984
984
979
981
985
984
987
986
982
981
978
967
969
970
971
974
970
975
976
979
969
953
948
945
939
947
948
953
962
968
971
973
975
975
985
988
997
999
995
999
985
981
991
994
991
998
1002
1008
999
1004
1004
1005
1007
1007
1005
1003
999
1005
1012
1012
1011
1009
1012
1017
1021
1020
1016
1014
1012
1013
1023
1028
1034
1038
1024
1021
1021
1024
1026
1032
1029
1031
1040
1044
1041
1045
1045
1048
1035
1043
1047
1040
1039
1047
1053
1056
1060
1055
1059
1062
1050
1049
1048
1043
1048
1046
1041
1041
1045
1043
1043
1038
1027
1024
1024
1028
1030
1022
1024
1017
1016
1016
1021
1018
1017
1017
1011
1007
1014
1008
1015
1013
1010
1019
1019
1019
1018
1020
1019
1014
1011
1014
1029
1037
1048
1049
1047
1052
1059
1058
1060
1058
1055
1051
1050
1056
1058
1059
1061
1057
1063
1061
1052
1047
1046
1050
1044
1039
1042
1039
1047
1053
1041
1046
1049
1041
1039
1040
1040
1046
1045
1047
1043
1046
1041
1041
1038
1031
1041
1043
1041
1047
1052
1051
1045
1045
1045
1048
1041
1040
1039
1042
1039
1037
1038
1032
1031
1040
1047
1046
1053
1054
1055
1060
1061
1061
1072
1071
1073
1075
1072
1072
1067
1075
1078
1081
1093
1086
1080
1078
1076
1068
1062
1055
1057
1072
1070
1070
1084
1086
1079
1079
1077
1076
1086
1093
1094
1105
1095
1104
1106
1107
1100
1107
1111
1111
1118
1115
1113
1107
1111
1108
1107
1101
1102
1100
1103
1094
1095
1090
1089
1089
1091
1096
1095
1089
1090
1082
1083
1088
1075
1076
1080
1084
1094
1098
1096
1098
1092
1089
1092
1096
1096
1096
1098
1097
1090
1088
1094
1097
1099
1089
1088
1086
1088
1090
1095
1091
1088
1089
1097
1096
1103
1105
1100
1097
1107
1099
1085
1078
1075
1085
1091
1097
1101
1092
1094
1097
1094
1081
1090
1095
1094
1095
1092
1092
1091
1099
1107
1114
1108
1109
1108
1093
1093
1099
1100
1100
1097
1090
1090
1094
1094
1102
1094
1087
1091
1095
1097
1109
1109
1105
1110
1102
1098
1101
1099
1106
1116
1117
1127
1118
1112
1116
1119
1114
1116
1114
1116
1120
1114
1115
1125
1125
1128
1127
1135
1137
1137
1133
1148
1152
1150
1162
1156
1152
1149
1147
1146
1149
1140
1143
1141
1149
1141
1139
1139
1144
1149
1148
1147
1144
1147
1141
1149
1149
1148
1139
1139
1142
1141
1148
1148
1151
1150
1152
1157
1161
1154
1162
1169
1164
1169
1166
1169
1174
1171
1164
1161
1165
1167
1162
1164
1153
1156
1155
1158
1155
1150
1146
1141
1138
1147
1150
1157
1151
1151
1149
1156
1156
1160
1157
1152
1144
1148
1136
1139
1143
1139
1137
1130
1140
1128
1132
1130
1132
1134
1132
1135
1136
1142
1134
1141
1146
1142
1157
1156
1162
1161
1165
1159
1143
1141
1136
1135
1128
1128
1128
1119
1132
1138
1127
1140
1131
1121
1120
1129
1140
1143
1147
1156
1157
1149
1154
1146
1141
1139
1137
1137
1137
1135
1125
1117
1126
1125
1128
1122
1123
1117
1116
1109
1107
1103
1094
1090
1081
1074
1073
1071
1067
1056
1058
1064
1064
1054
1055
1067
1077
1086
1088
1081
1072
1072
1070
1077
1079
1077
1087
1082
1079
1088
1090
1088
1095
1086
1091
1094
1086
1083
1088
1090
1088
1090
1091
1093
1102
1109
1121
1120
1124
1136
1141
1144
1136
1132
1127
1127
1129
1126
1120
1113
1119
1114
1108
1101
1100
1105
1099
1102
1096
1097
1103
1100
1089
1095
1092
1084
1082
1084
1084
1078
1072
1069
1082
1090
1098
1096
1099
1098
1099
1096
1103
1107
1113
1104
1103
1102
1105
1107
1102
1094
1092
1086
1086
1087
1094
1088
1091
1098
1098
1095
1101
1103
1101
1102
1100
1110
1106
1101
1098
1107
1111
1110
1105
1107
1114
1106
1104
1116
1124
1122
1122
1123
1124
1123
1130
1128
1121
1119
1115
1098
1098
1097
1103
1098
1099
1096
1096
1083
1073
1073
1080
1074
1075
1068
1060
1060
1054
1052
1054
1049
1052
1048
1040
1054
1052
1058
1059
1054
1051
1052
1048
1049
1043
1046
1049
1050
1054
1043
1048
1047
1048
1054
1057
1054
1046
1050
1062
1051
1054
1058
1063
1055
1046
1044
1038
1032
1028
1041
1038
1043
1040
1039
1034
1041
1037
1041
1033
1027
1026
1018
1024
1035
1039
1037
1029
1036
1042
1042
1042
1039
1041
1044
1043
1042
1039
1041
1042
1043
1038
1031
1038
1039
1046
1046
1056
1054
1051
1042
1046
1043
1046
1054
1053
1059
1065
1056
1057
1057
1056
1053
1045
1039
1037
1034
1039
1031
1029
1020
1012
1012
1012
1015
1013
1006
1011
1010
1011
1002
1004
999
1003
997
997
995
994
995
1003
998
1004
1002
998
997
990
992
989
986
986
984
982
979
972
964
969
970
968
963
957
952
946
943
952
950
950
956
958
956
954
950
949
941
946
947
939
934
929
929
924
920
919
924
925
926
928
940
942
947
943
956
956
961
965
953
960
955
947
949
944
947
947
956
947
947
947
952
950
953
953
954
952
948
943
930
935
932
936
933
931
931
930
934
932
926
931
943
938
928
930
940
938
936
928
939
929
927
925
931
930
940
938
939
938
941
934
937
933
940
938
930
941
946
952
959
956
950
941
942
944
949
948
950
961
967
969
974
978
978
981
983
980
988
996
990
995
987
985
982
977
975
980
973
972
974
974
977
971
979
977
973
962
963
960
959
965
960
954
947
944
942
949
957
955
957
958
952
946
940
938
938
935
928
919
920
917
910
914
919
920
929
927
928
938
933
935
938
939
935
931
924
930
936
936
933
944
943
940
942
944
942
941
933
927
922
923
921
912
911
913
917
914
909
891
889
890
895
897
904
903
911
909
906
911
914
910
910
912
916
914
913
916
909
907
902
890
890
900
908
903
897
892
894
894
899
900
902
902
898
909
911
913
912
909
918
914
915
916
912
907
903
905
903
892
892
892
878
885
887
878
879
882
886
892
891
889
885
898
893
902
896
909
911
910
904
896
899
907
905
913
914
915
917
919
920
920
913
909
913
902
905
903
908
898
895
896
891
895
884
874
884
887
893
899
899
902
899
895
898
899
887
887
895
893
891
889
888
887
887
884
891
893
890
880
877
872
879
885
878
875
888
895
896
889
882
873
878
878
874
880
881
872
870
872
867
867
877
876
873
875
884
886
884
887
877
877
884
878
872
873
872
866
863
873
873
864
873
870
873
881
887
894
896
893
895
895
886
880
882
885
885
889
888
891
889
890
884
885
893
901
897
897
897
903
903
902
902
907
907
902
906
913
915
912
906
908
912
918
911
904
902
906
903
900
899
897
891
901
892
888
883
885
886
886
880
875
869
871
863
869
876
874
871
875
880
879
878
879
890
895
888
882
883
877
868
865
862
855
861
856
850
851
855
851
847
862
863
869
873
871
875
864
874
879
883
883
889
893
898
896
899
895
898
901
898
903
902
904
897
892
894
889
897
902
905
899
906
903
899
903
909
911
908
911
908
902
897
906
904
913
918
908
900
886
888
887
888
889
889
891
889
883
882
880
883
883
880
896
891
887
885
881
882
876
880
884
892
882
883
883
882
882
881
875
884
883
873
868
874
880
881
868
875
885
889
895
906
913
914
905
913
908
900
905
904
905
909
908
916
920
915
910
912
903
901
900
901
897
900
893
901
895
906
905
896
903
897
899
900
910
911
913
915
919
913
916
915
907
902
892
893
883
877
881
883
889
880
881
891
902
901
903
894
896
890
890
893
888
890
884
884
877
876
875
866
861
869
865
862
871
870
879
880
876
874
877
873
883
879
883
872
873
869
864
855
853
856
857
856
859
859
857
857
857
852
847
857
865
860
855
865
867
866
878
873
870
872
875
880
889
895
897
901
899
887
873
870
864
862
860
858
854
852
859
858
862
857
866
851
848
844
842
839
834
839
834
835
831
826
821
819
812
816
821
819
823
818
820
816
820
820
828
824
827
828
823
826
818
814
814
818
816
818
822
823
818
822
820
824
828
828
825
828
830
831
826
834
834
826
818
809
807
805
810
813
815
813
820
826
837
840
838
835
841
841
828
820
813
805
813
816
820
823
822
820
824
819
824
828
832
833
832
825
831
833
843
837
841
852
855
853
840
837
835
829
832
833
823
819
821
825
823
821
826
818
817
811
810
804
798
787
791
791
795
792
788
787
779
777
785
787
782
782
784
782
778
779
776
771
773
775
773
766
760
759
760
754
753
749
745
745
752
753
754
757
750
757
763
768
765
765
764
768
766
764
762
762
765
768
765
775
769
765
763
762
762
767
770
782
787
789
793
791
797
791
793
790
795
794
794
797
793
791
780
771
775
782
777
779
782
782
779
772
777
779
779
785
783
791
802
804
800
792
810
802
804
794
797
798
798
807
813
807
798
810
805
800
787
792
800
806
805
807
804
801
804
803
802
808
808
810
809
813
805
801
789
795
796
792
783
777
774
779
782
773
764
772
775
766
768
768
767
757
754
764
767
769
771
771
774
779
767
759
751
760
766
767
774
782
785
788
788
780
782
789
785
788
788
789
798
804
806
801
799
802
804
810
803
803
802
798
805
805
808
807
802
804
804
801
803
800
796
794
789
794
788
788
785
765
772
766
770
775
772
770
767
775
766
762
763
766
776
772
767
762
761
766
765
765
778
779
771
767
777
774
772
776
776
762
767
765
770
769
769
762
762
761
765
774
773
769
775
777
772
773
776
780
777
787
787
778
777
780
777
778
780
788
787
784
779
775
770
764
758
761
767
771
776
767
766
763
769
773
780
778
774
770
768
760
756
755
751
750
755
760
761
766
761
756
752
754
752
754
746
742
743
744
743
743
731
726
720
718
713
711
713
708
716
714
711
710
697
696
693
689
687
694
685
686
693
706
707
706
699
699
694
693
697
697
699
691
699
698
688
687
694
696
693
693
692
700
694
692
693
693
690
686
678
666
676
671
662
665
657
650
656
661
659
658
653
652
646
642
640
646
641
645
647
650
642
643
645
654
654
657
655
652
657
655
656
657
660
668
665
653
642
644
641
633
643
642
638
639
631
626
616
617
609
623
624
623
622
618
626
621
624
616
612
612
611
615
617
624
614
610
604
599
598
597
589
587
588
581
587
590
589
592
598
593
590
583
582
587
594
597
595
597
597
599
599
593
594
599
594
592
591
589
591
589
583
592
586
584
590
599
594
593
598
593
580
584
594
588
589
593
586
582
584
586
582
576
580
590
587
585
589
593
593
599
603
603
604
603
608
607
609
607
602
599
614
619
618
612
613
611
602
597
597
594
591
597
609
615
628
627
635
633
636
642
636
643
631
637
639
635
629
630
629
630
628
632
624
621
625
629
638
635
641
642
644
640
633
639
635
628
627
616
622
623
618
618
616
609
597
605
603
607
600
611
603
602
601
601
595
595
588
585
588
590
597
596
600
607
603
605
603
590
588
597
599
600
601
601
598
598
598
592
589
590
593
596
598
593
592
595
587
594
596
583
587
594
589
585
583
578
575
573
578
570
558
565
568
560
560
558
556
553
558
547
549
547
547
551
551
553
548
545
547
549
547
536
543
544
550
548
551
562
565
562
564
565
566
562
564
567
571
566
549
541
541
536
537
540
544
543
542
551
559
555
555
550
541
549
548
549
549
549
550
551
555
557
560
559
560
571
567
558
550
546
549
549
550
552
550
550
554
561
562
561
570
582
579
579
577
575
563
561
565
567
572
568
574
579
577
581
586
584
588
585
585
583
584
585
584
579
577
578
581
588
583
568
568
565
577
581
577
577
572
568
571
583
586
594
592
597
599
604
602
599
599
609
610
613
617
615
610
617
614
617
617
616
617
622
616
618
618
612
621
629
631
639
628
628
629
634
640
643
647
643
637
642
641
647
648
647
639
637
635
637
636
638
644
654
655
657
651
651
659
674
682
688
681
694
694
695
690
695
702
703
696
699
697
691
692
692
704
713
702
700
699
706
705
704
694
689
686
693
687
682
682
687
684
693
695
695
692
694
690
686
688
697
692
681
681
677
689
679
677
683
682
678
682
683
694
696
690
690
692
690
692
696
701
698
699
705
705
712
697
698
691
683
687
686
692
700
698
700
697
699
701
699
698
706
702
703
696
700
703
707
696
694
704
700
701
695
694
689
691
691
689
685
683
690
686
682
686
685
683
689
687
689
683
689
699
695
689
688
696
692
693
690
699
704
711
718
703
705
710
718
713
714
712
713
711
709
714
723
727
730
731
730
733
734
738
730
721
719
711
722
721
721
717
712
715
715
717
721
716
715
713
709
704
692
700
712
710
717
715
721
723
730
733
727
726
731
734
730
722
722
719
721
726
731
728
728
724
716
717
713
716
714
711
708
705
696
702
702
692
697
690
695
707
713
714
710
710
707
713
710
707
704
701
711
714
714
716
729
725
721
717
710
707
702
699
707
698
703
709
703
706
717
717
717
722
724
718
724
730
734
733
730
738
731
725
722
731
734
727
723
720
720
723
728
710
701
697
694
691
683
684
677
678
667
664
670
659
659
661
660
657
660
665
658
673
678
677
668
667
664
657
652
649
653
647
654
662
661
659
661
666
670
674
679
691
688
687
689
700
705
704
704
702
703
708
706
705
715
717
713
714
706
703
691
690
694
686
687
688
688
688
687
695
693
706
703
692
688
684
685
694
702
706
702
704
696
693
694
696
699
701
703
696
691
692
691
690
681
677
677
675
674
672
673
688
677
677
669
662
661
656
659
656
657
656
661
660
660
660
659
651
653
656
658
660
661
677
676
676
680
686
678
678
677
681
679
684
685
689
683
689
688
690
686
683
686
676
674
675
677
672
669
678
678
686
680
677
681
682
685
683
679
678
684
693
694
700
700
705
707
703
695
697
687
680
673
673
681
676
685
678
676
678
683
676
681
680
678
673
682
676
675
663
661
669
671
670
672
659
659
657
657
657
666
660
657
641
650
649
645
652
657
661
663
662
655
657
660
669
676
672
674
674
672
678
685
694
700
699
701
701
698
694
691
684
690
694
685
693
690
690
693
691
683
690
699
692
694
701
700
698
694
703
696
700
697
713
713
722
721
720
720
715
724
721
730
739
747
741
735
736
733
733
729
738
744
748
755
759
758
751
758
762
772
770
765
767
776
770
774
778
773
765
769
765
770
772
774
767
768
765
774
771
777
779
783
785
786
783
786
779
776
767
764
764
766
757
756
759
761
765
764
762
759
766
759
766
775
774
771
762
762
753
752
743
740
741
739
746
740
737
749
755
755
748
757
758
766
767
766
775
768
768
777
783
795
797
795
799
797
789
800
806
805
805
802
792
794
803
804
799
807
798
802
802
792
800
797
798
799
809
811
806
811
817
811
837
834
836
837
841
844
841
850
849
856
864
865
868
876
877
886
879
879
872
875
882
880
873
871
875
879
880
870
874
878
883
882
873
875
880
887
891
896
902
902
905
898
895
895
897
894
902
903
909
906
897
893
900
905
903
894
893
901
898
899
907
908
902
898
903
907
903
907
908
905
903
906
901
896
898
898
896
900
903
907
904
903
913
912
918
911
908
918
915
918
913
917
916
912
901
909
912
916
907
909
913
913
920
918
925
918
922
929
920
916
918
914
918
910
906
903
900
900
902
906
905
909
918
908
907
914
916
924
926
926
925
917
906
902
900
906
921
924
922
929
927
928
927
920
910
898
900
908
913
916
925
917
921
915
903
905
915
903
892
886
875
872
862
851
855
856
865
871
868
866
867
863
855
859
855
853
852
854
851
846
851
853
849
846
845
851
846
849
839
845
848
848
849
856
850
853
856
855
850
849
854
862
865
868
867
862
859
847
840
843
842
840
839
842
844
848
850
861
867
874
869
869
870
875
862
865
864
860
851
846
856
856
858
865
873
874
876
886
878
889
896
893
901
896
897
886
891
883
885
875
879
876
887
893
894
895
898
895
898
899
899
903
910
914
913
909
909
913
913
921
919
922
929
939
934
940
934
940
935
932
931
936
941
943
941
937
939
935
934
941
935
935
930
927
917
903
914
910
904
899
894
891
887
885
886
885
883
876
862
866
857
862
849
848
850
845
849
854
860
854
854
856
860
866
872
875
878
884
886
883
881
876
882
877
879
876
878
876
878
873
865
867
860
860
862
853
858
860
852
858
849
850
846
844
835
829
826
834
823
823
823
822
828
821
822
818
828
824
827
829
822
815
806
804
802
792
784
790
786
781
784
788
783
787
791
796
801
812
809
808
807
805
795
795
800
799
800
804
798
794
796
790
796
787
784
786
784
783
783
780
772
780
783
773
771
768
774
771
771
778
776
778
776
781
775
779
788
782
778
772
776
769
772
773
774
781
772
768
775
781
796
792
796
798
805
802
802
803
812
803
802
810
808
814
808
810
816
823
823
815
815
817
812
812
807
807
815
810
820
828
830
832
825
825
835
839
844
849
846
849
854
850
856
863
860
858
860
865
861
865
861
865
860
856
855
857
854
854
860
862
869
871
864
870
871
872
872
866
866
868
871
862
852
850
853
849
853
846
846
850
838
837
839
839
842
844
844
837
844
844
835
825
831
835
818
811
805
794
800
791
791
789
805
805
804
803
801
798
800
803
805
795
799
809
811
811
817
812
810
809
816
818
823
819
826
822
821
837
843
846
838
830
828
827
827
828
829
836
840
853
848
841
839
840
837
837
844
836
837
832
837
847
840
833
832
831
819
822
824
820
822
819
826
822
818
828
833
837
833
833
834
836
827
827
832
825
835
843
834
837
838
836
841
835
837
834
839
831
833
828
836
837
845
839
834
829
830
832
830
830
828
822
816
809
811
813
812
815
816
818
814
813
813
815
812
802
799
802
799
795
800
793
799
798
802
794
788
789
789
785
791
781
775
780
785
780
782
781
782
790
789
791
791
785
782
780
775
765
765
770
772
772
772
779
775
784
784
795
799
799
792
786
781
777
768
775
767
764
756
755
754
759
766
771
767
760
762
763
762
763
767
762
763
762
762
768
770
766
770
781
776
787
784
778
770
777
777
777
774
773
775
776
778
774
769
767
764
770
768
771
771
777
787
788
792
787
786
781
795
798
792
791
792
792
793
793
794
791
792
792
798
787
784
785
783
785
790
795
792
796
789
791
798
798
792
793
782
789
786
781
776
772
770
772
774
760
759
756
748
754
753
749
738
746
739
738
741
738
736
730
729
727
725
725
721
724
732
730
730
730
730
729
724
725
720
717
718
715
709
703
690
695
691
689
690
691
684
682
687
693
695
696
693
690
691
692
683
679
674
666
675
684
682
678
677
678
684
684
684
701
697
696
696
695
698
695
695
697
699
702
699
699
695
691
694
692
694
690
697
693
685
696
691
691
690
690
684
677
684
681
687
682
678
671
660
653
661
664
661
660
661
663
664
658
652
654
652
651
652
650
644
647
643
637
643
639
642
648
646
647
637
636
638
640
641
630
628
638
640
632
633
643
650
654
657
669
670
685
679
682
683
682
686
679
673
673
672
678
683
695
698
698
700
687
685
689
688
688
695
699
692
699
705
715
709
703
694
689
690
697
699
698
689
685
683
686
687
685
690
687
691
692
687
687
689
681
680
677
680
683
682
682
689
696
697
702
704
714
709
715
720
711
714
711
716
714
710
705
695
697
694
693
692
694
691
690
683
685
695
691
689
688
688
684
690
695
697
700
700
703
703
699
696
705
704
712
703
703
700
696
692
693
686
682
670
670
664
669
664
659
654
662
657
654
657
655
659
653
655
661
662
669
676
675
676
673
679
668
672
666
664
660
661
656
657
650
663
661
663
659
662
664
669
671
663
672
672
661
666
659
665
667
668
667
667
676
677
673
668
686
686
673
672
673
668
674
676
689
689
686
688
692
698
698
688
685
681
681
690
687
694
690
696
695
692
696
699
700
699
696
703
702
694
695
710
712
699
706
715
714
711
712
713
719
721
717
717
713
710
726
730
723
726
722
730
731
730
733
735
738
745
748
747
759
759
757
752
754
754
757
756
757
758
759
755
753
760
744
743
740
735
747
753
741
744
748
745
739
740
736
732
734
731
721
722
726
730
727
731
732
738
740
745
741
737
734
727
724
717
716
719
720
723
718
721
718
716
717
714
716
716
712
707
708
709
709
721
725
726
733
735
743
743
731
727
733
722
724
730
734
734
734
741
741
739
725
728
727
730
724
721
723
726
729
726
733
727
726
729
730
726
724
725
727
720
717
708
714
716
726
725
727
722
710
712
713
708
707
701
712
707
712
704
710
719
717
720
721
720
723
729
722
718
721
713
710
709
714
720
712
705
698
703
708
711
707
711
704
708
700
695
700
698
691
701
701
700
691
686
687
680
688
696
702
686
684
685
684
685
688
677
675
670
661
665
675
681
671
668
665
671
676
672
662
665
667
675
665
673
673
674
663
660
660
662
670
670
666
653
654
658
669
667
664
673
678
680
674
677
687
684
692
697
700
705
701
706
702
704
699
708
710
708
700
702
691
692
697
696
692
688
683
689
686
690
694
702
691
693
684
690
689
702
708
715
710
707
706
715
715
715
723
726
725
728
714
711
705
703
700
696
698
692
683
677
673
673
670
671
667
672
682
683
682
679
681
680
686
688
680
681
674
672
667
671
678
671
668
660
660
654
654
652
655
659
658
661
666
669
671
667
663
660
666
668
675
674
665
671
675
681
692
692
692
695
693
699
702
704
707
706
706
702
698
690
695
704
698
696
695
687
691
695
694
699
699
698
705
701
705
697
696
696
698
705
694
699
698
695
697
698
702
693
690
683
678
680
687
692
690
699
704
709
710
711
711
713
719
721
708
703
704
698
688
685
681
688
686
692
696
701
707
699
697
702
704
712
712
715
719
720
713
702
711
716
720
718
726
727
735
736
741
742
739
737
733
733
734
739
735
739
740
737
734
745
750
738
735
739
737
745
743
743
739
740
732
733
730
737
737
745
745
740
743
742
744
742
749
747
742
740
748
749
752
762
760
758
755
762
765
768
775
780
780
779
788
784
782
786
784
791
794
798
797
802
813
811
806
812
807
807
809
818
817
821
820
818
813
813
808
806
809
813
819
820
820
813
815
818
816
821
818
824
823
830
824
820
824
832
833
829
819
819
827
836
837
845
852
860
859
849
848
852
863
870
873
865
861
863
869
867
864
861
855
855
859
851
846
840
847
847
857
851
856
858
860
856
856
857
871
876
876
873
869
873
882
878
880
888
893
887
897
904
908
903
916
917
923
926
924
931
935
936
943
944
950
951
963
971
966
969
967
966
969
969
975
982
973
978
978
978
975
975
965
959
961
967
968
973
979
980
974
966
964
966
970
972
975
968
969
973
979
973
979
980
983
982
981
969
963
968
977
977
974
967
967
967
969
979
978
974
973
960
970
960
956
948
952
956
956
949
949
942
949
942
941
941
947
956
961
948
944
950
940
940
938
930
924
926
912
912
903
907
898
908
910
910
912
916
915
916
924
933
935
923
918
915
915
904
897
902
904
897
891
882
891
898
904
903
899
902
915
910
910
912
914
923
925
925
926
922
923
921
928
922
912
919
911
908
902
905
904
906
905
903
898
903
910
927
927
938
932
935
930
932
943
954
949
963
970
962
960
960
960
962
965
960
964
970
965
962
953
957
956
951
947
950
939
939
931
939
935
933
943
943
948
947
945
946
951
947
943
949
948
948
942
941
944
945
946
943
927
924
923
921
925
915
916
919
921
922
922
919
915
910
916
914
921
916
920
917
916
918
907
909
910
911
913
912
913
915
908
917
907
906
905
907
912
912
903
905
907
910
901
906
903
897
898
897
891
886
881
882
873
866
871
868
860
848
846
851
856
860
861
859
860
851
854
852
859
860
858
852
849
852
853
848
846
843
845
841
845
847
841
849
846
854
849
842
838
844
846
857
856
854
863
863
858
858
861
850
851
848
854
849
855
854
857
859
863
865
852
850
852
854
850
854
855
862
859
851
848
853
856
863
869
863
870
873
871
871
875
868
859
858
872
871
876
878
877
877
881
878
880
884
886
882
879
881
878
885
878
873
882
880
894
894
900
893
892
892
891
892
892
895
891
889
885
887
887
886
889
895
891
887
888
891
885
892
883
871
868
868
873
865
865
857
861
860
861
864
856
850
841
849
853
851
851
847
846
853
855
851
854
855
851
857
855
841
854
857
858
859
858
849
849
846
837
848
846
842
842
848
856
857
853
861
874
873
879
883
876
885
879
869
865
871
869
870
873
875
877
869
870
872
868
868
871
871
873
867
860
856
852
842
841
830
829
829
840
831
828
824
824
817
818
829
832
818
815
825
821
827
827
823
837
837
841
841
845
846
849
850
856
853
847
842
843
842
843
847
840
846
846
847
853
842
846
846
844
847
840
843
840
844
835
836
845
843
850
851
854
854
856
863
870
869
856
855
855
851
846
848
840
836
839
839
839
843
840
839
846
840
843
844
847
848
837
835
825
829
827
827
820
813
800
801
802
802
805
801
802
795
801
809
813
812
796
796
797
795
793
796
796
806
804
816
819
825
824
825
817
811
806
801
802
808
803
807
809
808
809
806
807
811
808
806
803
808
801
801
797
798
801
803
806
805
803
807
801
812
807
822
819
826
831
828
823
817
826
828
827
829
828
829
817
814
816
817
811
812
812
812
813
813
814
815
825
819
823
822
820
819
818
811
802
801
803
802
816
817
810
813
820
823
826
817
823
815
822
818
813
812
821
812
805
795
792
800
802
802
804
815
817
813
817
816
818
814
819
822
818
812
809
806
808
809
796
794
784
784
781
766
765
772
771
772
768
770
778
782
788
790
795
799
797
807
811
811
807
811
818
825
824
829
828
835
835
842
841
829
828
829
825
821
823
822
823
827
828
818
808
802
812
808
808
816
818
827
828
824
825
835
834
835
836
834
830
836
842
853
856
850
860
864
861
847
837
837
845
848
852
854
859
878
875
867
869
867
863
867
864
861
864
866
866
858
855
851
841
846
856
851
850
857
862
854
856
862
856
846
850
847
848
849
849
857
854
854
854
844
849
850
855
858
866
872
866
871
872
865
855
849
848
855
857
852
848
846
850
844
846
853
852
866
863
862
864
872
858
864
864
857
853
847
849
859
853
856
853
856
855
854
