0
12
13
18
23
19
10
20
22
27
27
28
23
29
33
29
31
31
35
30
34
42
32
37
28
30
21
21
14
17
12
22
16
17
18
24
26
41
46
44
44
35
38
36
34
35
28
31
22
13
18
22
28
38
40
49
47
41
44
47
39
48
45
40
45
38
35
35
37
28
27
24
29
25
27
31
29
39
44
45
35
38
29
34
36
40
40
40
45
43
44
45
45
49
52
51
51
60
61
60
62
56
55
54
46
55
58
51
42
46
49
47
49
43
35
39
25
31
33
37
34
30
31
28
36
33
32
34
35
38
39
42
40
42
41
46
51
58
59
54
65
75
67
70
72
72
75
71
78
79
88
95
95
97
97
86
78
81
89
87
89
94
101
105
114
111
107
105
104
113
105
105
109
110
113
112
111
115
108
118
114
112
109
113
115
113
122
129
135
142
136
130
121
121
118
114
118
117
114
116
112
114
113
108
100
92
93
100
104
101
99
99
88
89
74
71
69
63
55
54
62
60
61
55
53
55
59
65
67
60
47
46
42
31
36
44
54
58
56
52
48
47
42
39
31
31
29
23
26
24
13
12
15
16
22
28
20
13
13
10
14
15
19
16
15
16
20
25
28
25
19
17
20
18
15
18
17
17
16
18
16
16
10
18
21
20
19
12
18
22
27
29
20
17
17
18
23
24
22
21
21
31
36
41
36
32
36
37
31
23
22
23
27
29
30
28
30
29
39
24
28
22
20
14
17
22
15
15
18
27
26
30
31
33
37
37
35
34
33
30
29
35
38
37
36
38
41
48
60
67
69
70
75
65
68
68
71
68
69
72
71
71
64
70
67
71
64
61
58
51
46
42
39
43
45
45
49
50
49
54
59
63
71
72
73
74
80
73
73
76
79
78
74
88
87
95
92
103
108
105
114
110
104
109
111
111
115
117
118
112
102
104
105
112
99
94
97
88
79
81
75
76
71
64
66
73
79
75
75
76
80
76
65
73
68
63
68
77
73
75
75
79
71
73
76
83
78
73
77
78
65
65
66
71
82
81
85
89
91
98
104
101
95
98
95
104
108
115
116
114
116
115
111
110
114
112
104
100
100
97
96
88
93
92
92
87
95
93
100
106
104
107
99
99
102
98
93
96
96
91
81
74
76
72
70
63
59
53
47
51
50
47
48
52
55
53
58
57
65
68
69
67
73
77
67
59
50
46
45
32
35
40
44
50
52
44
47
46
41
44
44
48
41
49
51
51
50
46
40
35
29
37
46
50
46
46
42
37
32
26
36
36
37
40
48
37
38
34
33
30
26
24
22
26
31
18
21
15
11
11
23
21
17
20
13
24
23
18
15
9
27
28
28
25
30
26
21
18
23
23
28
22
22
24
20
19
25
29
40
43
54
37
45
45
50
46
46
40
46
43
44
47
59
47
49
56
57
51
54
43
43
44
40
34
37
35
40
46
40
42
36
36
34
36
31
24
31
31
25
20
25
25
31
38
41
40
32
26
31
33
39
36
39
41
46
54
58
58
60
57
51
60
62
57
61
76
74
72
75
81
79
86
89
91
86
84
87
90
92
100
98
89
88
84
78
73
67
64
66
72
77
70
78
81
80
80
75
76
65
68
66
74
71
70
77
80
88
86
85
87
88
85
87
95
96
91
85
80
79
75
74
67
72
65
70
65
65
63
63
66
64
56
62
55
51
45
42
43
36
35
39
33
33
36
41
39
37
37
40
48
44
29
29
30
40
46
44
42
50
49
54
55
53
51
45
48
47
48
39
33
38
39
35
26
26
20
14
27
27
19
25
38
34
38
31
32
17
21
21
22
25
25
23
15
17
19
27
23
24
23
27
31
37
49
56
52
51
37
38
34
32
35
39
35
31
39
50
53
61
53
61
62
56
65
66
66
73
73
72
67
62
60
64
56
69
70
72
74
79
84
85
84
94
95
95
94
102
107
104
102
118
121
125
122
130
132
126
127
132
130
133
133
133
132
127
131
128
120
119
117
117
116
112
121
121
138
140
147
144
138
143
146
155
144
149
151
149
151
150
146
149
145
156
151
154
152
158
161
166
173
172
176
180
179
179
189
186
188
192
191
196
194
198
200
208
205
203
207
210
209
202
201
199
202
215
208
207
204
206
209
212
212
207
202
204
204
192
186
187
191
193
183
187
198
196
198
193
188
187
179
189
183
178
180
181
178
185
194
196
184
174
170
180
170
173
173
176
175
166
186
182
180
187
198
205
205
207
199
208
203
204
201
200
203
212
210
209
208
211
214
206
200
200
206
207
220
214
208
201
203
200
210
209
202
194
199
202
193
197
195
193
186
184
183
190
200
206
197
204
197
200
203
207
212
202
203
207
201
201
203
208
189
186
183
184
183
182
179
184
183
174
179
178
174
162
166
174
173
172
169
174
182
192
192
184
183
181
176
176
177
170
176
173
170
171
168
168
169
171
163
164
160
162
158
157
157
160
160
162
167
173
172
174
172
178
171
174
171
176
170
178
179
180
181
179
172
173
182
178
178
180
176
174
178
175
183
178
186
191
192
189
188
199
197
197
202
213
205
212
206
202
202
209
215
227
234
233
234
240
240
236
244
241
241
245
253
257
268
276
277
278
280
280
281
289
290
287
286
282
285
281
285
291
278
267
272
265
268
275
270
264
262
269
263
260
269
266
259
255
255
254
257
257
255
260
263
267
274
278
277
280
281
274
273
273
274
283
280
288
295
293
287
280
289
296
290
281
278
279
273
272
271
276
270
262
263
272
274
270
267
268
270
276
282
282
273
271
274
272
258
255
252
256
256
257
260
253
262
258
260
267
259
263
252
262
249
249
247
255
249
247
254
250
241
233
223
231
229
229
225
230
233
230
234
231
239
236
239
239
230
226
226
222
214
230
232
232
236
245
252
248
253
245
237
242
246
246
241
235
240
237
235
232
232
238
237
238
240
234
240
239
241
236
240
236
242
237
236
225
224
216
227
235
230
219
215
215
212
216
223
220
217
219
224
215
214
209
215
216
219
216
207
208
207
209
202
204
204
211
220
211
215
213
206
213
219
222
217
212
207
209
215
220
224
221
228
221
218
227
227
227
222
219
215
220
234
237
235
243
248
257
250
247
246
249
247
257
245
243
237
248
244
240
238
229
223
225
226
226
224
229
227
232
232
231
227
227
226
237
239
243
239
238
240
241
236
243
236
243
238
248
242
249
244
254
249
251
245
247
240
235
231
240
243
253
254
260
269
262
264
274
274
278
278
282
274
261
261
267
262
269
266
262
262
257
256
256
251
244
241
246
253
258
253
254
252
250
251
253
259
253
248
251
245
247
250
248
245
246
246
246
241
245
253
253
256
254
249
252
252
260
256
265
268
270
273
274
286
282
281
277
275
277
271
276
280
283
288
288
288
298
305
305
311
311
312
314
307
300
295
298
297
302
296
293
290
292
290
293
296
290
297
296
303
303
302
303
307
311
309
309
315
315
320
325
325
327
325
333
334
337
329
320
324
330
331
330
326
325
313
315
319
309
312
314
308
310
314
307
303
304
307
301
302
309
314
309
302
298
298
300
289
294
296
297
299
296
293
304
303
299
298
294
298
288
284
276
263
266
261
262
266
262
259
247
248
243
247
251
244
241
246
252
248
252
249
244
247
251
256
264
265
252
255
260
257
252
250
258
264
258
261
260
261
266
259
266
274
276
281
283
282
289
285
278
278
275
274
263
268
269
271
262
257
260
276
269
262
261
268
265
265
264
264
268
261
261
257
248
244
244
247
245
239
236
227
226
223
227
233
229
224
224
232
228
223
215
214
219
215
217
212
210
206
215
212
209
209
204
209
210
200
207
202
198
206
208
212
217
221
228
232
232
228
220
208
216
221
226
225
222
230
230
226
229
232
226
228
232
235
236
230
220
225
224
226
223
227
226
232
233
237
238
245
244
246
251
256
260
253
245
231
232
237
232
232
219
223
226
225
226
218
216
212
209
218
211
216
214
203
194
198
199
197
187
188
189
185
181
187
181
181
181
183
173
183
182
170
166
158
162
170
180
181
179
185
199
196
201
210
227
228
231
228
229
222
223
214
199
194
191
187
191
189
192
193
195
195
196
201
207
206
206
209
218
216
211
213
209
212
208
206
201
195
192
195
193
188
188
190
192
198
200
196
191
195
183
186
174
166
160
164
159
162
166
158
167
178
170
178
178
176
175
174
174
174
176
179
185
188
190
194
192
195
187
192
204
196
187
179
189
197
203
203
207
212
208
210
217
214
212
217
207
205
213
215
214
210
210
201
211
210
211
215
217
217
222
225
229
236
240
244
246
251
241
237
240
243
248
249
255
242
244
239
236
238
245
248
238
235
241
235
227
218
211
218
221
223
221
223
227
231
230
228
230
232
235
242
245
253
255
263
271
272
274
274
276
279
276
277
271
277
288
297
295
306
309
305
298
297
287
280
270
266
261
270
271
275
285
282
285
286
295
302
306
309
305
304
304
294
305
306
296
292
285
280
276
269
267
272
285
284
279
279
274
269
266
262
263
260
271
271
267
270
269
262
263
273
278
290
279
266
261
262
254
254
246
255
255
254
251
255
262
264
273
276
286
285
291
295
286
288
289
294
293
295
289
285
288
292
294
299
314
311
310
309
308
310
308
315
313
314
312
325
322
329
332
323
316
309
307
316
320
321
319
318
320
331
324
324
322
323
323
322
322
314
320
316
319
322
327
329
331
326
317
312
313
320
318
330
331
339
330
335
333
336
337
343
345
347
346
345
351
348
342
339
340
336
338
339
339
344
348
339
331
316
323
331
336
341
341
337
338
331
328
327
323
334
335
328
326
330
335
345
353
349
355
352
353
343
349
346
339
334
326
322
320
325
325
331
330
322
316
312
318
314
311
316
312
304
296
297
292
291
289
289
282
276
281
280
277
278
284
278
277
276
282
291
293
291
281
283
287
273
274
269
271
273
265
263
268
273
267
267
269
270
274
271
277
282
285
277
274
264
257
260
261
266
258
263
272
277
276
273
273
269
266
272
276
275
263
278
285
290
284
292
286
291
293
292
289
290
287
279
275
274
279
272
276
282
287
284
283
290
290
291
289
291
281
276
275
265
261
264
265
273
278
270
272
269
276
281
279
275
275
274
267
264
264
253
246
255
265
262
266
271
269
262
256
261
260
255
263
277
275
277
283
291
294
297
300
305
319
323
325
316
315
308
310
305
304
300
291
289
296
304
314
322
330
333
336
340
341
339
344
344
338
339
339
344
347
348
350
346
349
345
341
344
343
356
358
357
357
346
341
344
340
333
331
332
328
320
331
328
326
335
336
339
347
349
358
351
347
352
355
359
362
362
367
354
361
363
366
358
360
361
368
360
360
363
366
365
363
364
366
378
377
379
367
363
369
377
387
394
389
394
394
400
406
406
412
413
425
424
420
419
429
427
429
424
428
423
423
424
421
418
422
418
417
403
406
408
395
393
387
385
377
378
371
376
375
380
383
382
377
382
377
385
382
386
384
387
386
384
382
389
393
384
385
386
394
388
378
380
382
390
381
389
386
385
383
380
372
376
375
383
382
388
393
398
392
397
398
402
401
404
404
402
403
413
408
405
411
412
403
397
403
398
392
392
393
390
398
396
396
400
406
401
399
404
398
402
400
391
391
402
405
411
410
398
401
402
398
395
400
403
407
403
405
407
401
394
397
391
388
387
397
393
394
388
385
379
378
381
377
379
384
384
386
387
385
378
376
371
371
372
374
367
366
368
361
356
348
349
352
347
344
349
354
351
343
345
340
333
324
320
318
319
325
329
329
328
331
330
333
338
329
317
313
300
301
294
300
303
295
297
287
290
289
288
275
265
268
262
260
264
259
265
258
258
265
262
258
258
255
258
260
266
262
259
252
251
238
233
235
229
227
239
233
235
228
227
223
216
215
211
211
207
209
217
211
216
216
205
204
207
210
212
215
215
224
228
235
232
227
223
222
217
214
215
218
225
225
233
228
226
229
236
226
230
228
228
227
226
219
217
218
218
210
205
210
211
211
221
220
212
207
200
207
209
218
212
217
214
214
213
209
213
214
209
196
192
196
197
200
202
198
195
199
197
199
207
207
207
202
202
199
186
182
188
193
195
198
192
190
187
182
178
177
168
168
175
180
179
181
178
172
167
178
179
181
180
190
193
199
205
214
213
211
220
221
222
233
238
236
239
230
225
241
244
242
238
240
234
235
227
222
215
212
211
214
214
216
223
223
221
224
230
227
221
224
230
235
228
233
231
229
223
229
233
233
226
231
240
236
232
235
231
230
236
234
234
237
242
239
237
241
236
236
238
250
256
252
247
246
243
249
247
247
256
254
254
260
256
255
250
251
252
247
253
249
238
244
250
251
246
254
261
262
265
267
277
286
283
281
287
288
306
300
309
312
315
322
320
314
319
319
315
312
304
304
301
303
308
308
308
307
310
308
303
304
292
289
285
279
274
273
267
266
267
268
271
271
265
256
256
251
256
249
248
251
256
270
272
263
259
252
254
245
241
236
230
234
234
236
232
233
232
220
221
216
223
223
218
211
207
210
219
215
217
205
199
202
215
216
220
224
226
220
220
215
219
225
224
227
220
216
214
220
222
224
215
227
227
231
229
222
224
219
218
208
209
208
213
215
215
226
212
217
221
223
230
226
223
210
206
212
224
222
219
226
225
222
221
221
224
227
225
225
217
211
208
211
219
211
206
207
206
205
202
201
199
211
214
202
205
213
208
198
203
205
206
207
209
212
199
191
188
185
185
186
185
178
173
177
167
159
158
153
146
142
140
140
136
133
129
134
130
132
126
126
122
124
124
132
129
133
130
130
133
135
143
146
148
135
130
127
128
127
125
124
132
124
121
123
130
135
134
134
128
132
135
132
131
127
129
135
131
134
136
138
139
141
135
148
141
137
135
134
141
142
145
144
137
143
138
129
127
126
129
133
136
143
147
139
135
132
129
135
137
139
141
129
130
143
149
145
151
157
165
178
176
176
178
169
158
161
162
156
154
156
154
149
146
150
146
152
153
154
154
155
159
157
163
158
167
159
162
160
151
145
141
140
139
148
138
147
148
150
152
157
153
152
156
156
154
142
143
148
146
149
154
160
164
167
160
164
153
152
148
137
133
124
133
137
147
150
148
151
146
141
153
154
159
159
161
167
164
171
177
175
168
167
167
162
156
165
161
163
158
151
146
151
159
157
164
163
160
160
152
149
147
142
142
143
137
134
129
125
130
131
143
143
144
141
155
160
164
163
165
168
164
160
158
163
153
156
153
144
145
147
140
135
138
141
143
135
135
130
128
125
120
109
114
117
127
132
123
126
122
125
119
114
125
128
127
136
138
141
140
135
132
131
133
135
142
143
152
154
147
148
151
146
147
149
149
145
146
151
146
147
149
145
145
140
139
138
150
149
137
136
135
138
132
125
118
118
116
114
118
114
112
119
122
124
122
120
111
112
117
112
105
107
106
106
112
112
114
107
111
113
115
104
107
107
101
107
108
110
109
109
112
112
119
114
124
125
136
139
137
140
139
133
137
129
137
135
143
139
143
149
154
156
159
176
172
173
171
181
177
176
167
173
177
174
176
179
174
178
182
174
165
158
164
156
152
148
151
148
148
142
145
142
152
150
147
147
145
148
152
146
145
143
146
143
139
140
131
134
145
145
148
154
148
157
156
152
154
149
151
148
152
150
148
150
149
147
137
134
117
123
116
110
119
115
118
116
115
105
101
102
99
95
99
103
102
104
114
110
95
98
98
104
98
108
105
101
97
105
104
103
101
103
97
87
92
91
93
103
98
98
86
83
88
91
93
98
95
95
101
94
88
100
101
107
100
94
93
89
94
102
112
104
98
106
111
114
124
126
118
121
125
131
128
126
127
127
129
129
126
126
115
114
125
130
129
121
124
121
121
121
121
109
118
113
106
105
106
110
103
106
108
98
99
109
114
119
124
136
140
135
137
141
134
138
142
140
132
136
142
134
132
128
133
124
122
120
112
110
107
96
97
96
92
82
90
99
100
103
105
93
103
96
97
95
102
98
97
97
84
91
91
104
101
102
104
108
111
102
107
98
92
101
98
90
89
90
97
101
104
95
105
107
107
115
105
104
106
106
102
100
91
84
80
81
83
92
98
96
97
100
104
98
96
98
97
99
108
112
121
117
125
120
126
125
123
124
125
125
138
146
151
152
146
146
144
141
165
157
158
163
160
169
171
170
174
169
172
175
169
166
155
153
150
149
145
140
145
152
155
150
153
159
157
158
154
159
164
165
168
168
170
170
158
173
174
180
163
169
162
159
160
154
152
159
161
158
157
161
162
154
157
161
158
159
168
166
174
169
176
167
167
170
172
179
174
178
179
168
167
169
165
159
163
164
162
162
157
160
149
157
158
156
158
162
167
172
181
187
187
182
166
164
157
155
151
157
155
165
163
176
168
167
171
169
172
163
155
155
163
163
166
169
171
170
166
157
161
159
159
153
153
144
144
135
139
140
133
138
145
140
137
136
141
142
143
139
142
137
134
126
120
113
113
108
106
113
111
107
100
108
95
92
85
93
96
87
89
92
95
93
93
98
98
96
84
81
92
105
109
118
120
126
129
129
128
131
128
120
117
111
104
102
107
100
98
98
101
96
96
104
114
115
109
107
113
121
121
112
116
120
111
99
106
94
94
95
99
95
100
103
101
92
102
102
103
97
87
80
84
88
86
94
91
91
93
90
90
91
99
107
108
106
105
107
108
106
98
97
88
84
78
78
90
87
87
87
84
88
76
76
75
79
82
78
76
84
83
92
91
86
82
88
86
90
87
93
92
87
88
86
82
87
77
74
78
83
84
86
90
87
86
97
103
99
100
106
97
99
91
89
79
82
87
88
93
103
100
97
106
100
97
100
96
99
98
95
97
102
98
92
97
91
89
89
86
92
92
104
99
96
91
89
93
96
86
75
66
65
64
70
62
55
53
56
50
52
52
54
55
43
47
52
49
49
53
51
55
60
60
58
73
71
68
72
71
78
74
70
65
67
66
63
58
52
49
56
70
63
57
68
59
62
67
70
71
75
75
73
84
82
81
78
81
87
91
89
79
86
91
85
92
87
85
91
90
92
89
90
89
87
90
96
92
92
90
85
81
80
73
72
64
64
61
58
65
60
70
66
73
73
72
70
62
63
57
54
54
55
50
47
40
44
46
50
45
47
33
33
28
27
28
24
27
26
30
27
27
19
22
26
33
32
24
24
31
32
30
25
16
24
20
8
8
18
23
22
22
35
33
24
20
16
17
15
16
19
18
19
19
20
16
7
8
11
15
21
26
18
12
13
11
13
19
19
10
18
17
27
35
31
21
31
37
38
34
37
44
45
50
42
38
36
22
20
9
12
17
23
18
16
12
13
14
26
21
21
24
22
19
17
18
15
22
29
29
31
36
34
35
34
43
54
52
51
52
56
64
68
76
90
96
99
103
101
98
92
88
97
102
110
117
114
121
116
116
117
117
111
113
112
112
110
105
100
94
87
87
89
86
80
83
90
100
105
118
128
128
131
131
141
150
154
161
171
164
166
168
161
159
164
169
168
176
175
177
180
182
189
188
184
176
170
177
163
169
173
182
184
179
178
189
194
188
195
189
186
188
188
190
189
191
174
181
185
177
179
176
179
178
167
178
174
177
182
166
166
166
166
168
172
166
162
159
154
147
157
156
157
168
167
169
166
165
171
172
163
165
166
165
163
167
165
170
161
164
166
174
174
167
158
158
160
157
156
163
157
148
153
146
151
147
152
146
146
150
146
146
152
155
155
155
153
147
147
155
161
157
154
151
147
142
142
152
137
147
146
153
143
144
147
144
153
155
150
143
149
148
146
142
138
147
141
149
156
152
164
167
156
154
163
163
171
170
176
172
179
175
170
168
173
178
184
178
172
176
177
172
173
169
158
158
157
153
144
140
145
149
140
134
127
138
142
134
129
133
134
136
140
143
149
146
145
148
152
152
144
148
150
164
161
154
160
150
150
146
151
149
160
149
160
161
155
150
149
149
146
136
142
147
147
143
154
153
147
143
144
150
147
143
143
144
137
128
134
129
129
124
129
136
136
137
148
144
141
141
143
145
145
150
146
150
153
150
156
151
149
148
146
150
141
137
139
137
132
127
130
129
132
128
127
129
127
128
129
129
132
128
136
127
130
125
121
127
128
133
134
139
141
146
150
146
143
145
139
132
146
149
153
151
144
128
122
114
114
118
121
122
114
121
119
114
125
130
134
135
137
127
126
127
123
122
119
115
108
97
97
103
98
91
92
98
98
105
101
103
112
107
107
103
106
113
108
114
115
121
125
123
120
117
111
114
117
111
124
121
124
124
124
129
125
127
126
123
124
129
129
122
123
126
119
116
113
126
131
127
119
120
121
129
131
134
132
131
130
130
130
128
127
132
127
132
141
147
139
135
134
126
126
115
116
115
111
104
110
110
99
100
101
110
119
116
115
109
115
124
113
109
105
116
117
117
124
127
131
140
137
147
148
151
156
155
142
142
143
143
147
138
134
128
127
124
128
136
136
137
135
130
139
136
129
129
122
128
118
122
117
107
109
113
119
119
114
112
113
119
121
121
126
123
129
126
121
124
117
125
128
127
127
126
138
128
122
116
106
108
109
103
98
101
98
105
104
95
97
102
104
101
104
101
103
103
109
106
98
104
111
113
112
120
122
126
115
114
115
115
119
118
122
115
118
114
121
123
129
135
138
145
152
147
142
136
140
145
145
138
138
132
127
125
131
130
139
138
129
123
124
112
121
121
115
113
112
107
108
113
122
122
121
131
139
140
135
136
133
131
134
132
133
131
137
139
139
139
148
146
144
136
134
127
133
131
121
126
116
117
114
104
112
120
125
134
144
141
137
136
143
141
141
130
139
144
145
141
141
143
139
141
138
130
120
115
120
119
131
131
137
138
136
130
130
125
118
119
121
123
121
103
101
101
107
107
101
102
101
106
110
116
112
111
110
106
102
111
115
114
123
125
116
115
117
119
126
125
134
138
135
141
135
138
136
134
135
134
134
132
143
142
144
144
136
138
152
143
145
151
160
164
162
159
142
140
141
139
143
146
144
140
143
150
149
152
158
159
158
159
149
159
156
149
148
141
140
143
148
148
147
152
152
152
160
157
155
160
165
162
157
170
181
179
186
198
194
201
186
190
187
190
187
193
193
193
198
191
192
193
196
196
197
194
201
204
204
207
203
208
205
204
207
210
201
197
200
198
191
192
201
196
189
194
181
181
180
187
181
180
181
178
183
173
171
160
157
149
143
140
144
158
156
156
170
162
157
158
163
162
161
162
159
159
154
157
157
164
173
179
176
175
175
182
179
177
177
171
172
180
170
172
166
168
163
165
173
180
182
173
176
181
171
178
178
177
172
178
171
179
180
179
176
174
175
176
169
168
182
178
177
160
152
142
139
136
133
136
135
133
133
139
145
140
136
138
144
137
142
148
158
173
176
176
175
171
170
162
166
179
189
197
194
190
186
193
186
188
197
204
198
196
192
202
194
197
194
197
196
194
197
193
184
181
181
193
186
186
193
198
198
195
193
197
210
215
218
221
222
228
228
235
235
242
243
239
243
242
245
246
243
240
228
219
219
214
209
215
212
213
210
205
204
212
216
215
214
217
219
224
227
240
237
240
235
237
242
250
255
255
251
261
264
261
268
266
270
274
269
259
261
253
255
262
269
290
292
287
288
295
291
293
296
285
288
290
290
289
288
297
301
304
301
293
287
290
286
280
275
277
269
257
264
262
255
254
250
251
250
249
253
256
260
258
258
253
251
247
255
253
255
256
250
253
258
264
270
272
277
280
277
274
276
277
272
274
268
262
258
257
260
260
266
264
268
269
268
267
272
271
272
277
269
275
277
284
287
290
291
286
279
283
291
286
275
281
288
287
289
286
282
283
280
282
275
281
290
290
282
275
265
279
288
299
301
303
294
299
301
294
298
298
296
294
294
290
285
287
283
285
284
283
284
278
274
273
270
260
268
259
261
257
249
240
237
244
244
248
248
247
237
234
241
247
244
250
251
247
234
229
225
226
230
231
224
220
213
215
216
214
215
209
206
208
211
211
213
213
211
216
215
208
212
203
193
189
186
192
187
184
187
186
189
183
176
163
170
175
180
177
186
176
174
177
176
174
178
177
178
164
163
160
165
160
157
166
174
174
175
174
167
165
167
167
159
153
161
169
170
165
179
179
185
186
180
187
184
190
191
199
195
197
200
200
202
201
207
205
210
208
216
225
228
219
209
214
215
209
213
225
227
226
229
228
229
229
229
222
229
220
229
225
218
222
223
225
225
214
213
216
218
224
222
219
209
204
202
197
192
197
187
181
185
179
169
167
164
165
169
166
163
158
159
163
165
165
166
168
174
176
166
166
171
172
168
174
170
166
159
163
162
168
159
151
147
142
138
131
130
133
126
136
140
142
133
127
127
123
126
120
121
118
120
123
127
132
127
135
128
120
125
129
132
135
145
143
129
129
129
134
135
140
146
152
153
157
165
171
172
174
171
170
162
163
169
165
165
168
173
170
170
166
167
178
181
177
180
182
178
189
203
197
209
217
214
214
202
206
201
207
211
214
211
206
206
208
213
211
210
207
209
196
198
197
196
196
195
191
192
194
195
196
193
192
185
181
182
186
186
186
184
181
186
179
178
181
181
186
179
187
186
185
193
192
186
185
182
169
167
171
174
181
179
186
187
183
188
188
194
194
204
205
216
228
220
217
214
214
218
225
226
229
230
228
230
233
240
235
223
231
234
227
226
223
222
227
226
235
228
221
225
231
238
241
238
238
235
232
226
220
219
225
220
220
224
222
221
223
221
226
229
222
226
229
229
235
233
230
226
229
234
231
229
222
226
219
222
220
224
217
225
221
224
222
225
230
231
228
234
238
245
241
245
249
239
249
247
240
236
233
229
239
244
241
227
214
225
224
220
221
215
206
210
208
211
221
223
222
215
204
206
210
209
206
205
200
198
196
195
191
188
183
183
177
168
162
169
164
169
170
174
182
183
174
180
176
184
195
188
182
188
191
189
188
184
190
196
198
203
204
208
208
208
223
228
228
231
232
231
234
233
237
235
237
235
235
228
230
235
235
237
246
246
249
240
233
233
239
245
254
253
247
247
246
237
238
247
243
246
239
242
236
235
226
219
230
229
230
234
232
236
233
237
240
246
253
252
255
258
251
247
251
244
234
238
229
224
224
226
231
235
236
244
240
242
237
231
222
227
224
235
237
236
237
241
249
249
254
261
263
259
265
258
255
255
258
247
248
249
245
244
241
239
240
246
246
238
240
239
230
225
236
234
237
236
237
247
246
253
250
252
268
273
270
264
266
273
269
260
263
260
253
254
252
248
253
254
261
257
261
270
273
271
263
256
251
251
263
267
254
250
250
247
248
250
247
243
257
258
258
256
244
235
239
236
234
233
236
229
232
229
230
215
225
225
224
230
234
232
241
239
232
234
243
252
242
232
236
239
243
240
237
238
235
230
223
229
232
230
225
220
217
218
219
218
209
201
193
187
196
197
204
207
205
202
210
214
217
215
219
215
208
203
208
204
203
205
201
203
211
217
209
211
209
204
206
193
196
199
198
198
199
202
201
210
212
213
219
222
224
219
216
220
228
226
228
222
235
244
256
271
279
276
277
273
279
284
293
298
297
299
292
288
281
280
283
277
272
273
280
276
272
266
270
262
254
249
250
253
261
264
258
254
259
264
272
281
290
299
303
300
299
299
292
286
288
289
289
284
289
285
273
270
268
264
263
271
268
268
266
266
266
272
265
264
258
250
242
241
227
233
235
233
236
238
235
235
234
230
237
242
243
238
234
233
239
237
248
248
243
247
242
246
247
244
241
239
237
232
231
232
229
236
240
244
229
230
234
238
239
237
235
237
246
249
240
235
244
253
254
258
254
263
256
252
257
255
264
260
261
260
254
257
256
255
255
264
269
268
272
267
261
268
253
257
262
255
252
243
240
234
229
225
232
237
234
234
237
232
230
244
248
246
250
253
253
257
261
271
267
266
273
270
261
253
250
261
259
257
260
254
253
257
253
256
262
262
265
275
271
260
264
263
267
271
276
275
277
281
275
280
284
284
279
277
276
271
283
274
266
268
256
252
253
255
257
247
243
253
253
250
249
245
257
245
247
257
257
250
259
266
259
249
248
243
244
238
236
234
230
234
231
227
236
240
233
240
246
244
244
248
247
245
241
247
247
249
243
254
255
255
251
246
245
243
246
247
244
246
256
251
247
251
260
261
249
255
251
252
253
260
250
254
247
251
254
249
248
242
245
242
238
235
242
231
230
229
224
219
224
217
215
218
206
202
192
200
198
197
196
190
187
184
166
163
160
161
162
176
181
177
174
180
180
181
183
183
185
188
191
191
194
201
198
199
191
188
188
191
191
187
184
181
178
182
177
176
180
181
182
181
179
178
176
175
179
188
180
180
178
178
183
179
181
180
177
182
174
179
170
156
166
174
167
167
181
181
178
177
177
184
175
166
165
167
172
173
169
164
167
174
177
176
169
160
162
165
162
159
171
165
167
163
162
162
164
164
166
168
158
146
137
125
124
115
117
119
121
121
128
131
133
133
134
139
142
138
146
148
142
137
133
131
138
139
132
134
138
133
137
130
129
142
144
146
143
143
147
143
153
173
182
184
189
193
206
203
203
218
218
218
221
209
208
197
205
203
206
210
203
206
211
200
200
198
193
192
206
194
206
211
204
213
215
218
223
218
221
219
214
216
217
216
209
212
216
210
216
220
220
219
223
218
209
211
211
219
219
217
215
203
204
201
209
209
209
215
219
214
218
217
222
218
224
228
214
200
210
204
206
209
216
209
214
218
208
211
214
207
204
204
208
213
215
221
213
211
206
210
216
212
218
215
212
200
197
198
192
197
198
189
181
176
173
167
166
157
157
164
161
157
162
166
160
165
155
156
153
145
152
156
156
154
157
157
160
160
160
171
182
187
191
194
192
192
193
197
190
193
189
191
179
176
168
169
165
173
183
183
177
181
174
177
179
178
170
169
176
168
167
163
166
166
168
167
179
182
178
175
179
180
174
182
183
183
177
172
179
176
176
181
180
173
160
158
155
162
160
161
162
169
166
167
168
168
176
174
177
181
177
172
177
179
179
185
179
186
194
194
186
184
186
179
186
185
191
184
186
199
203
208
204
207
205
206
199
196
188
181
181
175
176
170
167
163
172
176
180
183
186
193
191
198
202
203
202
206
203
204
203
216
222
214
201
192
190
188
187
189
189
188
184
182
170
176
182
181
188
187
190
184
189
190
194
201
202
203
192
193
189
185
195
198
185
182
183
184
176
179
179
178
186
191
188
186
185
197
197
192
192
188
184
186
185
187
182
179
173
177
185
178
179
171
163
168
162
157
151
150
156
152
156
155
142
144
148
149
142
141
144
141
142
134
132
137
137
141
145
138
129
126
127
125
121
119
120
121
125
125
127
125
125
118
120
122
110
109
116
119
115
114
126
122
123
116
116
121
126
122
117
115
117
129
123
124
126
125
127
126
119
129
125
130
129
131
141
132
132
131
128
116
114
114
123
124
117
119
113
115
120
115
110
112
112
113
114
112
132
129
121
114
125
131
140
140
149
143
146
138
129
125
118
113
118
123
114
121
131
137
136
130
128
125
129
135
127
119
125
120
111
111
108
100
102
109
109
104
108
104
101
100
107
102
95
85
85
84
78
82
77
78
82
78
87
87
83
85
88
85
83
78
73
76
71
69
70
82
77
74
70
65
59
61
62
70
67
71
63
53
51
50
32
37
45
45
43
33
29
26
20
23
33
30
31
38
43
48
45
44
39
44
49
50
55
59
64
61
70
63
52
60
57
60
68
76
77
78
74
75
76
68
60
53
58
56
60
59
62
63
64
64
66
75
78
73
74
79
80
79
86
82
92
94
92
97
103
97
91
89
88
86
91
94
100
102
102
102
112
117
121
116
118
121
120
119
122
125
122
115
113
122
127
132
132
113
108
119
119
117
120
120
119
115
106
104
111
98
101
100
101
101
98
104
99
99
98
86
79
81
84
83
75
73
75
81
83
83
71
65
65
67
68
65
63
58
59
56
49
44
54
54
50
42
41
25
26
28
22
34
30
35
43
47
44
40
47
55
63
58
58
60
50
63
69
66
68
63
67
69
67
68
70
74
75
83
81
81
82
81
77
73
74
71
70
63
69
62
59
59
62
68
68
67
69
77
65
64
68
68
75
73
82
78
87
90
92
93
86
94
96
98
93
94
90
97
89
99
98
92
91
91
89
82
90
86
91
87
94
94
99
106
109
106
104
99
93
92
84
77
81
92
95
103
103
102
100
98
103
96
95
97
100
102
98
102
103
105
105
115
119
124
134
135
138
141
139
144
142
150
149
137
139
137
142
144
155
149
156
157
162
166
162
172
176
182
187
187
176
171
177
179
175
179
189
187
179
181
180
190
197
210
217
210
215
219
217
211
209
214
212
205
200
207
211
216
221
216
209
210
220
216
216
205
196
193
185
191
192
195
197
199
206
204
217
217
213
222
220
217
217
212
211
222
223
219
221
222
221
226
232
230
238
238
243
241
251
246
246
249
242
243
250
243
246
245
247
244
247
243
244
240
236
231
235
231
238
240
236
240
238
243
240
240
244
240
238
238
240
249
246
247
251
250
250
253
256
263
264
254
253
257
263
267
260
252
246
244
245
241
246
242
242
250
247
244
240
245
239
228
233
233
231
236
229
230
229
226
221
233
235
237
235
238
224
235
230
230
231
224
228
219
232
226
220
220
238
246
242
248
244
236
241
237
237
234
237
244
233
239
232
230
227
230
229
225
231
227
229
227
225
217
215
215
215
211
212
217
218
216
210
216
214
220
220
232
234
230
242
243
245
245
230
230
226
237
238
242
241
243
245
244
246
256
259
268
262
265
266
267
265
264
266
261
264
264
267
276
282
285
291
298
300
297
292
293
295
308
309
315
319
315
312
315
311
315
318
316
315
324
330
333
332
340
348
347
352
343
337
331
330
329
338
337
332
334
327
333
328
327
321
318
315
317
315
308
307
303
301
296
293
292
291
295
293
298
294
305
298
294
307
311
311
305
311
313
322
315
318
326
331
327
325
326
329
332
333
327
328
335
332
321
324
322
328
338
336
342
340
333
330
337
341
343
345
343
339
341
341
348
353
346
354
351
339
347
350
353
351
356
339
340
341
332
330
338
331
327
317
319
319
319
316
313
312
313
318
317
318
316
310
311
312
312
305
302
302
313
314
316
318
314
309
310
315
324
322
320
324
317
312
312
317
320
318
325
318
324
328
330
329
333
334
330
336
337
330
329
327
338
342
338
327
321
316
316
313
319
319
315
311
312
321
314
322
326
318
316
316
312
309
311
313
314
317
323
336
347
345
341
345
340
341
337
331
338
339
338
332
325
339
333
338
341
330
326
319
320
324
338
345
350
349
354
361
358
359
356
361
354
365
357
353
350
350
343
345
352
348
349
361
364
367
374
375
378
387
376
377
377
383
392
388
382
393
398
407
405
407
401
398
398
395
390
389
379
374
377
371
366
371
370
370
368
362
356
362
355
358
372
374
382
389
389
383
386
381
371
361
355
357
353
350
346
343
343
336
330
330
335
334
337
329
332
338
342
340
343
352
349
343
342
336
339
335
333
327
328
337
334
338
345
346
354
361
360
356
346
353
350
357
342
347
348
341
332
338
341
339
336
337
334
337
332
346
346
349
349
352
353
362
361
368
370
367
364
356
349
353
363
356
355
357
369
369
367
368
365
368
365
366
368
372
375
381
382
367
365
368
370
363
368
367
366
363
361
363
365
371
369
366
363
357
346
345
342
330
339
341
345
338
328
325
325
330
324
328
327
324
321
318
315
310
313
308
303
308
300
300
303
293
293
296
299
307
304
305
317
322
322
319
311
310
317
326
320
316
314
322
313
311
314
304
305
314
319
320
318
320
314
315
315
319
319
322
323
328
325
331
335
338
342
343
345
349
348
348
345
345
351
348
352
341
334
337
341
342
342
333
336
327
325
332
337
337
350
355
353
358
361
360
352
354
341
338
330
332
331
334
333
332
335
337
329
336
326
324
330
328
329
336
334
335
328
324
329
336
334
334
350
350
351
354
351
359
356
352
357
352
353
351
354
354
362
366
370
375
378
373
368
365
372
374
378
381
374
369
364
353
354
352
357
358
364
362
361
369
376
374
381
372
370
374
384
381
381
388
387
384
387
392
392
382
380
390
394
398
398
400
392
394
386
385
389
388
391
386
384
386
380
388
392
385
385
386
385
384
380
376
379
383
378
376
371
371
368
371
375
376
369
363
364
362
361
363
376
374
373
382
383
389
388
392
392
392
393
391
396
395
398
395
396
398
405
404
405
401
400
394
394
390
387
377
376
373
372
370
364
364
368
369
366
351
351
356
348
339
334
340
340
327
312
308
305
310
317
310
306
315
305
313
308
310
310
312
308
303
305
301
298
299
300
298
299
307
306
297
288
287
287
289
291
291
283
278
281
276
273
270
277
269
271
263
274
268
252
251
252
252
258
256
254
253
241
248
253
257
261
260
262
266
266
271
273
270
271
271
273
282
279
281
280
280
284
289
293
293
292
289
291
296
304
291
283
282
288
284
279
282
281
274
274
277
268
249
250
254
249
253
255
249
245
243
243
241
236
239
239
230
245
249
246
255
256
264
263
262
274
273
271
279
278
274
277
276
266
268
266
265
264
258
253
250
251
251
252
256
262
264
267
265
264
267
268
272
280
283
290
290
292
283
284
281
292
291
288
293
287
294
300
300
304
301
299
287
289
285
281
277
276
279
274
272
269
265
272
273
280
274
273
277
287
289
285
279
273
279
276
270
270
263
261
256
253
248
243
234
228
240
247
246
245
247
243
248
240
239
244
249
251
249
246
264
260
260
264
261
269
259
261
256
256
257
266
266
261
267
266
269
263
260
256
258
263
269
270
275
275
271
266
271
284
282
291
290
288
295
294
293
299
308
318
315
322
318
321
325
320
321
328
327
335
331
333
337
338
334
334
331
343
352
356
356
355
355
356
351
344
346
356
344
349
345
339
342
348
347
349
361
358
358
354
356
355
363
357
358
352
354
344
348
340
328
330
332
340
350
346
350
352
345
349
345
355
350
349
347
348
350
353
354
349
357
355
348
348
348
353
350
354
347
348
344
350
354
359
358
360
360
353
351
358
365
362
363
371
371
378
378
383
374
385
381
381
386
388
387
381
395
392
394
390
394
398
396
398
397
392
398
398
396
402
391
395
399
400
400
398
393
388
383
378
377
378
374
373
370
359
361
360
364
360
352
350
355
359
356
355
349
359
362
351
357
355
365
358
357
354
362
363
358
362
357
356
359
353
353
343
336
331
318
314
311
307
313
299
304
297
293
305
306
309
315
317
324
333
333
335
342
346
343
339
332
335
337
339
336
339
335
336
344
345
343
342
348
353
355
350
348
349
358
351
351
342
341
340
338
338
344
342
345
347
348
346
347
348
349
356
367
359
365
370
370
359
359
365
368
358
363
356
355
354
357
359
363
361
354
357
354
358
354
341
346
337
326
321
328
322
325
322
309
302
306
308
314
310
307
302
298
293
295
301
302
298
301
309
300
301
301
299
290
294
291
294
288
296
293
294
301
305
309
306
316
318
324
322
318
323
326
333
335
343
342
338
343
342
333
337
335
325
340
332
325
317
314
319
319
310
314
315
309
302
307
309
308
309
307
297
303
297
299
294
294
294
304
299
295
289
286
283
275
271
278
273
282
281
268
270
276
278
275
282
282
282
276
270
265
259
253
246
252
253
255
260
254
252
247
247
261
265
267
268
268
272
271
277
267
263
266
264
258
257
255
260
261
262
261
256
253
247
244
249
240
239
241
224
230
230
230
230
235
236
222
227
224
224
224
224
220
221
220
221
215
222
217
224
225
226
230
225
235
236
246
247
244
239
240
254
249
250
245
240
241
245
241
244
236
247
253
253
250
254
253
254
251
249
249
258
246
246
236
228
231
224
232
230
230
221
221
221
227
223
224
233
222
210
219
223
230
229
224
214
210
204
199
197
198
211
211
219
219
215
223
231
238
237
235
235
233
239
245
249
260
265
266
276
285
291
296
297
289
288
290
287
287
288
292
299
301
301
297
294
290
288
294
303
307
306
309
310
311
315
324
326
331
332
326
322
314
315
317
321
321
320
313
314
315
302
301
300
296
296
300
304
302
301
297
294
296
290
288
291
289
294
298
298
299
294
302
308
314
310
301
297
297
296
295
297
295
296
306
312
317
316
316
314
313
313
307
307
306
295
302
303
297
292
284
281
279
280
286
288
300
310
313
316
319
322
321
320
328
320
314
309
307
311
311
301
300
291
284
283
281
277
276
279
269
269
266
256
253
250
249
248
246
236
233
232
232
239
243
241
242
239
227
228
226
222
221
225
224
229
229
222
216
204
198
191
192
188
183
177
180
177
181
177
180
178
184
188
185
179
184
182
180
179
179
175
173
164
171
171
187
188
185
187
182
192
189
197
202
205
219
214
218
223
227
225
227
227
235
241
248
243
251
264
267
259
251
264
273
275
278
274
277
282
288
290
297
286
288
286
285
289
289
306
293
289
280
283
274
273
272
271
271
262
259
258
258
254
251
250
245
254
251
249
243
241
250
255
255
255
256
258
262
256
268
263
267
271
265
274
281
274
272
273
278
276
281
293
299
292
305
306
297
297
300
297
302
304
301
297
295
297
305
305
306
310
310
312
312
306
306
304
302
307
314
308
304
312
317
316
313
313
320
329
328
329
328
328
327
323
327
333
335
336
336
344
344
335
338
337
336
341
343
342
335
329
330
335
340
333
328
338
338
343
339
346
343
348
341
335
343
348
351
336
331
331
337
341
353
345
334
346
352
347
342
348
357
363
365
364
373
373
372
369
371
373
375
375
376
378
379
381
374
375
370
378
374
375
377
382
384
386
392
394
390
387
380
383
380
379
380
376
376
382
393
403
392
392
384
382
382
385
391
387
389
381
382
389
388
387
388
387
391
392
391
395
393
397
396
400
401
399
393
396
392
386
383
385
386
385
386
386
388
384
387
385
374
382
382
389
399
407
419
420
418
422
432
438
433
430
434
439
445
438
434
439
433
431
433
428
423
426
418
410
404
403
389
389
392
386
380
381
378
379
381
378
380
378
379
387
385
390
387
398
396
390
388
392
397
403
401
398
401
406
403
407
409
413
420
414
415
419
419
422
423
422
423
417
417
414
419
424
424
435
427
434
435
437
439
436
435
440
444
449
453
455
444
448
448
442
434
434
440
444
444
455
454
460
462
461
454
459
461
460
462
466
462
458
456
450
452
444
437
442
442
436
433
433
429
425
431
429
429
434
442
446
444
444
446
446
453
447
444
446
436
433
432
431
429
431
428
433
432
429
419
418
417
423
429
429
433
430
440
446
450
455
466
475
474
470
468
476
486
487
488
492
497
502
511
509
512
506
495
498
497
499
500
504
509
501
500
494
490
491
492
487
493
501
505
514
505
505
507
505
501
503
507
507
501
490
496
497
494
495
504
508
516
515
522
522
525
518
524
519
515
514
520
520
523
521
518
515
517
518
513
513
514
517
514
513
519
516
512
511
508
508
506
506
499
494
504
503
507
497
505
500
512
517
514
511
513
508
503
498
493
478
474
474
461
460
455
454
454
464
461
464
463
458
456
450
442
441
435
435
434
427
419
419
416
419
424
414
413
408
413
417
417
419
420
424
415
413
410
410
410
409
409
398
403
393
392
401
393
398
405
405
400
406
389
379
377
384
376
375
373
379
381
380
374
373
376
373
370
375
363
356
356
347
353
353
357
357
352
360
357
362
355
364
365
361
356
344
338
340
341
337
330
328
324
316
317
297
293
293
285
288
284
281
277
275
278
271
273
268
268
277
286
289
294
292
286
282
287
280
274
270
267
270
278
267
274
275
275
269
266
270
274
275
275
275
276
264
262
263
267
258
261
259
251
250
247
244
247
247
247
244
247
248
250
248
248
249
250
251
250
254
252
249
247
248
240
238
239
247
240
240
241
238
231
224
224
220
222
225
224
230
237
234
236
242
243
253
253
257
256
259
264
266
263
266
267
265
264
262
267
265
256
258
252
236
238
242
235
234
225
216
214
214
218
216
212
224
231
229
227
222
231
228
221
228
222
220
220
221
215
217
207
204
205
199
198
203
208
200
209
207
210
213
218
226
230
232
231
233
236
249
264
260
256
262
254
255
253
249
250
244
245
251
237
239
230
221
221
229
234
230
233
230
220
215
201
207
207
209
210
214
217
219
226
229
232
237
243
231
236
237
226
219
223
214
226
210
210
209
211
218
220
225
223
211
211
210
212
210
213
211
204
192
193
199
198
199
210
211
208
211
213
210
205
200
188
192
194
188
196
198
205
199
198
200
197
196
201
199
195
195
204
210
205
213
207
206
210
208
211
220
218
207
204
203
204
203
208
204
203
202
207
210
210
204
210
218
219
204
200
188
188
176
172
175
169
172
168
165
155
155
157
158
157
155
154
156
160
158
164
160
166
168
163
165
156
162
165
163
161
169
172
168
170
169
172
179
182
181
183
182
185
186
185
185
182
188
197
204
209
208
196
192
192
199
194
192
185
187
191
195
195
194
210
215
219
228
222
212
202
204
209
208
209
209
209
216
207
206
211
208
204
193
192
193
193
196
190
201
200
198
193
194
195
196
193
195
200
200
202
203
201
196
198
205
196
198
201
213
217
222
219
217
219
219
216
218
215
212
207
192
183
187
190
186
190
193
198
197
197
198
200
202
203
206
207
211
203
199
189
191
192
195
203
210
204
197
196
192
192
192
202
205
204
200
189
188
191
194
198
199
197
203
198
196
190
184
177
183
182
181
190
200
209
211
217
213
211
203
202
203
200
214
223
225
216
225
218
229
222
220
225
228
226
221
222
219
215
217
227
212
211
198
190
192
188
184
182
182
175
175
176
182
177
173
184
177
175
182
177
177
183
183
176
166
173
172
178
179
183
182
181
181
177
183
183
187
182
184
195
184
186
177
175
175
176
171
178
178
177
180
178
173
176
183
190
192
196
189
187
193
195
185
186
188
184
181
181
179
168
167
157
167
161
163
159
156
158
157
157
162
171
173
172
173
171
174
172
167
166
154
160
174
172
177
173
170
161
161
161
159
161
157
166
174
176
183
187
187
183
182
186
187
186
185
186
192
191
199
192
193
196
189
183
182
174
177
181
177
177
175
168
173
172
172
178
183
182
178
176
177
171
178
178
180
183
178
174
178
176
182
182
187
178
179
188
190
189
192
192
197
188
192
199
202
213
211
212
214
204
196
195
203
201
205
203
206
218
225
219
223
224
229
225
225
218
213
200
203
201
209
199
205
206
213
210
202
202
192
198
206
212
218
209
209
201
197
189
188
196
188
194
192
182
175
173
179
182
190
194
196
196
201
202
200
198
200
196
199
207
208
212
216
210
205
205
200
196
201
197
193
194
195
200
204
203
207
210
205
204
202
208
211
205
220
216
207
208
217
218
214
217
213
222
217
219
228
220
219
214
214
208
197
192
183
185
186
183
190
199
194
193
189
198
201
188
182
184
179
184
183
182
192
195
198
197
201
202
200
189
195
196
197
192
184
172
177
169
172
184
183
194
203
194
198
202
189
182
189
191
193
194
193
193
186
182
186
194
199
193
189
192
205
202
204
200
197
196
195
200
190
191
179
188
188
189
187
184
182
181
181
181
189
197
190
192
192
193
197
199
189
190
194
198
190
187
183
190
189
182
186
185
171
174
187
188
184
186
193
200
199
197
196
206
203
198
202
206
198
199
208
206
208
214
208
217
212
218
220
230
234
230
231
232
235
235
228
231
233
229
226
224
236
242
246
249
255
255
250
254
253
252
256
256
255
258
256
255
255
250
250
244
238
236
230
239
229
227
232
233
242
241
233
239
231
225
218
216
217
214
218
216
222
222
220
218
213
218
221
210
203
201
200
200
196
200
204
202
200
206
207
212
213
208
215
217
220
224
227
230
224
226
227
222
224
230
230
227
231
237
236
239
240
231
238
225
221
224
212
209
214
218
214
220
220
222
225
234
228
235
229
221
222
220
225
217
223
224
227
235
231
233
232
230
231
234
236
246
251
249
236
243
244
251
255
254
248
246
254
262
255
261
262
257
252
249
247
243
241
249
248
250
257
258
250
239
239
248
257
254
256
253
255
262
259
253
254
246
246
237
238
245
241
239
229
235
236
235
233
238
229
224
234
231
228
231
231
225
224
231
236
237
237
234
230
231
237
229
228
229
229
235
240
239
245
248
244
245
237
234
227
227
216
216
212
217
222
221
220
223
218
211
214
211
204
198
197
204
203
208
203
204
211
205
208
205
212
213
210
203
199
196
207
207
217
216
215
215
220
216
220
219
218
227
237
233
241
242
238
225
232
230
224
229
221
232
230
233
227
233
223
221
221
227
222
222
219
214
209
201
202
209
210
212
218
222
216
215
211
211
215
211
208
210
205
209
199
203
204
212
207
206
214
219
221
229
221
226
227
234
240
239
233
229
219
222
220
208
205
192
196
201
202
205
201
202
202
204
204
202
201
197
203
197
202
203
211
210
215
222
235
227
226
224
227
224
221
210
209
212
209
220
216
218
219
223
224
225
224
222
224
224
214
209
205
199
203
200
195
202
202
204
209
208
203
202
195
205
215
220
220
217
219
213
210
217
212
217
219
214
213
209
209
221
223
217
215
210
210
208
215
205
207
203
202
199
185
186
186
183
179
177
179
180
180
180
189
182
183
173
176
171
178
176
173
177
165
163
172
181
178
179
184
195
190
191
198
207
213
206
208
204
209
221
224
227
231
237
244
247
236
244
238
240
250
241
244
239
231
223
215
220
221
228
225
226
227
225
225
231
238
228
229
235
235
238
232
228
224
223
223
221
223
217
231
228
226
225
221
215
218
221
231
225
223
219
212
207
204
198
196
199
192
193
189
178
178
169
156
149
155
152
147
148
139
131
130
130
130
129
129
131
134
126
126
127
123
124
123
115
113
114
112
124
127
123
125
113
126
127
126
124
124
128
138
130
120
120
122
123
118
123
119
132
135
136
136
134
129
131
142
147
152
154
151
149
140
141
137
132
136
151
153
150
142
137
133
129
135
137
139
136
135
144
142
130
127
124
126
129
121
120
121
113
117
115
117
123
122
118
124
128
130
128
124
117
113
105
103
98
92
87
89
90
89
81
81
79
74
75
82
78
87
81
81
87
82
86
81
79
86
96
83
84
86
89
92
87
93
88
92
82
76
86
90
94
96
101
107
105
105
99
95
94
87
88
98
99
95
94
97
97
96
87
89
97
100
99
97
89
92
87
88
77
90
92
101
93
95
95
89
96
93
93
91
89
90
94
96
95
95
100
100
104
105
98
88
93
97
102
99
96
96
98
93
95
105
100
98
99
93
93
90
95
92
89
88
87
91
98
93
93
91
89
89
86
88
85
87
84
80
86
93
91
93
77
85
86
75
75
74
79
74
73
78
72
79
87
98
100
91
100
108
110
110
107
108
119
111
115
121
115
115
101
99
89
95
93
86
87
83
85
76
80
81
81
76
71
73
67
82
93
88
82
78
74
67
71
82
84
86
84
82
78
75
71
75
77
76
79
77
85
83
86
89
95
106
106
114
113
104
104
109
103
102
108
107
113
117
113
112
114
117
107
106
100
97
95
97
83
77
77
80
73
62
61
58
54
60
61
61
67
69
71
69
65
75
81
84
79
72
73
75
82
77
69
75
84
78
78
70
63
67
69
78
81
77
78
69
69
69
76
77
85
91
91
91
91
94
88
83
93
89
87
86
78
83
82
81
75
70
75
80
79
77
70
60
56
65
71
69
64
56
65
62
68
72
73
70
69
76
71
64
64
54
47
45
38
41
41
46
44
45
41
52
57
50
47
47
51
55
52
53
48
37
31
29
23
21
21
19
17
16
15
18
14
16
16
16
19
20
27
33
39
45
46
52
60
64
62
64
58
60
75
72
74
76
82
86
92
84
97
102
105
106
108
105
116
117
120
107
104
111
113
115
115
113
109
113
116
117
108
110
114
110
111
106
109
110
116
123
121
130
137
136
139
143
138
148
150
160
155
164
172
172
181
185
184
191
181
178
171
176
183
182
178
174
173
172
169
169
157
158
158
163
162
165
165
166
166
176
172
170
173
183
195
197
195
189
184
186
180
175
168
164
175
171
170
165
164
161
158
156
152
158
158
164
156
158
169
170
162
161
157
152
152
151
149
154
148
144
146
153
155
150
141
145
166
169
171
177
181
178
180
184
189
190
180
173
179
182
185
189
190
194
196
184
181
173
180
172
170
159
158
154
157
159
152
147
157
165
161
169
175
181
184
190
187
185
189
185
186
176
182
185
177
180
177
173
178
167
162
162
153
150
150
158
156
159
159
166
164
164
171
170
171
177
178
181
180
178
172
176
177
173
171
163
165
168
170
164
158
167
171
169
162
163
167
162
161
158
161
159
157
155
159
171
176
176
179
184
180
181
185
188
189
185
185
179
175
176
171
173
173
164
163
165
164
168
174
177
176
179
172
173
167
158
155
150
145
155
155
155
155
155
158
159
164
162
160
157
159
148
138
131
136
138
121
113
116
111
108
114
113
120
111
112
123
121
123
129
135
135
136
139
124
119
125
132
139
135
138
142
143
146
152
149
142
129
125
113
117
120
123
130
128
127
122
129
127
119
127
115
122
129
133
129
134
143
141
129
126
129
138
143
141
139
150
152
152
161
162
161
164
163
166
166
167
167
159
155
161
163
152
153
149
147
151
149
150
149
146
137
138
142
138
132
129
130
133
133
135
128
126
122
130
138
142
141
148
156
174
181
182
174
164
167
167
172
167
176
177
184
189
192
196
199
203
206
206
198
200
206
203
191
195
195
195
193
188
184
174
171
164
181
179
186
191
189
188
191
185
183
184
179
196
190
188
179
171
173
172
168
174
179
169
172
171
167
166
163
163
161
153
159
154
152
156
155
146
154
160
163
151
137
137
143
133
142
145
138
144
151
164
166
163
171
171
165
173
167
168
172
171
175
177
177
174
173
178
172
178
170
173
172
171
167
157
155
157
154
145
150
155
152
150
153
153
168
167
162
155
151
152
161
154
158
163
166
159
161
171
160
154
163
160
164
163
163
167
158
166
166
159
162
159
160
161
164
159
163
156
160
161
158
164
162
156
160
160
159
158
151
144
139
139
136
136
140
145
145
138
141
150
141
147
150
158
149
156
161
156
164
165
158
153
149
156
165
170
163
162
166
173
172
164
165
157
160
145
143
135
139
140
137
145
152
159
160
160
156
156
156
161
162
159
159
160
165
169
165
160
153
141
138
130
134
136
143
150
152
157
151
152
144
146
135
137
137
135
142
141
147
148
140
138
137
139
144
143
138
135
141
138
142
128
134
127
130
123
125
131
134
139
131
131
126
121
129
131
127
123
131
133
132
129
125
126
133
132
132
133
137
127
133
125
131
134
144
138
133
125
125
125
124
123
130
130
136
143
146
139
137
133
123
116
117
112
116
118
120
122
116
116
118
120
123
119
135
141
146
148
160
161
162
159
150
156
156
163
163
169
161
168
166
179
181
178
171
171
168
166
171
169
165
163
164
166
176
181
178
172
172
169
164
162
158
156
163
166
168
164
161
165
161
167
175
181
179
183
182
178
172
175
181
177
175
170
172
174
170
172
181
188
188
195
198
198
188
184
174
163
163
168
162
167
172
164
171
169
173
177
181
189
191
194
196
206
221
212
202
200
199
202
204
208
209
204
204
197
192
188
187
182
168
170
172
173
181
167
174
165
173
174
171
172
174
183
194
198
190
186
189
188
199
197
195
196
190
197
197
199
202
203
201
203
202
199
195
191
202
208
211
224
220
218
220
223
215
208
198
201
190
190
179
175
183
186
193
182
170
177
181
178
189
180
187
181
194
190
200
201
200
195
204
208
204
206
206
197
195
202
197
208
218
222
223
217
217
214
217
216
214
219
222
221
222
218
219
211
227
228
233
233
229
235
235
239
240
243
254
246
247
251
246
242
249
243
242
246
249
248
250
250
246
242
242
239
235
235
229
229
230
231
227
223
223
222
221
223
221
217
216
222
227
226
221
219
208
209
204
200
197
201
196
189
193
189
195
190
193
199
201
207
207
212
211
214
212
211
211
213
211
219
220
220
215
222
221
219
215
220
218
211
214
212
213
208
207
199
196
199
208
214
220
227
224
225
226
237
232
230
232
235
242
243
248
252
248
241
240
234
234
228
231
239
232
234
235
234
246
244
243
247
249
250
244
239
241
254
261
262
257
262
261
256
256
258
252
243
244
241
252
258
248
243
245
250
257
262
263
258
248
244
242
244
250
250
251
251
244
246
237
237
244
248
237
233
239
239
241
236
254
252
246
238
246
254
256
250
249
244
242
241
237
237
242
248
254
250
248
241
240
243
244
237
235
229
227
235
234
233
223
216
216
217
216
208
212
206
204
194
194
198
193
181
185
190
185
187
188
187
196
197
192
191
197
200
197
200
207
205
204
198
193
192
188
195
199
199
196
203
202
204
207
201
211
211
207
215
213
220
226
225
223
216
223
224
224
232
232
234
238
234
228
235
240
247
238
234
232
223
219
210
212
216
219
224
218
225
216
218
215
204
208
201
210
220
218
211
205
198
201
200
187
180
181
187
191
202
194
193
185
183
183
189
188
194
193
189
183
187
177
179
186
182
186
187
189
185
195
185
177
187
184
181
185
193
194
200
210
205
216
210
205
207
214
209
209
213
213
208
209
211
210
217
218
219
216
224
221
216
207
198
198
190
197
200
198
206
203
200
206
197
197
201
207
203
204
203
201
198
194
192
185
189
187
185
183
178
186
181
174
169
180
173
175
178
183
188
192
186
187
186
190
195
197
195
198
198
191
192
190
194
201
204
205
213
219
206
197
201
200
210
211
204
202
208
214
203
199
201
210
207
210
206
210
211
207
207
217
213
206
210
194
199
201
212
206
194
188
193
188
193
185
189
194
186
191
191
190
192
187
184
182
177
184
178
180
185
186
190
195
195
196
195
199
199
187
182
178
181
179
162
165
173
179
186
183
184
179
174
181
184
192
191
199
197
197
195
181
181
164
162
164
171
178
165
149
145
140
141
136
131
136
146
150
150
152
154
159
156
163
163
169
186
187
188
187
197
203
211
212
218
221
214
215
203
206
201
193
186
176
170
172
175
193
192
198
196
190
184
185
189
190
196
194
202
200
201
208
205
204
202
191
181
187
189
195
195
187
183
180
182
198
200
194
192
203
202
205
208
213
214
215
212
221
218
213
215
219
224
228
234
231
234
237
242
233
221
216
212
211
205
206
211
216
214
204
213
217
213
216
219
211
202
200
198
197
199
204
208
215
217
217
219
228
225
224
217
216
218
214
221
230
231
227
231
224
231
233
234
230
238
243
240
241
248
246
246
242
244
232
228
228
222
219
221
213
213
217
212
215
216
215
215
214
223
218
225
239
237
233
231
236
237
235
227
229
232
229
229
233
231
236
241
244
250
251
246
245
242
245
243
253
253
251
249
254
243
240
235
237
237
230
233
232
239
238
244
236
241
238
247
246
259
266
264
267
268
261
254
253
263
274
272
264
266
271
268
273
271
271
266
269
271
268
264
262
263
259
256
249
253
247
255
253
252
256
257
262
263
261
262
268
256
259
267
270
262
260
263
264
268
265
267
269
272
278
281
285
290
293
293
290
287
285
281
286
281
278
282
289
286
279
283
273
277
277
288
292
294
287
295
283
289
289
292
280
286
290
293
298
295
295
301
293
296
294
293
295
289
295
292
288
287
285
288
284
285
283
288
299
296
294
300
296
298
297
292
289
292
280
284
283
279
272
274
273
279
273
282
280
285
293
296
301
305
301
302
302
301
303
299
299
303
303
294
303
304
305
300
304
308
317
315
320
320
312
314
317
307
297
298
282
272
285
285
279
275
275
272
265
263
263
270
272
280
284
279
280
276
274
269
271
278
266
265
265
277
279
279
269
279
278
284
277
276
270
277
281
284
287
289
293
294
285
288
295
295
299
305
301
299
309
312
310
319
333
318
325
322
333
332
335
333
327
321
327
321
328
324
327
323
325
328
329
325
314
320
317
311
299
305
301
307
310
309
322
330
335
345
343
346
349
344
340
344
351
356
358
356
357
357
359
354
351
360
360
356
349
349
354
353
349
345
335
336
343
339
343
327
328
325
325
317
323
311
312
315
327
329
330
325
320
320
322
316
317
321
320
318
329
327
333
343
354
355
353
350
347
349
351
349
350
352
350
357
346
347
343
340
338
335
331
332
335
333
338
336
347
351
357
357
364
369
369
366
356
371
370
366
363
360
365
366
369
373
377
380
378
379
385
381
379
376
377
388
391
394
392
394
395
396
399
396
390
389
388
390
391
387
387
385
380
379
387
387
373
378
377
379
381
383
387
387
389
384
376
370
371
371
381
394
394
392
392
390
400
397
397
403
404
405
402
401
413
415
414
413
411
412
395
400
399
399
397
390
393
386
380
379
382
379
372
376
378
370
379
378
372
373
369
374
377
376
377
378
381
381
389
390
397
391
393
389
386
390
393
393
388
386
382
389
388
389
389
390
397
402
399
406
414
417
413
408
393
389
389
382
386
382
385
384
379
382
370
367
367
367
369
365
359
368
363
360
359
354
361
366
371
374
375
372
374
373
359
354
359
356
367
365
363
359
361
354
348
344
352
351
339
338
347
349
345
338
332
332
338
341
347
346
342
326
330
329
325
325
331
336
326
322
325
324
333
331
338
333
332
340
343
340
344
347
343
339
339
342
335
332
333
329
328
335
332
335
326
321
324
317
322
319
322
310
315
314
312
312
317
325
327
316
325
330
341
341
330
324
324
327
332
343
352
361
365
371
374
371
371
371
371
363
361
353
357
351
339
334
333
326
329
330
333
330
321
317
305
312
309
306
311
303
301
294
284
281
276
276
273
276
286
285
277
273
267
271
267
260
259
257
257
260
263
263
256
267
272
263
266
271
265
259
257
259
269
267
265
252
265
265
260
261
259
259
263
272
269
265
272
276
271
262
254
257
256
256
252
241
248
247
247
245
247
239
237
235
238
236
225
220
218
215
213
220
221
216
218
212
209
209
212
211
214
218
218
225
223
223
218
225
223
229
230
224
240
230
225
219
228
235
225
220
218
216
217
227
224
221
216
217
208
206
199
203
208
218
229
237
231
231
229
232
245
236
239
240
237
225
214
211
212
216
222
232
231
228
231
229
223
224
217
221
213
221
217
219
228
224
227
228
229
232
227
229
231
227
236
232
216
219
216
211
207
212
202
193
197
197
200
204
200
203
205
197
197
205
217
218
226
226
221
222
221
218
217
216
214
203
210
214
217
206
201
198
198
201
194
197
204
196
200
199
199
203
218
219
211
206
208
201
203
193
187
190
199
191
190
191
181
186
187
191
187
186
185
181
189
186
190
197
206
216
218
214
212
211
207
209
221
217
231
233
228
232
232
216
210
207
211
209
211
209
211
215
219
219
224
220
220
223
232
229
239
238
240
243
239
234
228
225
225
227
224
227
229
224
223
217
214
212
207
219
221
232
240
244
241
240
234
242
249
257
248
253
249
251
252
255
251
239
237
241
242
240
241
236
226
225
216
214
210
210
203
193
205
206
202
204
207
203
193
203
215
216
210
209
208
212
208
216
222
226
223
212
217
215
212
213
218
214
214
223
224
226
222
221
219
210
202
197
188
193
191
192
201
197
195
199
199
194
197
199
202
195
198
198
199
199
206
207
213
208
217
224
219
225
220
224
210
200
196
187
192
184
185
188
193
192
201
199
196
201
203
208
202
200
204
201
207
207
203
209
205
203
209
206
213
201
199
194
193
190
190
200
202
194
202
201
201
194
199
213
210
202
194
197
201
196
202
211
207
216
226
231
223
221
221
223
233
233
230
237
246
248
262
269
274
275
268
263
257
263
260
265
265
256
258
258
259
265
270
266
264
261
259
259
249
247
247
247
239
234
236
240
233
238
247
252
264
256
255
260
258
259
248
247
252
257
252
255
260
252
252
256
250
252
245
247
238
235
241
237
231
235
234
220
227
218
219
225
226
234
244
247
252
258
255
253
261
267
274
275
274
280
277
273
266
265
266
270
268
267
275
280
280
282
279
276
268
269
269
268
272
278
271
274
272
270
271
279
277
271
277
279
266
256
243
242
242
240
235
236
243
242
246
245
243
247
239
250
261
255
255
258
261
261
258
258
260
259
246
241
233
238
231
230
234
234
238
236
237
234
237
241
245
235
231
228
233
232
230
238
248
254
260
266
257
261
258
261
265
264
271
271
276
270
274
272
277
273
277
270
269
267
264
267
263
266
269
265
272
274
270
267
264
264
264
259
268
262
265
266
267
267
269
264
268
265
266
265
270
271
274
272
271
272
273
293
293
289
282
284
282
282
268
270
268
264
272
267
272
265
263
266
265
260
257
260
262
253
256
244
237
241
238
235
234
240
244
253
258
259
263
264
269
276
269
281
273
272
276
272
267
269
257
266
274
266
266
263
263
264
264
260
268
261
263
263
258
251
259
261
247
242
243
259
245
250
247
244
245
241
243
243
244
230
227
242
244
239
243
239
236
234
231
232
237
238
231
219
228
237
237
237
231
233
222
228
234
239
245
243
243
245
255
254
261
259
255
256
259
264
261
256
251
246
247
234
231
236
239
239
228
230
233
247
245
252
242
246
244
246
239
243
240
241
241
243
237
245
255
253
262
268
257
267
271
261
257
253
245
252
246
243
241
236
233
235
232
231
233
232
231
235
247
245
240
245
249
250
254
259
265
269
276
267
276
273
273
280
283
280
287
292
287
284
281
284
286
295
294
305
306
304
305
308
307
307
315
313
313
309
316
318
318
313
310
310
308
301
296
290
296
285
285
285
290
289
288
283
281
287
284
290
295
283
289
287
294
289
295
292
296
307
306
306
309
311
308
310
315
312
306
304
296
306
310
310
322
316
318
312
308
302
302
299
305
304
307
307
300
296
301
301
293
299
297
296
293
298
303
296
289
284
295
292
306
312
316
316
316
325
329
337
338
341
340
336
347
348
356
345
342
339
338
347
346
347
346
344
355
356
352
352
357
358
363
367
364
357
356
356
360
363
365
368
372
368
371
369
366
357
353
355
350
353
339
335
331
337
342
332
324
330
328
331
329
328
324
328
319
321
312
312
314
321
332
332
335
339
343
341
337
341
340
344
341
344
342
350
355
351
342
346
345
339
344
347
344
346
348
340
344
330
329
329
325
325
325
320
322
334
328
331
330
326
322
321
321
318
315
321
321
323
321
310
315
316
313
320
309
308
313
310
311
312
313
321
325
328
326
338
337
344
349
349
352
355
351
358
361
364
364
365
359
363
359
360
363
360
362
367
365
366
365
369
369
363
354
353
355
348
352
352
348
351
349
356
358
359
352
356
362
360
358
359
361
364
359
357
364
368
378
373
377
370
371
368
366
373
365
363
364
358
365
362
364
371
365
369
366
361
366
366
367
374
373
366
377
369
367
371
366
356
356
348
350
353
349
347
345
350
347
353
345
345
337
327
327
330
332
332
329
325
328
327
324
324
325
325
318
309
314
307
308
313
310
310
309
302
310
312
310
315
321
318
311
318
323
328
328
329
322
326
334
338
335
342
343
330
324
323
321
322
336
335
337
336
333
337
346
346
346
353
351
352
356
349
344
351
355
350
353
363
369
368
365
360
364
354
359
359
359
359
357
355
344
347
335
339
337
335
339
331
335
327
327
326
342
342
344
347
340
345
348
348
342
335
344
335
332
323
323
312
326
327
328
326
333
337
343
344
342
344
345
346
359
366
367
376
377
383
378
381
376
375
370
366
370
367
377
377
369
381
388
387
383
383
379
376
378
369
365
363
367
369
370
373
373
382
380
384
378
377
372
376
378
376
383
384
382
389
392
388
382
385
379
376
387
392
392
384
392
394
396
397
401
404
407
401
402
400
402
400
390
404
401
392
394
397
400
400
396
408
406
401
398
397
396
404
404
412
415
411
415
411
411
409
408
407
412
410
414
413
407
411
395
400
405
404
405
410
407
401
399
390
391
385
384
389
389
398
406
414
412
411
413
404
403
401
397
398
392
393
404
409
409
413
406
413
410
404
391
393
395
392
394
393
388
388
390
398
395
389
394
399
398
391
388
386
395
392
386
384
393
393
394
397
405
402
406
416
413
420
418
425
422
421
427
429
437
434
437
447
450
441
439
447
438
437
436
434
435
433
436
443
445
428
422
417
411
408
407
404
403
393
391
391
393
387
372
367
365
360
359
364
373
366
367
376
368
370
365
369
366
368
367
374
374
381
389
390
393
389
390
389
387
378
375
379
373
372
385
387
388
393
391
395
385
381
381
383
381
381
381
381
385
399
403
405
405
398
400
395
398
402
402
406
408
398
396
390
396
398
391
393
392
396
391
392
384
390
376
375
373
374
379
379
374
372
365
357
361
362
365
363
361
367
364
364
358
354
355
351
358
367
370
374
370
379
383
385
390
391
396
401
407
408
403
398
401
408
401
393
398
397
399
396
384
388
388
394
386
390
387
376
384
379
378
381
386
383
379
383
380
383
386
385
385
388
380
367
374
365
363
360
367
360
366
357
354
353
361
365
362
353
358
360
365
371
378
377
373
370
370
368
364
362
364
371
376
377
377
367
367
359
360
369
361
364
359
365
372
371
357
371
369
370
369
364
364
353
355
356
358
358
363
371
369
366
363
357
351
360
360
369
363
364
360
357
357
354
351
348
343
344
344
346
337
344
345
350
340
355
347
344
349
347
347
342
351
347
347
348
364
370
360
360
356
357
355
359
368
365
361
354
352
362
358
363
362
359
366
347
337
339
339
330
329
328
334
323
319
312
305
300
306
312
309
319
332
327
334
326
337
336
334
337
336
332
340
340
341
330
334
335
323
327
323
318
316
312
308
324
324
328
335
335
331
335
337
341
334
334
329
331
325
322
311
312
319
322
323
336
335
336
334
340
348
349
349
348
355
358
355
356
350
349
344
350
354
354
363
353
356
349
348
347
337
329
325
328
339
344
348
341
338
344
345
345
333
324
330
335
336
337
335
341
344
336
346
350
360
359
355
361
354
352
350
333
331
330
333
333
332
331
332
330
334
337
337
337
334
339
338
343
346
343
341
341
339
347
345
349
343
337
343
337
334
330
331
330
339
334
343
348
355
349
347
349
352
352
353
357
359
347
346
349
348
352
356
355
356
347
342
336
336
345
348
343
338
332
337
335
327
330
334
332
333
329
337
338
342
348
343
343
351
349
347
353
344
352
347
343
346
340
346
338
333
323
327
333
341
348
348
348
352
363
365
364
356
351
351
351
350
342
333
332
327
322
318
315
328
325
326
325
331
323
317
318
322
320
318
324
315
315
310
316
321
316
317
318
321
314
314
313
308
303
308
309
316
322
324
325
331
338
333
331
331
339
346
345
347
347
349
347
348
343
343
338
337
350
350
348
351
350
345
351
358
354
355
358
362
357
355
367
377
380
383
383
373
379
377
385
385
384
380
381
374
375
384
379
384
384
374
367
354
354
358
359
361
355
358
368
372
374
378
385
380
374
374
371
374
386
385
380
385
378
372
371
365
366
372
370
360
359
360
358
362
368
376
379
381
385
384
391
395
397
402
396
394
401
400
391
398
401
392
387
394
400
408
406
406
405
404
404
401
405
408
406
411
412
420
420
420
412
411
413
407
406
408
410
409
414
414
408
415
421
428
428
432
427
430
429
428
419
414
408
406
404
409
418
421
412
401
401
407
398
401
396
393
394
401
397
394
377
375
379
386
376
377
383
391
391
397
403
403
401
397
394
393
390
392
394
388
378
376
384
380
373
378
378
378
381
381
378
385
380
387
381
380
381
378
385
385
390
384
377
382
380
375
376
374
376
373
377
377
379
382
383
384
377
375
387
381
379
381
385
387
387
393
395
386
385
386
384
377
380
381
377
378
389
390
386
388
398
400
402
396
398
396
393
399
399
398
392
390
380
385
389
389
384
387
394
399
402
412
415
418
417
410
415
416
412
411
405
402
408
394
394
401
397
397
398
393
397
396
391
387
392
394
391
391
386
380
388
389
386
386
381
380
384
374
381
388
379
381
386
385
394
386
392
403
407
402
398
391
400
408
401
402
406
400
405
402
405
415
421
415
411
400
402
398
399
397
391
394
392
392
403
405
402
396
388
397
402
401
411
405
407
406
411
403
397
391
395
395
390
388
384
379
374
373
372
375
384
383
392
406
408
413
402
401
402
394
401
391
394
393
400
392
388
388
395
393
398
395
401
395
398
393
392
392
396
398
396
392
389
390
400
396
393
385
389
386
380
377
378
377
379
389
386
392
390
389
390
398
401
419
423
425
425
425
433
428
423
423
427
421
426
429
443
446
447
453
443
439
445
435
438
434
431
435
431
434
428
433
441
438
441
443
444
446
444
442
443
442
433
432
434
437
448
451
458
465
467
465
470
470
466
458
464
471
480
492
488
502
502
509
512
517
513
507
506
514
516
518
517
516
510
513
512
512
501
490
485
481
480
477
485
497
496
501
498
509
504
510
509
517
517
517
516
523
526
535
535
534
534
526
525
532
531
527
526
522
524
518
515
517
516
516
519
515
515
523
528
532
532
532
535
536
534
535
531
522
526
525
517
518
511
511
511
508
502
504
494
482
488
479
477
477
480
488
487
489
484
499
494
489
482
476
482
482
480
472
456
455
457
462
452
451
447
452
467
470
482
479
471
482
485
485
497
492
488
487
476
487
487
489
487
486
495
502
502
500
497
496
500
508
501
500
508
508
508
507
512
514
525
519
515
516
525
521
514
515
515
510
499
494
491
497
501
501
503
501
505
507
510
503
498
498
497
507
507
514
520
519
524
532
517
515
516
505
503
501
497
497
509
502
496
494
491
492
490
494
488
486
488
493
493
491
485
477
472
472
483
483
482
482
485
488
481
473
469
462
461
460
462
461
456
455
460
452
458
460
462
473
480
481
488
486
485
488
473
482
489
490
492
492
489
486
484
485
491
493
486
485
483
484
488
493
490
501
496
496
485
482
484
479
479
469
472
467
464
463
465
469
468
464
467
472
473
466
475
473
471
471
472
478
480
481
483
477
471
459
453
450
457
452
457
453
444
451
450
459
452
451
451
452
450
454
456
457
458
456
450
449
448
441
444
450
456
446
449
449
455
455
455
451
451
463
457
463
464
466
461
448
458
465
469
470
466
457
463
465
467
463
466
463
471
468
466
468
473
477
467
471
463
467
469
469
473
471
475
477
475
482
484
493
495
496
493
499
509
504
497
507
493
494
500
495
496
487
487
484
482
486
488
493
496
499
497
502
497
495
492
491
482
472
476
469
469
472
468
471
475
474
479
482
484
490
487
487
489
485
483
488
486
497
502
495
494
501
494
491
496
503
495
497
502
507
504
498
504
499
495
493
482
481
476
485
484
481
483
491
484
486
482
480
484
481
480
489
479
481
474
479
479
486
482
482
480
488
489
493
506
499
501
494
499
497
499
494
496
489
489
488
491
484
485
491
486
494
491
490
499
501
496
501
491
495
500
487
483
474
471
478
477
476
477
477
481
481
476
481
484
482
473
477
480
483
486
480
479
483
479
478
470
475
469
476
477
475
474
476
462
469
466
464
454
455
457
460
458
464
459
464
469
457
449
451
450
456
446
446
444
446
441
447
448
453
451
449
448
447
452
448
445
440
436
436
437
435
436
441
443
452
456
470
481
476
476
473
470
467
475
475
482
480
486
485
486
493
504
512
517
517
524
522
526
532
539
534
545
545
544
549
552
542
537
541
551
553
562
564
567
566
564
560
574
571
579
577
582
581
576
586
580
582
581
577
573
573
576
586
586
590
583
589
590
601
609
624
625
628
628
625
622
627
625
625
625
632
639
634
629
618
612
610
618
604
607
616
615
609
602
596
595
586
581
570
564
568
567
573
574
573
575
568
564
558
558
559
567
567
568
562
564
568
563
573
576
577
561
558
556
547
555
562
569
568
555
556
554
552
550
556
556
553
563
566
565
572
570
571
569
572
564
569
575
582
581
583
581
580
581
580
584
583
586
583
585
589
590
573
574
570
568
575
567
566
566
564
565
577
574
581
580
577
581
587
589
589
594
591
600
603
610
615
606
606
608
608
609
611
605
610
613
606
610
597
594
594
589
595
593
588
595
599
598
596
602
607
611
611
603
595
588
596
595
599
595
593
601
599
599
599
602
605
606
605
627
631
632
638
629
633
636
638
633
630
629
619
617
619
605
608
605
610
604
610
618
619
611
608
606
593
595
593
592
581
593
592
596
602
596
589
584
585
585
587
584
586
591
592
589
592
592
590
587
594
594
598
606
606
612
609
613
613
605
602
604
609
616
610
607
596
600
606
588
597
601
602
597
601
604
605
597
597
599
599
594
582
576
568
568
567
563
563
567
566
565
574
580
581
582
588
594
606
611
610
610
612
612
621
615
609
612
620
626
631
634
631
634
634
634
631
632
629
636
636
636
630
631
637
641
645
644
631
626
620
621
621
629
628
627
627
620
623
627
626
626
628
634
633
627
625
614
614
608
619
626
624
632
624
619
620
619
617
606
598
599
597
598
601
603
600
590
580
588
588
590
589
582
593
591
593
590
587
587
591
594
594
588
592
587
589
584
577
570
569
567
560
553
559
568
564
559
552
547
550
551
552
548
557
557
561
558
554
545
542
544
542
538
534
533
532
530
530
533
533
533
542
554
557
565
563
565
575
576
573
574
577
578
570
571
570
568
573
566
565
566
564
561
564
567
566
561
564
561
569
571
573
568
563
562
560
567
567
570
561
562
561
557
555
554
555
550
553
544
553
548
547
546
547
541
548
545
535
526
523
525
519
509
512
516
508
509
506
494
498
493
484
483
483
481
466
469
467
465
469
467
470
474
475
471
466
462
464
472
470
479
484
486
486
482
486
488
495
500
493
483
480
478
480
484
485
489
490
485
484
487
479
490
491
497
493
491
486
493
492
494
494
497
491
493
497
499
494
485
487
494
489
490
490
483
471
465
456
456
468
470
467
468
464
471
469
467
469
472
470
476
482
483
487
488
496
496
490
489
487
482
480
483
482
487
481
486
496
507
502
495
493
491
488
498
499
496
495
510
509
511
515
516
516
526
524
530
536
541
539
534
540
536
537
537
547
539
536
538
535
532
535
529
534
535
532
532
529
533
534
519
537
539
531
530
531
523
520
517
516
514
517
520
509
497
487
483
478
480
483
491
491
494
492
496
495
499
495
493
488
481
468
464
465
468
471
468
467
468
468
476
485
482
479
474
480
479
482
481
489
484
474
478
466
459
450
451
450
457
470
482
473
473
469
483
486
489
493
491
487
489
494
492
490
493
497
489
495
495
500
501
505
498
497
502
498
500
497
502
508
502
504
503
509
520
520
528
534
549
543
551
561
565
560
568
573
576
578
578
578
577
586
585
591
596
592
584
585
577
575
573
582
581
576
575
577
579
569
572
567
560
551
549
550
543
544
539
538
531
522
516
514
521
521
531
528
530
529
533
535
543
540
538
536
535
537
531
526
526
529
534
528
527
534
536
536
539
529
541
546
551
539
534
535
530
536
537
538
535
537
541
537
546
545
549
553
553
542
542
542
545
542
532
527
539
539
538
535
537
543
531
527
526
529
528
534
530
533
531
535
530
528
525
521
519
513
514
513
514
508
506
510
516
510
508
519
526
540
538
543
546
547
553
550
549
546
548
549
536
545
546
539
549
549
549
557
563
564
560
558
563
561
564
566
564
562
556
561
563
564
575
581
576
573
575
574
577
575
572
577
581
585
587
583
578
577
577
573
572
578
578
583
570
568
572
572
571
580
570
571
566
577
578
572
570
574
568
557
555
552
563
563
562
562
567
570
569
571
575
572
571
566
568
567
564
570
572
578
575
574
582
580
579
578
575
568
576
561
553
552
557
558
553
552
557
557
550
548
552
549
550
553
552
551
538
538
540
544
549
542
542
536
544
551
542
539
543
549
542
551
554
550
544
545
542
550
552
549
551
563
563
555
557
552
546
542
547
553
554
568
572
573
574
576
580
578
579
583
579
582
592
590
597
600
601
599
595
602
596
597
593
595
601
604
610
608
617
609
607
614
614
608
603
603
602
599
598
602
596
598
597
592
591
588
594
590
586
587
602
595
591
590
577
573
575
575
570
563
562
557
561
561
573
568
579
583
581
590
590
590
595
587
589
586
583
593
595
603
600
599
591
597
608
599
599
595
600
589
600
599
592
586
578
576
574
573
572
578
579
574
568
566
579
578
571
575
574
570
570
573
568
565
562
563
563
565
561
574
581
583
579
576
583
586
582
575
583
584
588
590
592
585
589
593
601
607
605
603
605
610
614
620
628
625
618
617
624
627
621
613
614
607
612
609
618
611
611
609
611
612
610
604
597
598
598
607
611
615
611
612
608
600
601
606
609
611
608
602
602
601
597
587
602
607
606
611
617
625
627
629
630
632
619
618
622
616
616
614
618
618
618
614
620
626
630
624
622
621
613
603
611
607
610
604
602
597
599
606
609
622
624
624
624
625
626
628
620
617
614
619
617
615
609
605
608
610
615
617
619
619
616
612
614
603
611
613
622
617
619
622
622
624
622
626
626
625
617
621
618
620
618
619
613
613
615
613
605
602
594
595
601
608
608
610
604
603
610
614
615
615
618
621
628
620
618
613
622
619
623
621
609
610
603
607
604
602
604
598
602
601
607
608
614
607
606
592
590
592
594
595
605
605
607
613
620
619
617
620
608
605
603
604
601
609
599
607
612
619
618
613
609
594
604
603
606
613
604
603
597
598
612
615
612
620
620
620
627
627
615
611
601
599
599
601
607
615
615
620
619
615
611
612
606
609
615
619
621
625
629
624
622
621
612
615
613
612
608
606
603
602
607
610
604
612
606
616
619
609
611
614
612
608
609
611
607
612
609
608
609
602
590
590
600
603
604
602
603
595
597
597
592
598
598
596
601
609
624
630
630
634
638
643
640
647
645
646
643
643
635
629
622
632
632
633
643
645
640
638
638
634
640
622
624
621
610
611
602
592
590
587
594
593
603
603
605
615
609
608
616
618
607
601
605
599
601
602
618
625
623
621
622
629
631
622
627
627
621
613
616
619
616
615
611
611
611
610
611
622
616
621
624
618
616
613
616
616
614
617
614
620
619
622
627
624
627
630
630
637
643
640
640
646
639
645
641
643
644
650
639
633
639
647
643
637
630
632
629
626
630
633
630
635
635
643
642
637
639
638
642
642
637
622
633
629
637
646
647
640
644
647
656
661
652
650
645
659
657
654
655
658
651
646
645
653
651
652
652
652
653
657
669
674
677
682
676
684
678
679
678
691
695
697
693
695
696
691
686
690
689
679
678
680
679
678
676
681
682
682
684
683
674
670
664
669
663
664
663
664
657
664
661
668
662
669
669
664
664
657
651
647
643
642
638
641
643
627
629
628
621
619
621
632
633
630
633
636
647
645
648
643
646
650
648
652
646
648
645
637
641
650
657
656
648
657
657
663
665
672
674
677
679
674
669
666
656
661
659
661
658
659
656
661
660
669
666
665
665
664
667
674
670
675
679
679
680
677
687
683
683
691
686
683
678
682
676
668
667
659
660
657
656
650
657
661
664
661
650
663
673
669
676
667
666
666
662
660
666
669
667
664
665
669
679
669
670
666
658
667
668
659
666
663
657
665
665
665
659
657
663
663
673
673
670
674
670
671
667
673
682
671
664
648
638
643
647
641
645
634
636
638
630
625
620
620
628
633
627
636
633
625
628
615
625
628
628
629
621
622
613
615
613
618
614
618
622
620
618
621
616
612
610
608
608
607
609
608
614
609
610
602
601
592
594
594
602
612
608
598
602
601
599
605
610
618
621
617
620
622
621
620
616
626
627
644
641
644
654
654
656
657
666
675
674
679
672
675
676
675
671
667
659
654
651
657
656
664
662
662
662
661
665
651
657
659
658
665
663
655
653
650
653
647
644
654
661
659
656
648
651
656
654
646
645
640
639
633
627
628
631
627
631
633
631
629
632
625
627
630
626
631
630
626
619
624
614
613
612
604
607
595
595
595
599
597
592
586
593
582
579
578
574
584
582
580
576
589
586
583
584
586
584
579
590
592
599
603
596
592
604
605
606
598
595
590
594
598
597
598
596
598
601
585
586
590
581
580
585
592
589
595
594
592
582
587
583
583
588
581
584
589
601
601
590
585
581
582
579
577
588
592
587
591
595
598
602
611
611
612
607
605
603
615
612
604
602
608
608
606
603
599
596
603
592
600
607
610
610
616
609
609
608
606
606
603
605
602
597
594
589
587
594
601
598
601
610
619
613
608
597
600
600
597
601
607
602
599
595
610
609
609
607
598
596
595
586
587
587
584
584
586
588
578
586
578
582
584
578
579
578
576
578
581
576
574
567
564
563
563
557
553
552
549
551
549
542
535
549
543
548
546
547
547
542
539
543
542
547
539
542
539
542
544
545
544
550
548
543
544
538
543
548
546
548
549
550
557
569
569
559
563
570
566
571
566
563
560
555
552
557
559
562
557
560
571
567
568
562
572
575
574
572
575
573
576
583
567
568
571
577
578
574
564
558
559
555
553
549
544
544
547
546
544
540
550
544
539
545
541
540
552
564
574
566
570
564
570
569
563
570
569
565
567
570
577
563
552
554
554
550
551
554
550
550
553
561
560
567
569
566
562
574
577
576
568
561
557
560
559
555
552
556
557
564
563
560
556
554
545
538
545
542
544
539
536
543
539
532
534
541
547
545
552
553
554
540
533
536
530
528
533
524
523
527
522
523
535
535
537
528
521
520
520
525
530
528
534
531
530
534
540
538
530
525
520
517
507
507
514
509
504
506
509
511
504
493
496
497
498
499
508
509
510
508
518
512
518
524
513
515
512
519
523
530
533
527
524
515
516
522
525
535
539
535
535
531
523
524
519
521
515
510
515
519
523
521
542
541
550
548
549
554
549
549
550
549
543
544
550
549
547
548
542
535
528
524
527
529
526
525
531
532
531
522
516
535
529
540
543
544
534
530
537
526
529
532
529
533
536
545
549
545
546
550
544
545
546
544
540
546
545
543
546
548
548
548
547
545
540
545
557
561
560
555
559
553
554
553
552
554
558
554
553
545
540
541
546
545
550
540
531
536
543
536
533
526
526
531
531
527
524
527
525
530
528
535
533
540
535
525
529
533
525
520
515
520
513
510
516
522
519
517
507
518
523
518
508
505
526
517
504
511
513
511
519
523
527
522
516
520
532
530
539
550
555
555
548
552
547
551
554
553
549
550
547
544
544
547
556
553
552
558
552
557
558
554
555
561
559
553
539
542
549
554
555
555
553
560
571
565
564
560
567
567
561
565
570
570
573
570
559
562
579
579
579
587
591
597
599
599
594
597
592
593
589
588
586
583
581
590
594
597
593
597
593
587
586
588
591
598
596
591
589
589
588
588
586
589
590
593
595
602
614
615
612
618
624
628
639
646
652
648
652
659
661
659
647
654
664
668
658
662
665
665
662
658
659
657
666
669
679
681
686
690
686
683
688
690
694
691
682
666
662
660
649
646
644
649
646
638
640
643
640
638
637
641
632
629
634
635
625
617
620
633
636
636
634
631
633
628
634
639
637
636
634
636
632
623
628
635
636
643
639
649
651
654
651
649
647
642
638
636
630
621
622
619
609
608
605
605
605
601
599
596
594
600
600
599
606
601
603
597
599
602
603
605
595
593
593
595
594
589
589
574
564
565
573
564
565
570
579
581
581
581
577
574
577
579
581
584
578
582
581
574
575
573
582
578
588
592
593
591
590
590
594
600
601
604
602
597
594
595
590
594
605
611
620
614
614
617
614
612
616
612
620
619
620
620
620
624
631
638
637
636
635
629
632
626
624
617
609
606
602
600
593
598
598
597
594
602
606
612
608
603
602
593
596
593
592
581
582
580
580
585
588
585
587
583
588
590
581
588
600
601
597
596
599
611
610
607
608
615
607
608
610
605
603
604
599
593
596
600
600
600
600
598
602
601
601
603
615
610
611
614
614
596
597
587
589
592
593
587
584
578
578
585
578
570
566
575
574
574
565
562
549
536
536
538
532
535
529
524
527
530
539
536
530
529
531
524
531
531
532
526
524
522
527
525
529
529
528
526
522
512
517
522
529
525
528
523
526
521
522
519
516
523
515
512
516
519
519
524
519
523
529
520
525
525
526
520
517
519
521
520
520
532
527
520
523
528
525
524
529
531
532
540
546
548
544
546
547
544
539
536
533
530
529
526
538
540
548
551
545
544
535
532
530
531
525
527
528
528
530
527
525
522
525
523
530
526
529
530
531
532
523
523
513
506
499
505
504
515
515
518
508
498
495
500
499
505
500
508
508
508
509
509
520
520
511
518
524
518
506
506
499
502
500
497
501
498
493
489
498
503
493
494
498
504
503
509
499
503
506
508
510
515
517
516
527
518
522
530
532
530
524
515
515
511
517
518
513
513
518
522
526
528
530
535
531
524
533
541
545
541
548
548
544
547
548
556
551
555
556
550
550
544
545
542
554
559
558
565
560
572
564
562
569
566
570
575
578
582
582
579
579
580
578
572
570
570
565
557
567
573
573
576
579
574
577
583
584
579
585
581
579
578
576
573
579
580
580
572
562
562
567
567
562
568
563
558
567
573
567
555
553
555
550
555
557
561
555
549
552
550
550
545
535
540
539
543
546
539
531
522
523
523
523
532
522
514
517
513
516
509
506
507
509
519
523
519
522
518
518
510
500
505
506
505
507
513
508
513
517
510
507
499
493
494
490
493
489
491
491
499
485
475
477
483
481
483
476
470
477
484
484
480
480
485
478
487
488
497
497
495
493
498
499
499
495
494
499
505
506
501
507
502
489
492
489
493
491
507
500
504
503
502
501
493
487
483
480
485
483
472
468
465
463
468
468
457
451
450
460
457
454
456
461
464
466
463
454
457
465
450
454
456
457
451
