0
20
18
14
13
21
20
21
30
34
35
30
26
32
32
42
41
34
28
30
22
24
29
25
20
23
21
25
28
26
27
31
38
27
32
39
45
49
59
56
54
74
72
81
85
84
81
81
71
69
75
88
88
85
74
70
76
80
86
88
95
100
97
96
100
105
109
107
107
101
103
95
95
98
104
102
105
105
103
106
100
101
97
90
85
80
85
83
77
80
79
82
73
72
75
70
73
66
60
60
77
77
87
94
89
92
98
92
84
86
80
83
97
98
97
91
89
89
74
72
80
68
61
60
65
52
49
45
44
47
40
46
51
49
52
49
49
50
52
48
54
41
38
29
27
31
42
40
43
41
48
42
44
38
36
36
40
45
40
50
56
58
49
52
49
46
50
48
46
56
70
70
70
73
72
68
59
65
68
63
68
64
65
55
56
56
62
61
55
53
51
42
42
52
50
41
44
52
57
56
63
68
75
72
75
77
86
88
95
101
98
93
98
102
101
103
99
97
106
104
111
109
105
97
98
95
101
106
107
98
89
90
90
91
91
91
85
91
97
94
96
96
101
97
102
106
111
112
111
104
103
100
98
94
88
81
86
78
87
92
103
107
115
114
108
113
107
112
104
114
116
110
118
125
135
138
137
124
127
110
114
117
110
108
109
117
107
104
104
105
104
105
104
108
107
116
126
132
136
131
133
123
126
124
130
138
136
136
135
128
130
127
126
122
123
108
116
109
102
88
79
82
73
74
73
72
75
81
88
97
99
110
104
98
96
96
99
99
99
100
91
93
95
93
95
89
79
73
66
68
73
78
61
66
66
67
61
56
48
40
38
37
37
30
34
44
56
58
61
60
65
68
79
88
86
94
98
96
100
100
94
96
93
106
110
106
108
103
105
104
94
93
91
96
97
105
104
97
93
99
105
101
96
98
104
102
96
100
93
89
95
92
90
85
92
86
81
76
75
70
65
63
68
72
67
68
66
62
51
51
54
49
55
42
39
38
37
33
36
40
40
39
44
59
58
52
43
51
46
38
41
41
35
24
30
31
27
34
36
31
33
42
37
39
40
48
51
42
39
45
35
35
47
61
58
64
63
66
61
69
79
72
69
77
74
76
73
76
72
75
78
81
84
90
91
90
87
82
84
85
84
92
90
88
94
98
101
94
100
96
93
89
90
89
80
69
61
71
69
67
58
59
53
58
57
62
57
59
55
55
53
62
59
60
56
53
54
48
45
42
36
34
35
40
44
41
57
70
56
48
49
50
58
63
66
60
59
67
74
67
74
71
67
62
55
60
68
69
63
56
59
60
57
47
49
46
55
58
55
52
54
61
64
67
69
67
76
73
77
71
74
71
82
85
79
75
83
89
85
77
75
70
66
67
62
67
63
58
62
55
45
40
40
50
53
59
55
58
54
58
59
52
54
57
61
68
74
78
89
88
86
90
89
101
111
106
101
92
90
87
84
91
103
92
83
77
84
79
75
77
78
78
81
89
88
86
88
86
84
88
87
89
92
90
93
93
95
92
96
93
82
80
84
76
62
58
60
69
78
83
82
85
87
87
88
90
98
96
98
88
92
90
87
94
91
91
94
105
103
103
107
107
110
100
100
107
110
108
103
99
91
80
82
82
86
93
99
106
109
113
123
119
125
123
122
112
118
123
121
116
104
107
102
94
96
99
97
105
99
94
98
92
85
84
89
80
89
81
85
80
76
86
76
78
76
78
84
81
81
76
79
74
83
81
71
67
66
60
69
61
57
62
69
66
58
51
59
69
76
70
70
74
74
81
73
69
73
70
67
76
72
66
66
63
70
69
62
66
73
67
55
56
52
48
48
45
45
45
43
49
57
61
60
57
48
43
43
39
39
43
39
36
34
24
13
14
8
25
15
29
37
42
43
48
48
42
42
40
45
39
48
34
34
33
24
23
20
16
18
17
14
21
13
16
9
22
19
9
14
18
21
18
14
19
18
16
20
18
25
27
36
38
39
47
48
44
48
38
30
21
23
27
29
14
18
20
16
12
16
22
28
20
17
27
23
19
25
30
37
36
33
29
40
44
37
37
39
43
45
42
43
35
33
26
19
16
15
13
10
17
11
18
16
12
22
12
18
17
16
15
16
18
18
28
28
19
21
17
23
26
30
38
34
26
23
20
17
18
18
13
18
21
30
27
35
40
44
39
38
34
33
37
41
38
40
29
29
35
41
41
50
48
41
43
48
51
55
49
58
50
50
48
47
38
43
45
32
24
16
19
29
24
20
12
11
10
8
13
14
18
21
17
13
19
18
18
20
20
19
20
14
20
15
31
24
35
32
30
29
37
47
54
63
61
54
64
57
45
43
40
40
39
36
35
33
39
32
27
29
26
32
31
37
29
37
44
49
48
48
44
44
57
52
60
54
46
46
51
56
60
67
55
58
50
47
44
49
52
46
41
40
31
34
42
37
30
34
42
39
38
33
30
29
28
28
23
26
22
13
18
25
30
36
36
29
30
32
31
30
28
29
26
19
14
18
25
31
19
14
14
23
20
23
27
27
25
21
19
16
16
14
14
11
20
19
20
28
23
17
22
24
29
16
16
20
18
24
29
31
40
44
45
45
47
47
45
41
35
40
36
30
23
22
28
28
36
44
50
45
43
51
41
47
39
38
40
42
41
42
38
41
44
40
43
44
53
52
58
54
55
51
44
38
42
44
44
45
35
34
32
38
44
37
37
35
34
37
44
47
48
44
53
61
69
65
56
52
45
43
40
40
46
52
50
57
66
73
78
75
68
69
66
57
65
65
67
70
76
81
83
78
75
70
59
57
61
57
49
43
37
33
40
46
41
43
40
34
26
23
26
17
17
16
13
24
21
19
18
22
19
27
27
19
15
9
15
15
17
15
16
6
14
22
24
11
13
14
13
18
21
25
23
21
24
29
40
42
38
39
30
38
35
44
40
40
36
32
29
26
22
18
20
10
17
11
9
13
9
13
15
18
15
10
12
17
15
14
12
14
15
16
12
22
14
21
32
24
23
15
16
21
33
33
32
42
41
38
38
39
41
50
48
47
46
42
45
49
48
46
52
41
38
37
35
32
24
29
34
34
40
43
40
46
48
50
40
41
35
34
41
39
42
38
34
34
40
53
62
56
60
63
57
63
56
60
59
61
63
63
58
62
54
54
57
52
52
58
66
62
67
74
65
66
62
69
67
62
59
43
43
46
44
44
48
50
42
40
41
39
39
36
37
39
38
37
38
47
49
49
61
58
54
45
44
50
49
45
49
50
59
57
53
48
43
46
50
47
37
33
36
37
33
38
37
42
44
46
40
40
41
42
43
42
53
59
56
59
56
57
50
53
51
45
38
48
57
58
59
60
51
57
64
57
52
56
49
45
40
38
32
27
25
15
19
18
14
20
24
28
35
32
31
25
24
22
22
21
19
9
15
14
12
17
18
21
12
13
20
23
27
29
28
31
24
31
32
34
36
42
46
45
53
57
64
64
66
56
59
57
48
50
48
52
58
59
58
59
72
70
60
59
57
52
49
57
60
48
44
47
45
38
49
50
48
53
57
52
61
57
60
53
46
55
56
64
59
62
70
68
74
64
71
77
79
77
75
72
70
63
66
70
62
57
63
74
78
69
69
67
69
77
71
78
74
76
86
87
85
91
98
86
84
81
76
78
84
81
80
75
75
73
66
63
61
61
61
61
60
64
56
45
46
48
47
46
45
47
46
53
62
58
55
49
43
50
54
62
68
74
77
75
68
55
53
48
54
55
64
70
74
65
67
67
64
62
64
70
63
62
59
55
57
48
44
51
57
61
63
67
68
70
71
68
77
71
62
63
69
73
76
71
64
62
67
65
74
76
77
89
96
101
98
91
85
87
87
83
82
88
74
73
85
77
75
80
74
66
57
57
63
63
59
62
71
80
70
71
70
66
75
73
73
70
61
59
60
61
61
63
73
72
71
72
71
70
65
77
88
83
88
90
87
81
80
76
61
50
45
54
56
51
50
53
47
46
35
37
41
45
46
37
38
28
40
33
38
42
42
44
52
51
50
56
56
50
50
47
39
43
36
38
42
49
48
52
51
52
50
47
45
49
46
34
39
35
26
22
25
23
26
24
33
33
33
25
24
21
17
13
19
18
14
19
40
44
49
48
51
51
56
48
55
56
49
58
42
50
46
51
57
55
62
67
70
61
62
67
71
68
69
73
70
76
74
64
65
66
59
59
65
69
60
62
61
52
46
42
38
40
44
37
41
41
50
56
59
60
61
59
68
69
64
65
61
53
48
56
52
48
52
48
55
61
63
62
71
68
68
64
62
69
67
75
90
85
86
86
82
86
82
82
91
89
87
89
95
100
107
113
112
114
118
125
122
126
128
131
137
127
132
129
131
130
117
113
118
125
129
125
124
128
131
133
129
129
125
127
137
135
132
135
131
124
114
116
109
109
107
107
113
106
104
107
108
107
110
109
123
128
128
127
121
120
129
124
135
130
128
131
127
125
131
130
133
127
128
132
138
139
143
153
155
157
154
149
154
156
158
161
149
140
132
122
122
130
135
133
123
127
126
122
124
121
124
128
130
133
134
139
137
140
144
149
152
148
145
136
144
147
152
151
149
146
150
143
134
131
131
133
132
140
142
146
145
147
163
165
161
167
167
176
169
171
176
175
171
162
163
166
163
161
155
143
146
138
129
127
126
129
135
140
144
138
144
149
152
149
148
153
150
152
148
148
139
150
153
161
164
168
168
174
174
176
163
171
181
180
179
172
167
161
161
152
153
157
152
149
154
160
164
158
166
164
157
169
165
163
169
180
181
179
179
175
180
172
185
185
195
198
195
192
185
180
174
170
165
172
168
158
164
157
167
163
164
170
173
168
176
178
189
198
198
199
198
192
194
190
192
204
208
208
199
201
198
200
194
206
203
205
206
212
215
210
208
209
219
225
226
224
226
232
237
248
236
240
247
230
230
219
223
219
213
214
214
202
211
219
212
205
208
205
200
192
195
197
202
206
211
204
202
204
213
214
215
201
202
201
203
201
201
201
196
193
193
196
198
188
185
176
179
174
178
171
172
179
186
181
181
179
184
180
180
175
170
171
173
170
174
167
163
168
167
167
166
163
168
164
171
172
168
165
170
169
175
171
170
175
183
185
186
179
177
180
182
182
182
178
173
178
178
178
175
173
169
168
165
163
165
173
170
173
171
168
168
174
173
175
173
178
177
181
181
183
189
186
184
195
194
194
193
189
195
199
199
197
202
199
202
204
201
203
211
212
209
210
202
213
209
211
205
211
211
216
215
212
205
208
206
208
202
208
209
209
217
217
223
232
219
216
214
216
210
216
211
216
216
214
211
215
212
216
219
207
212
216
218
213
217
216
218
218
214
215
216
212
212
220
220
216
221
209
210
215
223
218
212
215
213
207
213
215
223
231
231
231
230
231
236
240
247
239
243
237
241
235
237
232
235
236
229
225
222
228
226
224
226
217
226
221
214
210
213
213
208
209
204
204
203
204
200
202
191
187
183
187
193
190
183
185
188
188
185
183
182
182
184
178
184
180
177
183
183
187
180
187
184
180
184
172
177
174
169
173
162
157
148
149
146
147
152
159
154
145
144
147
144
146
151
150
144
142
137
134
134
135
128
127
124
130
121
121
119
122
126
124
116
115
124
119
111
119
122
125
126
135
137
138
135
140
133
142
143
143
147
148
156
159
153
163
160
150
152
158
157
160
153
148
146
143
145
146
140
144
135
146
152
146
146
139
139
129
121
126
115
110
113
107
109
107
108
112
112
105
102
101
96
93
96
100
97
98
97
90
94
88
84
92
97
101
103
117
119
113
112
107
113
122
121
118
114
110
118
120
118
111
113
120
130
127
136
137
143
146
153
143
137
127
128
129
126
123
123
127
125
118
120
112
113
111
120
126
118
112
116
116
117
118
124
121
122
129
133
128
129
123
125
115
116
117
123
123
127
131
132
135
130
137
138
147
149
155
158
154
156
155
156
158
162
159
164
163
161
161
161
165
160
164
165
164
157
152
159
161
160
154
162
164
164
173
169
167
163
159
160
161
161
163
169
174
173
171
177
192
196
195
202
191
203
199
197
192
186
192
202
205
196
197
203
203
199
186
185
185
193
192
192
185
188
194
194
202
213
208
201
200
192
195
191
187
193
199
202
212
213
222
224
223
227
218
223
227
237
230
228
233
225
218
218
215
211
216
217
219
213
216
212
210
207
208
214
218
217
222
225
220
233
235
235
234
231
225
219
215
220
222
226
226
230
230
235
237
235
231
229
228
234
233
246
241
249
252
246
260
254
255
244
235
231
234
227
236
241
237
240
236
233
226
217
219
215
213
220
212
216
227
229
229
228
225
226
228
229
232
238
239
232
223
227
222
225
229
221
217
210
207
212
214
215
214
219
216
214
212
212
213
223
228
229
220
219
217
215
219
230
233
235
233
240
236
229
230
239
238
241
233
237
226
218
214
219
215
211
218
222
222
231
224
228
233
230
237
238
241
239
232
225
225
220
220
220
218
214
224
219
218
225
213
216
213
220
226
227
222
224
230
231
232
225
218
211
208
205
209
218
215
222
234
228
235
226
224
227
226
221
215
220
219
219
219
221
220
218
227
234
231
230
223
223
235
236
235
231
234
239
230
234
229
230
242
232
234
234
239
236
234
233
228
226
219
222
230
231
236
242
238
240
241
234
231
229
225
225
229
229
228
216
213
219
215
207
204
206
208
206
208
204
212
212
211
207
211
198
202
207
208
212
215
217
226
231
231
237
235
236
229
232
225
225
222
214
212
209
213
210
211
211
201
203
199
195
195
191
185
187
180
175
167
165
158
150
140
141
131
135
136
148
148
154
151
144
137
133
138
133
123
128
133
140
140
141
138
145
149
169
170
161
155
162
160
152
151
148
155
163
161
157
165
167
160
156
158
159
153
145
141
145
145
139
146
141
142
136
145
142
153
158
155
158
158
150
152
144
139
130
137
132
135
142
136
139
139
143
142
138
130
116
124
124
140
143
154
159
163
165
170
173
180
181
173
169
171
162
164
167
167
174
166
167
173
174
171
174
171
169
168
157
147
156
156
150
161
162
154
159
158
156
154
150
150
148
142
142
152
156
156
152
159
154
159
160
158
162
156
161
169
169
173
170
165
158
163
171
165
165
172
164
170
172
171
177
170
167
169
168
164
158
164
160
150
151
159
159
153
150
152
157
162
170
167
166
165
161
159
157
158
162
148
163
159
158
155
156
160
164
160
161
163
161
162
166
169
179
177
181
176
178
176
179
188
200
194
196
196
195
198
201
202
200
203
215
221
219
215
210
216
217
218
230
229
221
217
213
216
217
217
205
215
217
219
213
217
206
210
212
223
221
228
227
220
220
210
215
210
205
205
214
212
207
205
196
203
202
199
200
205
213
206
210
210
211
207
204
199
206
220
224
227
230
217
214
215
214
207
194
179
181
173
176
175
185
187
189
182
187
191
197
206
207
208
208
203
201
208
212
215
219
222
217
222
220
218
216
226
228
241
247
247
245
246
247
247
243
240
240
244
242
248
246
245
251
260
263
265
272
269
263
262
257
253
256
255
260
265
266
268
259
246
253
246
231
228
220
219
222
224
224
225
225
220
218
214
213
212
210
205
214
211
205
201
210
210
207
209
216
210
207
210
212
213
217
222
223
222
225
225
214
215
213
206
221
220
218
218
225
226
225
228
231
236
231
227
228
222
224
227
236
240
244
248
249
254
250
248
247
246
250
252
254
250
247
247
239
242
231
239
243
237
238
236
219
211
212
222
222
218
224
228
228
238
244
248
245
239
238
250
248
247
239
244
247
243
245
241
240
246
243
250
239
244
239
241
242
245
246
245
249
254
258
256
254
251
249
260
264
265
270
272
266
258
251
256
248
248
249
236
230
227
229
227
226
231
220
227
226
225
217
216
223
212
211
212
215
210
218
226
222
212
209
205
216
223
232
232
229
222
212
218
204
205
203
208
218
221
226
216
212
215
210
196
195
203
205
208
216
220
220
220
226
238
240
234
232
229
236
238
239
234
243
247
250
252
254
256
253
257
247
238
238
235
234
237
242
251
254
248
261
263
265
262
274
286
288
288
285
289
294
295
292
292
294
292
296
287
291
285
284
283
290
281
284
275
268
267
265
270
265
262
266
277
280
276
276
282
284
283
296
296
297
308
310
315
318
320
320
321
313
314
310
310
319
313
312
310
303
295
305
304
305
302
297
305
305
306
315
311
313
315
329
321
316
311
314
311
306
304
300
294
293
286
292
300
302
304
307
305
299
303
302
291
292
292
300
308
321
312
317
327
337
340
339
342
339
345
338
328
329
328
327
320
312
297
302
301
318
315
306
307
311
308
310
324
328
328
333
329
328
328
341
335
336
337
328
325
313
314
310
316
331
331
332
328
323
328
328
331
335
326
325
316
332
327
331
323
316
321
316
313
310
299
298
305
309
302
304
309
309
314
311
306
305
308
307
301
304
309
306
304
302
298
290
287
284
279
286
284
276
281
281
280
284
279
279
284
278
282
284
280
285
285
290
285
287
287
291
295
303
309
315
315
313
323
316
310
307
303
304
304
300
303
301
297
295
295
290
290
288
279
289
293
288
283
280
280
287
292
299
308
307
304
301
308
310
305
304
304
299
294
288
288
284
279
276
270
267
264
266
266
266
262
261
267
270
267
277
273
265
256
261
260
255
258
264
261
261
261
267
268
264
268
266
273
281
281
285
290
285
286
284
284
279
272
275
273
275
284
276
282
268
268
263
261
258
243
245
240
235
249
245
245
243
239
242
231
231
233
233
233
233
235
247
241
239
233
217
217
216
220
216
223
230
231
231
232
234
232
227
228
225
225
217
216
216
223
224
233
242
244
253
258
263
260
267
268
269
262
254
248
250
255
257
254
255
256
263
253
258
261
252
244
248
239
223
227
231
225
232
230
227
222
231
237
237
232
233
235
234
229
230
225
213
219
221
222
217
214
213
215
207
217
217
224
222
209
211
210
214
214
213
213
213
211
212
210
197
191
184
180
181
174
174
178
184
185
195
194
201
206
206
210
201
208
204
212
220
221
209
212
212
212
211
201
193
197
191
183
181
184
180
176
180
179
181
176
175
167
167
170
161
162
164
162
162
157
154
150
149
157
163
167
169
171
162
159
153
155
155
162
163
160
174
170
173
172
170
172
173
183
186
183
175
163
157
158
155
163
171
180
184
194
190
184
189
173
173
166
161
164
173
177
171
171
175
169
176
177
175
180
169
170
171
170
167
169
170
177
174
170
182
185
198
198
193
190
186
193
192
190
195
195
190
189
185
185
183
186
194
191
198
194
203
196
199
201
204
205
210
203
202
211
207
205
199
187
185
178
179
182
190
194
198
204
202
194
197
196
195
193
197
197
197
198
206
208
206
209
217
217
230
228
230
229
226
235
236
239
236
241
251
253
251
256
257
265
273
270
274
271
271
268
264
266
274
270
260
274
278
280
279
280
286
284
289
299
300
308
306
309
305
299
291
295
295
286
279
277
291
288
291
290
289
283
286
283
285
292
288
282
283
282
288
286
288
286
289
297
295
298
300
299
292
299
308
315
320
323
320
322
322
315
319
322
326
330
335
335
328
326
331
324
338
341
348
352
345
347
350
354
349
354
346
343
350
349
341
341
340
334
329
330
345
340
345
346
339
338
339
344
335
332
329
341
336
336
342
345
345
341
338
333
333
326
311
307
303
311
308
311
316
322
314
313
304
302
293
294
284
285
289
289
280
287
286
287
281
281
279
275
281
284
281
273
276
275
275
277
279
275
276
275
272
268
265
260
263
258
259
264
251
250
250
257
252
249
258
257
253
247
242
244
250
253
255
251
250
243
243
240
239
244
246
241
242
246
252
251
248
247
251
261
255
252
242
235
232
228
225
233
244
239
243
263
254
262
266
267
266
269
268
270
268
271
266
268
267
269
264
252
242
247
240
243
250
249
243
238
239
241
249
248
245
239
237
247
250
244
248
248
246
251
261
264
272
280
282
287
286
285
285
283
284
285
284
286
292
303
311
321
317
328
327
326
331
340
336
330
324
325
327
333
331
325
326
324
332
321
312
320
321
321
317
311
313
310
314
313
316
307
294
289
291
293
286
288
281
282
282
286
282
288
289
288
286
280
273
272
265
263
274
267
264
270
275
284
275
277
278
279
279
274
269
271
275
273
272
271
271
267
272
272
277
275
269
264
264
264
266
259
260
258
247
252
264
273
274
268
263
263
262
254
262
265
265
261
262
273
271
278
281
285
283
283
284
288
286
281
282
284
288
285
283
274
274
273
277
274
269
269
263
255
252
253
255
257
257
264
275
268
274
271
268
279
279
276
271
273
268
258
264
256
257
256
254
254
251
253
259
266
254
256
252
249
252
252
248
249
243
252
257
273
274
268
270
277
275
271
264
258
248
240
242
240
242
246
247
244
242
240
240
239
245
244
243
243
246
236
230
234
234
231
229
227
229
230
224
231
220
210
218
217
214
215
220
218
207
198
202
212
206
196
202
201
205
200
199
204
204
211
210
204
195
192
191
200
199
200
197
193
197
192
189
194
195
202
203
207
211
214
213
210
204
203
203
208
202
208
212
220
213
204
207
203
207
204
195
190
180
191
180
186
190
186
188
183
184
176
166
172
162
161
160
164
162
158
163
173
173
185
181
176
173
180
181
190
197
202
197
196
197
201
200
200
207
207
203
204
197
188
195
189
189
189
188
190
197
198
213
215
214
218
215
207
210
215
218
216
224
227
235
239
255
249
237
232
235
238
210
205
208
216
212
212
201
201
195
195
192
194
202
207
206
211
207
209
213
224
226
226
230
230
220
226
219
213
223
216
221
222
219
217
220
219
224
226
217
215
215
212
214
210
212
209
202
212
227
228
225
230
229
226
227
226
224
231
225
227
226
217
219
216
221
223
222
221
224
234
233
242
242
236
234
227
226
219
218
209
215
219
215
220
220
223
228
224
224
216
216
220
226
228
234
239
244
232
234
231
222
211
219
223
222
220
224
222
223
225
214
209
210
210
210
205
204
206
204
206
204
199
200
204
197
200
201
202
207
213
220
216
236
239
237
231
227
223
211
214
213
212
210
219
216
208
211
221
230
231
235
239
237
247
238
240
242
246
248
255
247
237
236
237
234
232
238
232
224
222
217
218
218
218
221
220
217
216
212
213
214
219
216
222
218
212
204
210
214
213
212
216
213
201
191
192
195
190
194
191
179
194
205
207
207
205
196
205
203
198
203
200
202
194
201
201
205
207
212
210
204
203
204
197
205
206
209
214
223
224
223
228
229
236
233
240
242
246
249
242
238
235
232
237
223
230
226
222
217
215
221
221
223
223
240
247
252
249
253
254
252
241
249
240
238
244
248
250
243
243
250
251
247
263
257
251
251
247
243
240
240
239
233
241
237
235
231
226
229
231
228
223
230
220
234
239
230
234
239
229
225
232
225
214
213
210
219
219
212
208
201
198
187
189
184
180
189
178
176
181
190
183
180
180
185
194
189
177
180
171
165
174
177
175
172
177
170
173
175
173
170
177
181
185
174
170
172
177
175
169
176
177
179
174
174
174
176
174
174
184
170
162
167
171
171
172
175
189
194
189
204
206
204
200
200
198
193
190
196
200
190
191
183
183
189
187
186
185
195
185
189
188
191
188
192
192
203
200
214
218
207
220
218
208
205
208
211
207
213
221
225
230
232
234
226
230
244
236
241
229
226
229
239
237
243
236
242
241
234
231
230
233
230
228
227
228
227
227
227
220
217
203
194
198
189
185
195
187
182
182
180
171
172
179
172
166
172
174
186
184
182
185
184
186
183
184
190
191
188
181
185
185
187
202
200
194
203
198
198
207
209
208
204
202
192
196
185
180
173
183
184
187
182
178
182
184
176
186
188
181
182
186
181
180
179
181
184
176
171
170
174
179
179
172
176
177
181
181
172
165
166
171
176
173
179
177
178
170
171
163
163
175
170
168
174
178
188
185
193
200
209
208
205
207
208
213
221
219
221
212
214
209
209
210
213
216
216
209
218
210
216
220
223
231
223
226
225
227
234
225
217
208
215
214
212
214
214
212
213
215
217
224
221
224
224
229
232
239
247
251
264
272
261
264
272
278
278
280
275
281
282
282
285
282
280
275
280
274
275
271
267
277
288
286
273
274
271
276
276
275
276
271
279
275
268
267
266
268
261
265
264
267
262
258
251
251
244
245
247
238
238
241
247
242
231
223
228
235
238
234
237
233
230
229
225
229
226
224
232
231
232
228
231
220
218
214
218
219
219
228
229
224
212
215
222
225
228
229
222
220
229
234
230
228
225
224
226
229
235
229
219
226
217
214
215
225
231
228
237
234
230
237
233
236
239
246
253
259
272
267
263
255
253
245
237
239
236
234
224
231
227
227
224
220
231
234
237
234
228
232
236
230
231
226
224
218
223
218
216
216
210
206
198
200
208
212
208
201
201
199
201
210
201
197
194
194
194
201
193
193
185
192
190
189
187
186
183
179
184
184
185
184
177
180
180
174
172
186
180
185
179
187
202
209
208
208
209
207
219
218
210
214
218
210
219
220
224
232
234
233
233
233
227
225
229
225
228
223
236
237
239
237
232
228
227
225
236
233
236
239
231
240
237
245
249
246
246
246
246
244
247
243
241
233
243
238
247
244
245
242
233
231
230
231
237
240
243
241
244
247
249
249
247
243
236
240
237
240
237
236
238
246
242
237
237
244
241
243
243
244
243
240
232
244
249
244
234
233
237
240
241
246
246
254
256
255
238
236
228
231
232
219
220
220
218
215
209
206
198
196
188
183
180
176
173
174
178
181
189
194
199
194
187
185
195
185
176
182
174
172
173
172
170
169
158
149
148
149
153
155
161
163
165
165
158
168
172
179
175
177
182
180
180
182
191
181
179
182
176
176
170
172
163
155
148
148
142
137
134
149
158
158
154
160
152
147
153
155
152
145
134
145
147
153
156
162
153
155
160
159
158
163
175
177
170
168
161
155
152
144
150
150
152
145
146
144
144
148
146
148
137
134
136
136
137
138
135
135
138
147
153
154
156
157
167
170
169
179
176
176
176
174
176
179
186
186
188
191
198
187
183
192
195
191
191
186
177
179
182
185
181
175
180
174
170
165
167
181
175
169
168
163
161
152
158
157
160
159
164
156
162
159
166
166
171
170
175
178
184
183
184
187
179
180
172
173
170
184
180
182
179
179
175
176
164
175
180
182
181
181
182
191
187
189
186
181
175
167
167
172
173
180
172
176
167
166
171
173
161
166
163
160
166
167
170
162
176
174
177
172
168
175
176
179
174
170
160
165
167
164
164
153
152
150
153
158
149
161
163
168
173
173
170
176
180
186
181
180
171
173
174
169
160
161
160
160
163
163
162
154
149
147
149
152
158
154
156
157
161
166
177
171
169
180
170
167
167
168
175
179
181
186
186
184
182
173
171
175
170
169
167
163
169
172
173
169
162
160
158
166
169
178
179
178
172
178
187
186
177
177
183
180
176
175
182
180
185
184
181
181
185
186
187
188
190
192
203
205
202
197
193
196
200
204
213
202
199
196
199
213
214
209
215
201
199
202
200
207
210
214
227
219
219
225
238
246
245
236
235
233
236
237
246
245
243
252
250
249
248
250
252
249
245
247
239
249
250
255
250
247
251
252
238
241
240
242
246
257
269
277
272
274
278
263
260
260
251
255
253
250
248
254
255
252
257
251
248
241
244
240
239
224
218
219
221
215
222
217
224
226
230
230
241
245
251
252
267
273
272
274
274
265
262
266
261
269
267
277
275
275
274
283
292
297
292
289
287
286
278
281
278
281
290
297
298
300
294
304
305
308
306
298
295
295
309
299
303
311
315
318
323
320
319
307
313
310
315
323
317
317
315
312
310
307
311
303
298
302
293
289
285
284
276
279
281
282
277
278
272
292
288
281
283
279
271
275
276
274
286
287
280
280
273
276
276
277
285
287
281
275
279
290
280
272
267
267
266
266
260
267
269
272
282
281
285
288
284
289
291
286
288
290
294
285
282
284
285
293
296
295
285
285
281
273
266
268
266
264
261
259
268
274
275
278
276
275
281
275
273
276
272
269
265
269
268
270
270
275
279
284
290
299
305
290
290
287
283
283
281
284
284
280
272
273
276
268
267
278
291
295
295
295
295
303
299
299
296
298
298
294
290
287
283
285
289
281
281
277
278
284
284
282
287
284
280
274
266
269
269
268
269
261
262
266
263
259
250
256
253
247
252
255
255
258
255
257
260
264
262
269
269
270
273
267
283
288
299
293
289
293
282
283
275
277
282
282
285
283
291
288
291
307
310
309
303
305
295
293
299
304
300
298
292
287
285
280
282
280
287
293
291
295
296
298
296
282
285
278
278
289
293
296
302
306
297
298
303
312
315
325
322
320
324
330
326
332
337
346
350
350
353
363
374
375
381
385
379
383
383
387
385
394
393
390
393
397
393
387
387
391
383
377
375
379
383
387
388
389
381
386
383
387
382
384
389
387
383
376
380
384
385
382
386
384
382
385
376
380
377
386
379
388
381
379
382
389
390
393
392
388
386
381
375
367
369
372
365
360
356
355
355
361
364
369
366
369
370
360
349
345
341
342
341
336
338
342
354
348
354
359
353
365
364
360
366
370
371
377
384
377
374
384
393
386
398
395
399
401
403
405
393
399
392
392
390
399
405
404
401
405
409
411
408
404
405
402
411
414
413
421
415
414
416
412
411
416
415
405
404
401
414
416
413
420
411
405
405
409
407
407
410
409
404
398
402
405
396
398
399
410
410
421
422
418
419
424
425
417
417
414
412
404
404
404
405
402
402
395
405
420
420
416
416
416
410
408
412
415
412
410
412
409
402
405
406
406
398
397
390
391
388
386
386
392
391
391
382
390
388
397
392
398
406
411
405
406
414
419
419
411
414
413
422
426
433
441
443
450
441
442
441
441
445
446
444
450
459
461
467
464
473
475
476
479
471
473
474
477
473
475
471
469
470
466
459
463
470
474
475
483
488
482
481
481
476
472
477
474
470
469
470
476
470
472
475
476
474
482
481
486
482
479
473
479
471
473
462
459
465
467
467
470
477
479
482
480
485
489
480
479
469
476
477
469
471
468
454
459
460
457
447
446
450
440
434
430
428
428
427
434
438
427
428
429
436
437
432
429
420
419
417
420
419
418
417
416
421
427
424
420
425
420
421
423
424
423
423
425
421
414
430
424
424
436
443
451
457
454
454
451
454
460
457
472
461
466
476
469
465
461
459
458
455
448
442
439
443
432
428
428
423
427
429
428
429
431
439
443
434
429
438
431
421
420
419
416
417
424
422
419
410
400
394
390
388
377
365
366
362
373
368
360
363
363
355
356
356
361
360
365
362
366
361
368
371
364
369
365
372
367
358
360
351
352
358
355
346
347
344
352
354
360
360
369
369
378
366
366
366
364
362
356
355
354
357
358
353
356
355
357
356
360
362
353
356
349
344
337
340
339
338
339
356
351
337
338
337
336
349
352
354
360
365
358
355
352
362
354
350
353
340
345
336
330
331
335
335
336
332
325
317
321
327
334
336
335
334
326
332
323
311
319
322
323
323
327
326
321
331
332
332
339
334
323
317
318
316
320
315
313
313
319
324
325
331
343
347
352
358
356
348
341
329
322
323
316
326
324
318
321
323
322
324
314
312
316
315
311
309
310
315
312
309
313
320
323
311
322
331
328
326
322
323
322
324
320
314
311
313
312
309
303
294
290
295
298
295
282
285
276
284
279
281
277
268
266
267
266
264
269
273
280
281
283
280
279
282
275
274
275
277
272
266
267
269
279
284
281
292
299
304
301
304
296
295
299
295
302
306
305
307
306
307
304
305
294
289
286
280
285
288
285
281
293
300
305
311
316
321
320
312
312
308
306
301
288
287
289
288
297
296
298
301
297
291
299
295
285
283
287
290
287
286
281
280
279
280
278
281
279
285
288
285
291
288
283
288
291
293
301
304
300
298
299
296
295
300
297
301
300
297
292
286
283
286
286
291
293
293
272
269
265
253
247
250
248
244
243
240
235
239
243
234
237
233
227
221
225
229
237
235
235
241
232
227
234
236
234
241
245
248
245
248
247
245
246
246
240
229
226
226
237
239
241
240
252
248
249
250
249
245
240
243
249
252
255
263
269
270
267
265
269
270
273
271
270
269
261
262
255
261
257
252
254
257
271
268
264
261
268
269
268
273
266
277
278
286
276
280
276
268
264
264
267
263
263
264
261
263
266
270
270
261
265
266
266
261
260
261
272
276
270
271
279
287
283
278
287
296
290
295
302
298
299
293
295
294
297
298
294
296
297
299
300
302
301
305
303
297
306
309
312
317
316
313
310
319
311
307
310
302
303
296
284
289
288
285
290
301
301
311
315
319
328
334
333
331
331
332
341
331
334
337
336
342
340
338
346
353
358
350
354
360
362
370
367
366
370
367
361
373
373
369
367
364
355
349
347
342
344
337
347
343
340
339
343
330
326
322
326
326
328
327
330
327
331
327
334
327
336
342
341
338
338
343
344
352
353
349
352
356
352
360
362
363
360
357
355
350
353
354
361
356
356
343
345
344
347
350
358
351
351
359
367
362
355
359
357
361
356
350
354
361
359
363
362
359
350
350
348
349
351
347
349
348
346
356
359
364
357
364
364
363
357
357
356
358
356
350
348
345
345
345
342
351
351
345
326
327
320
326
324
319
327
327
325
330
332
331
333
340
332
333
333
334
335
330
330
325
324
327
330
342
352
353
353
344
352
341
346
345
340
347
353
361
359
366
376
368
364
369
377
366
364
370
362
360
355
361
357
357
358
354
352
348
341
345
347
352
353
351
345
347
346
348
357
354
355
363
353
348
341
337
333
333
334
327
326
326
322
326
324
336
330
328
335
338
339
351
354
355
362
358
360
357
349
348
343
336
335
344
342
343
351
352
348
346
332
322
321
327
336
342
339
340
337
336
328
336
323
326
328
337
330
325
316
325
319
311
308
313
312
315
317
313
314
322
325
330
334
346
350
345
347
350
349
348
354
344
345
344
343
340
344
337
335
344
335
335
333
333
336
341
343
340
348
344
347
339
332
333
338
335
331
333
336
341
343
339
336
343
353
346
343
346
347
354
357
350
351
348
342
332
334
339
332
334
336
349
347
341
341
334
321
311
309
314
323
334
343
337
335
345
342
348
347
349
343
343
348
352
360
363
356
361
359
356
357
358
358
364
371
369
373
371
363
371
373
379
381
366
364
362
365
368
358
354
356
363
372
367
368
361
363
359
363
354
353
348
349
348
352
350
346
340
331
328
334
338
334
331
325
333
332
339
339
327
317
317
317
321
325
329
324
341
340
339
342
347
351
341
347
350
360
359
357
350
358
361
368
373
372
376
370
372
377
380
374
371
371
369
371
386
383
384
381
388
383
380
378
379
384
389
388
388
386
388
388
386
394
400
410
397
392
391
393
401
400
410
409
418
416
418
426
426
428
433
429
426
427
432
438
444
431
437
427
418
409
417
425
424
416
417
417
409
415
413
409
408
399
398
405
406
401
402
395
387
395
395
395
396
388
397
412
413
405
395
394
393
388
404
401
407
418
419
422
425
432
430
435
441
441
431
434
435
435
437
431
423
425
426
422
421
418
407
408
409
412
405
399
393
398
394
393
394
398
396
404
394
385
388
395
394
393
401
400
408
409
405
403
403
403
406
399
407
413
421
424
426
427
431
437
439
434
440
433
427
431
432
433
432
418
421
419
426
426
429
433
433
440
447
447
445
444
442
443
442
445
450
457
457
443
441
437
432
430
428
440
433
424
420
423
424
425
416
413
412
414
414
422
425
434
438
432
431
418
419
405
402
405
416
406
404
410
405
402
405
404
405
398
393
396
396
398
399
405
395
388
389
386
386
383
385
375
372
378
380
377
373
370
372
371
369
368
356
358
364
372
369
362
368
371
372
367
363
364
373
375
377
379
379
378
379
385
384
389
387
391
391
392
395
398
397
396
401
397
398
406
410
394
398
387
390
389
386
380
375
382
377
385
384
381
383
379
374
377
369
374
370
375
369
379
384
376
377
386
406
408
408
401
395
389
391
384
383
378
371
376
377
380
379
388
386
384
381
380
381
384
377
393
394
387
389
390
382
383
387
386
393
389
386
384
380
374
377
374
374
369
372
379
370
374
374
376
373
367
366
369
376
375
379
381
371
370
364
369
372
369
365
361
355
348
352
345
346
343
345
347
346
341
339
339
344
346
340
346
343
349
336
336
335
331
330
333
335
340
342
342
334
325
329
321
325
325
327
313
311
306
309
310
302
294
299
298
296
301
312
314
315
329
317
314
316
325
323
323
330
317
310
315
321
323
317
310
315
320
307
307
303
302
313
315
305
305
300
301
294
295
302
297
292
295
292
292
293
281
283
288
290
290
290
289
292
305
306
296
297
299
298
297
297
301
307
306
302
301
302
301
309
315
317
315
319
325
321
326
327
327
343
349
351
353
349
350
350
353
345
351
361
351
342
346
348
354
355
357
357
358
367
368
372
373
377
382
383
386
394
394
397
397
390
389
387
388
382
382
391
388
391
398
397
402
394
384
377
383
367
370
367
360
358
362
360
358
360
347
343
340
348
359
363
362
368
363
371
375
379
377
382
381
389
380
400
404
398
397
408
407
408
407
412
413
421
420
415
419
412
408
416
411
411
408
406
396
400
404
411
415
420
422
423
413
411
405
412
412
415
413
413
416
413
411
417
424
424
422
426
434
438
442
443
451
451
452
453
448
444
443
445
436
435
440
437
430
428
433
439
443
439
436
437
446
450
437
429
426
421
424
435
435
424
429
422
424
417
424
430
432
443
442
455
457
455
466
473
482
489
479
491
494
498
499
499
492
501
497
496
493
501
495
491
492
485
482
490
497
492
491
493
492
499
502
507
502
510
506
510
502
498
496
498
486
493
485
475
478
477
476
472
459
462
465
464
475
487
484
485
490
489
485
491
490
492
496
492
500
505
498
501
503
491
487
484
484
487
487
496
496
506
502
499
495
500
511
518
511
511
513
512
508
504
504
503
498
493
491
485
492
493
500
499
503
507
507
506
507
509
500
504
505
514
512
510
516
511
509
514
515
513
511
505
507
504
508
503
509
510
512
517
521
522
523
529
532
535
528
516
511
506
507
504
507
504
496
490
495
493
497
504
497
490
490
491
492
498
495
488
492
487
492
496
497
497
494
498
493
491
492
487
490
476
480
476
468
470
475
484
484
480
484
487
494
499
498
502
508
518
525
524
521
534
530
530
536
530
533
530
532
529
528
525
521
518
522
518
514
520
507
513
521
521
523
532
525
524
522
526
528
523
523
521
521
510
517
510
514
505
507
508
507
509
517
513
509
505
500
508
511
507
511
523
524
519
519
514
512
515
515
507
508
505
504
499
508
516
517
514
519
524
527
521
519
520
510
512
517
520
522
525
530
529
525
524
528
525
534
540
546
559
560
560
563
562
578
580
587
590
589
588
596
599
599
604
598
588
589
592
584
574
567
566
559
559
555
551
555
561
565
566
566
569
573
564
566
568
568
565
560
569
570
574
566
568
569
567
565
564
566
564
574
583
585
586
587
584
588
588
581
583
576
583
580
580
580
589
587
582
578
572
565
558
560
559
563
567
566
559
553
551
553
552
540
545
542
546
546
539
547
544
545
552
556
566
566
566
562
555
555
545
556
566
564
550
548
550
548
543
543
539
547
552
555
567
571
563
564
565
562
559
563
564
568
569
564
554
558
549
546
546
544
542
550
550
551
556
553
564
559
562
553
555
549
551
549
552
548
547
548
550
556
559
562
555
556
554
556
562
555
563
550
540
537
528
535
537
537
531
529
532
536
536
526
526
521
526
524
525
524
519
508
508
504
500
485
478
477
478
480
489
485
494
494
496
496
487
482
490
489
497
509
512
512
518
528
521
519
516
516
520
523
524
526
533
535
531
528
525
525
528
537
545
549
531
530
527
525
520
514
513
512
514
510
494
492
491
490
486
485
479
484
477
477
475
470
466
467
473
468
467
458
457
461
456
444
443
453
459
468
469
466
479
482
483
496
499
496
489
488
495
495
492
492
492
496
496
497
491
499
510
516
516
521
516
519
518
529
527
534
537
529
528
531
523
524
512
496
501
499
492
497
486
488
486
486
484
482
475
475
477
484
479
482
483
488
489
493
494
493
495
493
489
485
488
496
501
501
500
498
503
509
510
514
516
503
513
508
497
502
495
493
490
488
475
482
492
492
491
490
481
485
486
477
475
473
465
459
460
453
441
461
455
460
466
463
463
466
476
476
465
470
472
475
486
485
484
487
489
492
491
483
484
485
490
496
501
509
511
527
539
538
540
536
537
543
540
543
549
549
554
554
559
561
566
563
562
560
562
554
553
557
563
564
568
573
569
575
579
589
587
594
588
589
586
589
587
588
590
596
601
605
604
600
597
603
596
600
600
601
605
615
612
615
609
611
605
598
592
585
590
583
582
585
583
591
593
596
588
594
588
580
585
597
588
590
592
592
598
603
606
604
606
602
603
600
592
595
595
591
585
585
580
577
581
582
587
592
592
592
598
603
613
615
618
622
619
619
629
624
625
621
618
618
626
619
619
619
621
624
622
628
638
629
633
630
623
617
611
607
601
609
613
611
615
626
623
617
622
621
625
620
615
607
619
626
639
639
634
637
632
649
641
634
632
632
631
630
633
632
634
633
627
634
626
626
628
632
635
634
632
629
629
621
617
612
615
621
619
616
613
607
610
613
617
622
628
625
623
622
625
628
625
625
624
628
624
627
631
625
618
622
631
632
638
641
641
650
659
661
670
669
661
664
661
656
660
661
658
657
663
649
657
661
653
651
646
646
645
644
642
643
638
632
630
628
628
614
624
627
636
631
628
622
618
614
617
628
617
618
628
626
620
622
624
629
628
628
628
630
629
624
628
630
630
623
630
631
633
631
629
635
646
648
651
652
646
646
649
648
645
642
642
639
643
637
640
634
638
646
641
641
641
639
630
636
642
654
654
663
674
677
675
678
683
679
679
676
678
677
674
667
665
663
659
664
654
662
656
659
661
669
675
669
669
662
662
664
657
662
665
663
657
651
643
641
643
647
650
650
644
645
640
635
637
640
640
641
630
632
637
643
648
649
658
658
657
643
641
634
635
626
619
621
612
625
631
639
640
639
641
644
641
652
654
655
660
660
648
645
645
652
657
652
647
662
660
673
670
672
675
667
675
675
677
667
652
646
641
639
646
646
647
642
644
641
639
642
644
648
646
657
657
649
651
652
651
650
652
653
648
648
639
633
629
628
632
631
637
629
624
621
625
624
622
614
616
622
608
605
605
608
609
605
610
605
608
610
606
610
612
617
630
630
634
628
626
624
619
611
613
618
629
633
631
622
614
625
631
637
647
640
633
647
651
649
655
663
665
661
660
665
665
658
661
652
658
659
656
655
658
666
666
671
678
675
663
673
671
670
668
668
670
673
677
677
676
685
681
671
666
661
664
659
663
658
657
663
661
648
649
650
653
655
658
667
659
661
663
656
651
652
649
649
648
653
656
656
665
673
673
670
671
675
680
675
683
677
674
676
678
674
672
681
685
676
683
678
680
685
680
677
668
661
666
663
670
678
678
676
680
684
676
677
671
664
661
662
662
678
676
673
670
665
665
653
647
643
645
640
631
643
635
637
638
629
633
632
626
629
628
620
621
629
631
626
619
620
624
614
614
598
593
585
581
578
583
582
577
571
576
575
582
579
582
581
575
575
582
589
589
581
575
582
577
570
566
573
568
570
564
568
571
574
579
576
578
588
585
587
584
581
589
588
591
589
583
584
583
584
572
555
560
563
560
552
553
570
563
561
545
545
548
537
544
542
539
536
525
531
531
532
534
541
544
541
551
556
553
558
544
539
551
549
540
536
534
528
537
532
531
532
545
547
553
542
539
544
550
550
546
553
554
549
545
549
550
553
549
546
539
535
534
534
541
543
547
553
556
551
552
562
557
547
554
552
545
546
553
558
548
544
541
534
532
538
546
541
540
546
536
538
542
541
545
539
541
533
534
533
525
517
522
524
524
532
535
536
532
534
540
541
542
532
538
527
513
515
518
516
521
514
510
503
500
502
504
510
505
510
513
511
510
501
502
502
500
506
509
507
504
504
506
513
512
512
515
522
527
521
522
530
531
526
516
519
530
527
518
527
527
530
544
537
546
541
544
548
544
554
556
551
552
539
534
547
550
556
564
564
558
542
538
545
545
552
550
556
560
561
567
558
569
559
553
562
559
558
563
562
569
565
576
576
578
572
571
563
569
573
577
572
579
565
574
576
570
570
569
574
572
576
581
578
588
584
576
572
566
570
570
566
573
582
582
586
581
575
575
579
581
585
586
583
584
590
596
607
603
606
607
616
618
618
610
615
605
603
595
593
593
585
583
579
580
581
579
573
576
577
587
590
582
587
585
583
574
570
564
576
576
572
562
562
554
565
563
558
560
558
550
558
560
557
554
553
551
545
547
551
556
550
552
557
555
553
551
547
544
542
544
549
543
553
558
558
554
557
549
546
552
553
555
566
561
558
558
567
571
574
569
570
566
570
576
575
587
579
592
589
590
586
580
570
573
581
580
578
577
570
575
585
585
590
590
588
588
582
587
583
581
577
570
571
571
581
576
573
570
565
561
564
558
567
569
561
561
566
563
560
549
550
560
561
569
572
576
574
580
575
577
584
590
595
587
588
584
578
577
572
581
584
586
586
575
582
589
587
584
590
596
598
591
591
591
592
586
585
583
588
590
596
598
604
607
606
615
607
623
623
623
623
611
611
618
621
612
621
630
640
643
647
643
642
645
643
643
636
639
649
646
638
633
629
636
649
646
647
650
656
644
645
652
654
651
645
649
643
638
634
631
626
632
625
630
641
638
633
633
632
631
626
622
618
619
621
627
632
630
631
635
640
641
628
625
620
621
619
608
601
607
614
609
609
604
606
608
603
590
592
592
595
598
590
582
584
585
575
581
587
592
600
596
595
592
598
601
595
604
598
601
605
614
612
615
620
623
614
623
633
629
625
618
623
623
629
628
624
621
624
620
619
615
627
634
631
627
628
625
626
632
635
636
636
635
637
639
647
653
654
654
654
650
663
661
667
663
668
667
676
685
682
683
687
693
694
687
683
677
672
666
664
660
648
647
643
644
637
641
649
649
648
643
644
649
647
639
635
633
629
646
650
655
662
664
664
661
663
665
657
661
656
660
653
651
648
648
648
647
637
636
636
640
633
638
634
635
644
642
632
633
633
627
626
632
627
631
630
635
638
641
644
656
650
652
653
653
664
666
664
666
676
666
662
658
661
653
657
656
661
663
671
671
665
667
657
657
659
657
654
655
660
668
663
661
660
647
647
654
655
653
655
665
659
651
654
650
647
656
654
651
650
651
646
654
648
653
653
650
651
654
660
653
641
651
655
660
667
658
658
659
651
650
651
649
655
655
659
669
671
673
667
669
676
669
676
674
677
678
668
672
666
664
647
655
660
667
663
661
661
660
666
660
654
657
661
658
654
652
654
654
648
650
635
634
634
632
630
634
634
624
623
612
608
600
611
610
603
598
598
601
603
601
600
602
606
614
610
609
610
617
617
611
605
599
605
607
596
597
601
603
600
601
607
604
607
604
607
615
612
603
604
599
603
604
611
614
609
603
604
612
598
604
604
602
608
607
604
597
594
600
598
595
585
580
582
585
579
581
574
567
557
553
553
554
563
563
573
565
564
562
555
563
555
554
557
558
555
551
550
553
554
549
550
551
541
535
534
537
532
529
530
538
546
546
546
549
539
533
538
543
551
556
560
565
565
569
565
562
559
560
562
562
563
569
563
574
582
577
581
587
580
590
581
587
589
590
590
583
588
592
590
595
590
591
590
587
584
595
593
599
597
595
593
588
586
583
580
577
573
574
580
583
584
582
577
576
585
581
581
578
581
580
579
581
580
573
570
569
568
574
580
578
583
575
576
580
587
586
587
584
581
570
571
571
569
573
567
565
572
573
570
573
567
567
570
578
575
579
570
564
563
562
565
564
564
560
554
561
565
565
562
574
581
585
580
579
587
586
590
591
585
580
576
576
589
590
592
590
594
599
603
603
598
599
595
590
597
603
600
600
599
603
604
609
596
592
600
599
600
595
596
604
609
600
590
600
597
599
604
603
609
608
601
600
605
615
615
619
624
624
635
624
627
624
620
619
620
618
618
623
618
613
610
606
604
606
604
606
608
614
611
614
604
597
600
597
597
595
593
586
589
587
586
582
578
582
577
584
583
582
587
583
590
582
582
580
577
585
584
579
584
587
591
597
600
605
606
613
621
615
615
613
619
621
617
615
616
620
625
627
626
620
611
616
610
613
611
612
613
620
612
610
604
593
588
596
593
602
599
609
625
620
612
612
621
619
624
624
622
633
634
636
630
637
638
631
630
639
645
653
653
655
648
649
652
654
655
655
649
649
650
648
650
656
658
665
665
663
669
661
652
653
650
641
640
629
624
623
614
612
610
612
603
607
611
599
605
603
598
599
596
614
604
606
596
602
594
604
597
585
603
608
606
612
613
616
619
620
613
609
613
616
610
617
621
622
619
625
619
621
620
620
607
611
607
596
602
600
597
592
599
590
595
588
586
589
581
579
582
584
578
577
570
565
568
570
567
568
572
569
565
558
549
556
556
551
545
551
546
543
547
534
529
533
533
538
535
539
538
528
527
523
524
518
514
512
515
511
524
528
533
530
538
532
528
522
527
515
512
515
522
522
514
513
505
519
512
516
514
516
520
528
532
537
522
514
515
512
509
505
507
490
496
496
501
500
499
499
491
487
485
479
486
482
484
485
488
492
496
489
477
477
481
483
480
484
483
472
471
477
476
474
469
459
467
476
479
473
474
475
470
469
467
460
457
456
461
465
472
471
470
469
469
471
476
483
499
499
502
507
505
513
513
516
518
515
523
527
519
506
511
515
527
526
532
535
543
541
542
551
549
545
550
550
551
551
548
551
558
562
566
567
572
570
577
578
589
594
587
584
589
595
585
586
580
579
575
570
572
566
572
570
584
577
574
583
580
595
589
582
579
586
590
584
586
577
578
575
583
590
601
610
613
610
608
609
615
608
619
619
614
604
604
601
596
591
595
596
592
599
588
589
587
587
586
590
590
590
592
600
598
590
594
596
592
590
584
581
583
585
583
585
584
569
579
582
582
578
583
580
579
581
578
580
575
579
577
574
579
584
588
591
588
590
589
589
584
588
586
579
578
579
578
582
574
581
586
579
571
570
572
573
575
572
574
574
573
556
550
550
547
551
555
553
550
545
548
539
536
527
530
538
533
529
521
526
529
534
541
535
543
550
546
544
538
532
536
535
534
540
537
543
548
549
542
539
548
556
559
558
556
554
550
556
556
555
555
553
547
553
555
555
558
558
550
550
556
552
544
548
538
535
529
520
517
517
520
516
509
507
509
513
511
512
511
516
518
525
521
530
533
526
512
524
533
529
523
516
515
528
529
525
524
515
513
524
509
504
501
497
501
497
491
493
486
484
487
488
482
482
476
478
477
483
480
467
466
470
463
476
470
476
474
470
466
468
471
473
476
469
465
461
455
458
456
453
452
448
451
446
447
459
455
457
455
457
464
469
467
464
463
465
450
452
451
456
447
438
432
433
437
446
450
456
450
443
440
444
439
440
450
455
446
451
454
456
458
460
465
475
477
472
482
470
467
467
473
467
466
470
475
476
475
479
474
466
463
461
465
464
464
466
466
465
472
470
469
468
465
469
468
469
465
466
468
470
473
485
485
482
490
497
493
488
479
488
481
479
484
482
475
471
473
475
474
462
467
469
467
464
463
461
460
465
469
472
471
470
462
462
481
480
478
484
485
489
491
484
485
485
487
481
486
491
496
494
491
494
501
511
513
511
517
521
520
519
523
517
521
527
519
510
511
509
511
510
507
500
501
496
500
502
505
510
507
504
498
496
497
498
495
496
498
495
488
491
486
495
496
492
487
491
488
492
492
502
500
509
513
516
509
513
506
506
498
500
501
499
501
507
505
496
492
493
500
503
498
494
509
511
507
512
510
515
522
524
522
534
535
536
537
535
539
541
539
539
542
540
547
545
547
548
547
544
542
535
544
542
548
547
533
539
535
541
551
546
542
543
546
546
550
559
567
576
570
560
560
558
554
561
559
556
562
556
558
553
553
560
568
553
552
554
549
549
544
547
542
543
537
528
530
534
538
544
543
543
530
534
523
530
536
533
535
540
545
540
543
545
551
546
544
543
538
529
528
526
528
524
514
523
519
518
523
533
536
529
528
531
534
543
531
533
533
531
523
518
520
515
506
511
506
512
520
517
513
510
505
510
504
502
500
501
505
496
506
493
492
486
485
482
482
486
492
488
489
487
487
492
492
485
484
488
492
488
498
495
491
494
486
491
487
485
489
483
486
480
487
482
479
473
479
480
475
471
473
469
481
483
478
484
486
487
492
486
490
483
479
478
474
471
469
460
459
457
449
444
446
440
442
450
454
449
438
448
439
434
437
431
437
428
432
432
437
424
430
433
438
436
436
444
439
443
439
446
449
452
451
456
463
466
470
473
473
473
477
482
478
484
489
501
494
493
486
482
492
502
507
511
517
520
516
519
520
519
517
511
501
499
502
506
507
504
506
502
494
498
488
485
480
483
492
497
498
499
498
495
493
493
496
499
497
494
504
509
516
519
524
523
527
520
524
525
526
534
535
540
538
538
536
543
536
537
537
535
540
539
540
541
551
552
548
550
550
553
554
557
554
561
569
577
589
588
588
588
584
574
575
573
573
577
576
566
571
567
568
571
579
575
566
569
561
552
558
564
568
573
575
575
576
573
570
575
590
594
579
584
580
577
584
590
576
579
584
589
589
593
597
591
592
600
609
610
607
600
604
600
600
605
608
605
604
606
593
596
596
601
602
604
608
605
610
610
611
607
611
610
614
611
614
610
604
614
608
608
616
611
594
590
587
584
580
574
578
571
566
573
575
582
575
569
562
565
566
567
560
555
551
542
543
541
544
543
541
537
538
543
549
541
537
534
538
535
531
539
538
539
541
533
530
532
524
519
509
499
507
508
513
519
519
528
535
533
536
548
540
538
546
550
546
557
555
559
559
562
569
574
561
561
565
558
553
554
549
554
540
535
533
536
532
535
532
531
533
536
526
518
519
516
516
517
510
507
509
509
510
507
508
503
505
495
496
494
501
505
512
517
524
535
543
544
541
546
544
541
539
535
534
525
533
526
528
528
533
536
531
536
537
541
537
523
519
518
514
519
520
525
527
532
533
533
529
529
533
532
530
532
524
523
526
517
513
513
515
501
496
495
497
497
496
490
480
475
473
472
477
471
473
481
480
469
474
470
471
466
470
461
455
463
463
453
458
463
456
457
465
464
451
460
460
459
447
445
441
440
432
434
433
434
440
440
439
449
442
438
438
442
442
434
435
436
435
440
449
446
444
448
442
435
436
439
435
427
425
425
424
430
419
424
418
420
419
412
415
425
413
409
402
395
412
413
404
409
404
405
407
405
396
392
393
391
392
387
389
388
385
380
383
391
387
397
397
402
401
405
402
406
412
414
415
418
426
428
432
432
437
434
432
440
443
447
450
445
457
453
449
453
450
457
464
466
462
456
456
460
453
449
442
444
433
432
429
424
423
419
414
418
416
414
410
411
409
401
412
405
403
398
409
412
413
412
413
410
419
419
417
413
417
409
404
399
402
404
402
403
406
399
399
400
400
398
397
396
388
387
391
387
390
401
397
393
396
398
405
408
409
408
406
412
410
407
402
404
410
413
416
411
415
418
408
406
401
402
403
403
406
403
406
413
412
409
413
416
420
418
406
406
395
388
382
376
367
366
362
356
365
363
360
353
362
357
353
342
338
338
340
342
343
340
333
338
337
342
336
345
337
343
338
329
328
333
326
322
324
325
329
332
328
331
326
321
316
324
316
323
326
321
323
312
315
316
322
326
331
321
328
323
320
321
321
320
322
328
330
337
343
344
339
339
333
332
331
342
345
349
349
346
344
346
351
350
344
347
345
350
349
344
351
353
353
353
355
358
358
365
369
361
351
349
349
347
343
346
350
366
361
363
366
362
360
352
354
346
341
343
344
353
357
351
344
343
342
338
337
338
332
333
333
334
331
331
339
345
350
352
355
357
354
355
359
360
357
355
359
359
361
363
356
350
343
338
337
340
333
331
343
352
363
353
349
351
349
354
361
361
357
353
351
350
360
362
369
369
370
361
363
366
367
378
373
368
357
355
356
357
359
359
355
367
365
364
363
371
381
393
387
394
396
391
383
385
386
387
383
384
388
381
378
383
390
400
386
386
379
377
380
381
378
370
372
365
366
367
370
370
370
372
365
368
374
377
381
370
376
374
370
366
368
366
376
381
377
379
383
377
372
376
371
365
357
348
349
336
340
338
326
326
320
330
333
332
331
322
319
314
312
313
311
303
294
288
288
290
283
302
302
312
309
304
307
314
325
326
326
320
317
314
316
320
320
321
323
325
316
321
331
326
331
327
324
320
318
310
314
312
324
316
305
299
297
297
303
301
299
300
302
298
299
298
305
309
314
317
322
312
314
316
320
315
306
308
309
306
301
310
310
315
318
326
330
343
340
341
344
337
341
343
344
347
341
353
351
343
349
345
343
341
346
349
346
348
344
350
351
346
348
350
347
356
350
352
354
360
369
361
357
355
349
350
352
358
363
358
351
351
349
353
346
353
345
342
336
340
346
346
342
347
343
338
341
337
333
334
335
335
327
326
319
315
315
322
325
322
325
330
323
313
306
315
314
309
314
317
312
331
330
316
312
320
325
326
327
332
331
336
336
352
352
356
356
358
357
347
344
348
342
336
346
352
344
342
346
350
348
337
338
340
343
335
337
326
323
328
327
330
330
326
333
332
343
342
343
346
347
353
353
360
362
368
367
371
376
380
379
376
380
376
372
371
365
360
367
359
352
360
356
356
356
351
359
349
343
341
334
331
330
327
328
334
333
330
331
331
336
346
350
350
357
348
341
344
344
342
336
338
330
333
320
318
323
313
309
313
320
323
319
324
326
309
297
294
303
311
317
311
311
307
306
295
281
277
283
285
285
290
289
293
296
293
293
294
286
287
296
298
298
306
309
311
314
310
303
308
299
307
306
319
315
308
305
312
312
307
309
314
319
321
328
331
330
336
344
336
332
341
341
337
341
338
337
336
336
345
347
352
355
361
348
348
347
343
339
345
342
361
345
338
333
337
334
337
336
330
329
336
330
332
334
331
332
331
328
335
333
336
329
315
307
298
292
292
292
305
314
314
312
302
307
306
314
315
310
317
315
319
326
323
312
308
304
296
301
305
307
298
309
308
312
308
314
313
321
317
313
307
308
295
288
296
304
302
304
306
295
294
293
293
283
288
282
282
279
275
272
258
258
265
269
271
269
262
268
267
265
268
265
259
264
265
262
266
263
260
249
238
240
247
245
253
255
256
264
263
255
264
262
270
272
279
286
284
293
291
298
290
295
303
305
307
306
308
308
323
328
330
332
338
347
347
347
350
349
343
349
350
353
357
352
351
345
355
360
361
360
354
353
349
353
351
341
349
354
358
360
354
349
358
353
359
357
362
354
353
356
351
347
348
353
358
360
361
358
362
371
374
381
383
387
388
389
383
382
382
387
390
391
385
388
387
387
395
400
399
396
398
394
386
382
379
374
367
367
379
380
378
382
380
379
387
378
384
382
388
384
389
395
389
396
400
408
416
416
417
410
416
415
418
414
414
420
418
419
414
408
391
394
408
407
395
389
390
386
380
376
377
382
393
398
407
405
403
394
390
395
406
409
410
417
420
416
413
411
415
416
413
416
410
410
409
407
412
410
408
410
412
411
410
408
415
408
394
397
389
395
397
404
404
406
402
394
395
393
400
404
398
392
393
398
413
419
425
422
417
408
401
410
407
404
402
393
391
390
382
380
384
378
375
378
380
386
379
374
378
390
393
398
397
398
391
387
393
392
380
383
391
386
379
378
367
364
371
374
377
371
368
365
362
356
359
356
357
355
361
359
347
346
348
341
340
331
326
317
320
322
316
312
317
324
323
325
329
331
330
320
321
330
345
347
351
345
353
348
340
345
345
359
357
351
359
356
351
351
352
357
369
373
377
370
371
375
376
381
370
369
373
368
362
361
358
355
342
355
358
359
357
354
352
358
360
361
361
351
347
351
353
352
364
370
359
360
351
349
348
347
355
356
355
356
356
354
351
357
352
358
363
364
361
363
363
358
362
359
361
358
357
366
371
367
372
374
377
381
379
375
374
374
366
367
363
356
363
350
344
357
354
349
351
356
355
357
355
349
353
344
342
341
345
344
344
351
358
356
356
363
364
373
380
369
366
366
369
364
371
378
369
348
346
357
364
365
368
370
377
375
367
364
362
369
370
377
372
374
375
372
372
387
382
387
390
398
401
402
396
402
399
400
398
397
404
398
391
389
379
368
367
369
370
366
370
376
373
376
381
387
377
384
373
377
373
378
380
383
381
380
381
368
372
372
366
365
362
357
360
368
379
375
374
377
370
361
360
366
371
372
370
364
357
357
348
349
348
341
345
339
339
340
335
330
338
341
332
337
346
360
368
373
366
366
382
383
386
387
384
369
368
368
358
358
367
364
358
350
340
339
337
329
318
314
312
312
313
325
327
327
318
307
294
287
294
295
294
290
284
291
283
283
277
284
289
281
282
280
283
280
289
289
287
284
278
286
285
277
273
267
269
276
270
270
264
264
263
262
266
278
282
274
273
278
269
275
275
277
270
272
282
281
281
279
285
284
276
280
281
281
270
271
273
269
273
277
280
278
270
270
271
273
271
265
274
268
266
271
277
273
271
274
281
283
274
271
265
259
255
251
254
263
261
258
256
247
235
241
242
250
243
236
239
236
237
240
238
243
248
243
243
240
241
236
230
227
221
225
232
236
248
257
255
262
269
259
262
257
255
259
264
266
264
275
265
260
267
265
264
272
271
272
267
270
262
260
257
252
258
252
248
248
245
243
247
241
239
236
235
225
235
234
240
243
253
257
252
244
250
246
238
241
234
238
238
224
224
236
246
249
249
258
268
266
272
273
281
281
292
286
284
288
279
287
288
288
291
292
292
297
296
288
298
298
300
301
299
305
299
297
299
305
309
316
321
326
328
330
333
336
336
337
332
340
348
344
351
346
351
356
366
368
362
358
354
346
348
340
334
335
343
344
348
348
343
341
343
336
334
343
328
324
334
335
341
328
333
336
329
317
312
313
293
289
301
295
288
288
290
288
288
295
292
290
290
289
298
301
301
301
295
294
299
292
294
301
303
297
296
297
294
290
293
292
298
298
305
300
303
299
301
302
306
304
303
305
299
297
296
291
292
293
296
289
284
284
286
286
292
287
288
288
293
291
280
280
283
280
288
292
301
306
297
288
275
275
273
272
274
271
274
270
276
273
279
284
276
273
270
270
259
263
261
259
262
255
263
251
253
261
253
256
261
259
260
261
256
264
269
262
268
273
279
286
289
297
291
283
275
275
274
274
272
266
270
265
271
276
281
290
287
288
284
276
275
286
285
286
286
283
284
286
291
291
292
293
298
305
302
306
310
310
312
313
310
311
316
317
323
329
317
318
318
317
322
323
327
327
329
323
340
341
326
326
327
326
327
319
314
303
301
303
303
304
306
297
299
310
311
309
312
308
302
305
298
302
308
302
297
296
291
289
284
277
287
290
289
287
284
292
297
305
300
302
299
305
297
303
307
312
304
304
307
317
312
316
306
295
293
293
288
288
286
277
288
283
283
287
289
285
284
281
292
291
292
291
284
279
285
281
286
284
288
277
274
276
276
282
282
281
282
279
278
270
272
280
274
273
274
273
261
260
258
258
256
250
252
248
252
245
233
237
233
237
225
226
213
216
226
227
226
228
217
217
219
219
220
228
234
237
234
236
229
224
229
230
235
234
230
232
233
225
221
225
219
218
222
219
221
222
216
220
225
224
234
231
231
228
234
236
237
239
236
243
242
247
245
244
245
247
244
242
232
234
239
244
238
232
227
232
241
243
241
242
235
246
234
236
237
235
228
235
230
228
230
233
234
247
252
248
247
249
243
243
239
233
242
244
248
249
235
241
240
243
245
245
246
237
238
245
244
243
236
236
242
231
231
227
241
233
231
232
241
231
235
239
238
236
231
226
226
228
237
232
232
239
244
243
235
229
225
233
228
228
231
226
223
222
223
221
223
229
232
233
241
240
247
251
242
244
239
234
228
230
235
236
227
232
227
226
239
241
244
240
243
246
248
243
250
255
253
242
240
244
243
242
248
253
244
247
248
252
261
259
250
254
254
260
253
256
257
258
266
266
272
271
280
277
278
273
277
272
275
273
265
250
242
232
232
231
230
232
232
227
234
244
240
233
237
242
243
245
231
226
226
221
228
232
230
224
224
228
229
235
231
227
227
227
234
242
248
243
241
239
243
247
243
244
237
232
226
220
221
217
216
216
214
207
213
214
209
218
216
210
205
202
204
209
207
203
196
192
197
188
190
191
190
190
196
195
190
185
189
201
199
203
199
192
186
186
186
188
186
173
168
170
160
165
166
166
165
167
175
179
180
178
175
170
169
173
172
171
179
185
185
191
195
205
209
214
220
219
218
226
226
227
223
223
226
224
219
225
221
212
203
210
205
205
201
204
199
204
200
201
203
200
204
202
193
206
198
195
190
185
183
193
192
197
205
203
213
217
213
223
224
228
224
230
229
230
235
229
236
240
243
243
255
253
248
242
241
231
239
232
243
242
243
237
247
250
256
255
245
258
258
252
241
245
240
243
243
239
240
234
237
238
241
245
249
252
254
263
271
269
275
277
278
282
274
278
284
284
280
282
281
271
272
271
270
271
268
270
275
276
282
285
281
284
285
278
273
267
268
275
278
276
277
279
278
281
283
290
283
288
286
280
278
287
289
281
281
293
292
288
288
291
296
294
294
293
293
302
299
302
302
299
296
298
289
295
289
283
274
278
275
275
277
281
279
282
285
289
295
289
287
288
291
291
290
292
290
302
312
303
309
310
303
311
310
320
315
309
305
294
290
287
284
292
297
290
288
290
289
295
298
286
291
293
294
301
306
310
314
323
312
316
312
320
324
330
330
321
329
339
335
333
341
342
342
340
343
350
351
344
344
340
339
339
339
334
329
331
320
318
325
329
337
340
334
330
332
328
327
329
326
327
315
307
304
306
305
301
305
313
312
313
307
316
323
319
330
334
331
328
329
323
320
316
310
312
323
317
314
314
317
315
312
307
308
312
316
318
315
318
315
312
312
307
308
306
300
313
310
318
313
310
301
304
298
292
289
285
286
284
275
279
275
273
281
276
278
286
290
282
278
277
272
267
269
276
270
273
278
280
284
289
292
286
296
294
294
294
292
285
278
274
272
273
269
271
260
263
265
271
271
282
274
261
263
259
257
258
263
270
274
270
253
257
247
250
252
267
260
257
261
254
253
257
256
259
262
261
256
254
254
256
248
239
249
252
250
248
250
250
249
246
251
250
247
248
245
247
249
244
244
244
236
231
225
225
228
226
234
242
255
253
260
265
258
267
270
275
276
274
270
269
263
276
272
275
280
276
273
280
284
288
285
280
280
285
284
283
282
294
297
303
294
293
293
300
311
317
317
316
321
329
326
333
346
351
345
353
359
356
352
348
342
340
341
337
342
349
352
344
342
348
336
338
343
341
341
339
338
337
337
334
333
332
336
333
335
339
336
344
349
350
348
345
347
344
344
347
354
357
364
366
371
376
366
361
361
357
352
351
355
355
360
356
351
352
370
379
396
391
393
400
392
396
400
405
408
402
408
404
400
407
418
418
410
404
409
413
408
398
403
404
409
410
412
406
407
405
409
412
411
422
417
416
409
409
412
405
412
417
423
418
406
412
417
415
413
415
418
426
425
416
422
432
440
438
448
447
442
436
433
437
444
443
443
437
430
424
416
416
406
406
403
395
399
398
392
394
394
403
398
389
378
369
369
364
354
357
364
369
372
378
379
374
370
357
363
369
380
379
385
381
381
383
385
386
388
387
391
394
395
393
390
389
388
389
390
391
389
390
394
399
402
398
398
406
409
409
412
409
405
405
403
407
401
401
405
405
404
403
392
384
383
379
383
382
374
365
362
369
373
375
382
380
376
371
378
379
387
389
387
385
401
400
402
396
394
397
391
398
402
403
407
405
397
401
409
406
412
410
405
410
401
403
395
382
378
380
377
367
364
358
351
350
352
354
359
360
352
356
366
368
374
367
378
376
386
380
384
387
400
403
401
390
393
405
413
408
408
408
401
402
395
399
396
389
387
387
374
376
366
368
362
361
364
382
379
378
378
376
373
382
384
384
383
381
373
366
367
374
363
368
369
366
362
361
364
363
361
357
368
367
362
366
372
356
356
353
358
361
351
355
354
353
351
360
360
369
363
359
360
360
351
347
349
345
344
344
343
341
342
338
337
335
333
332
339
342
343
345
336
335
333
341
346
345
346
353
346
345
340
340
338
330
336
339
343
339
330
331
331
332
339
340
353
350
356
357
356
357
352
353
346
345
348
346
349
353
355
356
353
358
356
346
346
350
352
361
365
359
365
364
361
353
357
357
365
372
386
383
370
374
371
375
368
372
370
368
369
370
373
378
379
380
377
382
377
377
383
381
368
363
366
371
374
377
385
380
381
381
376
382
382
379
383
375
374
376
375
384
375
377
377
375
377
370
366
370
368
378
366
369
379
381
378
378
374
372
366
374
380
385
375
384
381
380
379
378
374
372
363
368
367
355
351
353
344
348
350
354
355
348
349
350
346
345
365
371
374
377
374
379
382
389
396
388
386
389
394
395
397
392
398
398
394
394
398
395
389
387
381
374
371
382
382
379
385
379
374
363
366
365
362
364
364
369
365
370
361
364
360
348
351
346
343
336
326
330
341
336
335
328
328
326
331
323
319
320
309
307
308
313
316
316
315
311
305
310
309
312
318
331
332
328
327
318
318
302
299
294
295
303
303
308
318
312
319
320
322
313
307
312
323
321
327
327
334
333
325
335
333
346
348
342
348
354
351
355
352
356
361
362
365
364
352
352
354
348
361
358
355
355
350
356
362
364
370
371
363
362
368
359
360
362
365
356
357
363
374
370
368
378
381
384
389
390
383
383
375
382
383
373
380
383
379
385
386
382
382
389
391
386
386
389
374
380
388
400
413
418
415
410
410
412
422
417
410
410
411
411
410
413
421
418
425
431
435
436
444
455
449
448
456
454
453
451
461
455
451
457
466
475
477
473
476
483
491
489
489
488
492
493
487
487
488
490
479
480
479
479
481
486
478
480
482
479
474
483
485
491
497
494
495
499
496
506
510
512
506
516
518
519
513
515
522
511
519
528
537
540
547
541
540
550
544
550
540
545
542
536
539
530
527
522
519
511
513
513
521
515
508
508
508
504
503
501
496
494
499
493
495
498
502
495
504
514
512
522
526
528
511
512
513
508
520
523
528
534
533
544
553
547
541
545
539
541
534
535
537
533
535
534
534
544
542
538
537
533
530
528
525
521
521
519
520
522
516
519
523
522
531
530
535
549
542
551
556
557
556
560
561
566
561
560
561
561
564
567
569
561
556
551
553
539
541
541
539
540
535
532
534
533
533
533
539
534
540
533
539
536
539
544
554
545
545
544
548
544
549
539
530
534
532
528
529
523
522
518
513
514
512
520
520
535
534
536
529
526
522
525
530
533
542
539
544
542
537
537
535
543
551
550
551
554
561
554
556
553
554
554
557
561
569
569
570
570
570
574
578
584
583
592
589
589
589
587
582
580
571
567
560
544
552
550
551
550
555
560
569
562
557
554
554
554
542
549
552
544
548
547
546
547
548
544
538
540
536
532
529
531
536
544
548
549
550
549
565
564
549
545
544
551
558
555
554
543
545
548
542
542
540
533
528
526
516
517
517
514
519
518
503
498
500
499
489
489
498
490
485
488
491
496
498
496
500
502
504
497
499
492
499
506
502
497
494
505
510
513
513
518
527
521
516
525
525
523
520
516
531
533
528
531
522
512
507
520
531
528
522
527
527
524
525
520
523
520
526
533
535
535
532
529
528
533
538
532
529
529
525
524
529
530
539
542
539
538
551
551
545
550
555
550
547
542
532
539
541
551
544
543
542
536
535
528
542
540
545
541
548
554
560
556
563
565
565
569
564
556
556
554
563
558
559
560
558
567
565
567
563
560
563
570
570
563
563
557
558
559
556
566
566
562
558
554
554
558
561
563
556
554
564
574
570
568
567
570
564
565
557
563
557
549
546
546
546
547
544
539
544
541
547
545
548
550
548
561
565
567
570
568
569
564
566
563
559
560
561
571
579
571
568
567
570
566
565
558
554
552
545
543
550
553
560
564
555
552
554
552
554
561
560
573
579
575
577
582
583
586
591
591
586
590
582
585
595
597
603
602
606
609
601
592
589
582
595
594
606
608
620
624
619
634
632
627
624
625
634
641
641
649
641
641
634
645
642
649
647
635
625
631
627
625
620
620
623
621
624
623
615
620
625
628
628
619
608
617
619
620
624
617
625
627
629
635
628
634
639
634
624
624
617
619
615
607
602
597
604
616
619
620
623
615
613
613
607
604
612
620
624
622
626
630
625
624
616
619
626
628
623
619
622
622
623
632
631
635
646
636
647
654
655
660
662
654
644
656
655
649
650
636
640
637
632
628
630
636
635
645
643
649
640
630
626
620
622
620
620
614
615
611
611
616
616
614
610
614
619
616
624
633
640
639
636
634
640
630
623
626
613
619
624
628
633
633
628
628
638
636
633
628
623
625
618
624
619
620
627
632
624
622
618
619
626
620
618
625
623
637
644
644
641
648
640
643
641
651
659
662
653
655
664
669
671
666
664
665
666
667
664
659
654
652
653
657
665
664
654
644
635
640
640
641
637
634
636
635
629
630
620
610
617
606
601
600
599
597
598
595
611
614
612
603
603
608
596
598
585
581
581
582
585
589
593
601
603
624
618
617
617
619
617
611
619
612
611
607
611
619
622
623
619
621
611
605
610
603
600
603
587
587
594
587
581
586
587
591
587
586
590
584
588
583
582
576
580
581
586
579
583
593
588
589
599
607
610
610
604
609
604
596
606
605
601
602
605
601
605
608
603
608
602
609
601
611
623
626
625
627
617
620
629
625
619
614
610
618
616
614
610
611
617
614
615
615
613
610
609
611
606
609
605
611
607
608
605
601
595
599
609
614
613
614
613
614
626
618
617
624
623
627
622
624
613
612
616
609
600
609
607
607
608
609
603
599
598
599
603
598
606
599
603
605
606
597
596
597
587
586
584
584
588
592
585
578
578
577
566
560
558
554
550
548
550
553
548
550
548
543
548
549
552
548
560
556
555
558
563
563
558
558
560
560
559
564
560
561
556
562
564
560
561
570
567
567
561
571
571
565
570
576
572
574
564
563
560
563
562
566
563
572
577
576
573
583
584
587
592
599
611
599
598
600
594
595
597
589
588
588
590
585
590
586
589
585
579
583
591
595
587
587
576
581
590
581
577
571
573
573
577
579
591
587
585
582
583
576
575
577
576
579
580
574
576
577
576
576
575
577
568
571
573
568
570
560
560
565
573
577
582
578
583
575
572
559
551
549
547
547
546
543
558
557
560
568
562
556
560
560
569
582
583
578
574
574
575
576
568
565
568
570
576
575
582
591
594
592
585
592
601
603
602
598
596
596
596
609
615
610
607
613
607
610
613
608
619
610
611
611
599
594
588
584
578
583
588
595
603
605
605
598
598
596
595
590
583
585
580
580
575
571
576
573
576
577
570
568
572
569
568
577
571
570
575
570
567
560
563
562
576
571
573
575
577
584
576
578
575
578
580
583
579
586
590
596
597
597
588
586
592
599
591
596
598
594
598
594
592
588
581
586
583
586
585
592
589
596
595
596
605
610
613
612
616
606
605
607
607
596
591
589
585
586
590
590
598
599
593
588
596
596
595
601
593
591
596
598
596
603
599
599
600
602
608
604
605
600
600
600
602
595
587
592
592
600
601
606
607
600
596
588
593
589
591
590
606
606
603
604
606
607
600
607
610
609
612
607
618
626
623
620
614
614
611
611
608
601
601
614
608
610
607
615
633
634
633
631
629
622
626
624
624
625
625
620
620
615
612
617
620
616
616
612
609
615
608
609
606
604
610
611
606
606
602
606
608
607
611
614
607
623
623
622
621
628
626
625
633
630
626
631
627
635
629
636
633
628
630
625
627
628
618
618
616
620
629
631
641
646
644
643
639
652
652
652
638
648
656
659
650
649
649
649
656
664
661
662
665
673
671
668
663
657
657
660
660
658
663
659
663
668
668
656
649
656
656
660
662
666
670
665
661
661
657
658
663
670
671
661
663
660
659
661
664
658
659
667
670
667
659
655
659
652
662
657
651
664
660
655
659
650
641
638
639
646
655
656
660
655
647
661
656
659
657
662
661
664
656
652
653
664
660
662
660
660
647
642
641
632
640
634
639
643
638
635
626
620
624
634
634
640
638
630
624
627
635
638
629
635
637
644
640
632
630
634
640
645
645
658
658
654
658
652
656
661
660
670
677
675
675
670
666
666
665
660
654
665
669
665
658
652
644
645
648
653
660
666
663
660
651
650
654
644
645
650
648
642
645
650
650
658
643
640
648
658
662
660
658
664
653
653
651
660
659
660
657
661
658
667
665
658
661
660
662
667
662
661
663
665
673
665
669
666
667
668
675
678
672
665
673
675
685
685
686
698
694
695
701
710
713
724
729
732
727
721
721
717
715
715
710
715
720
723
728
729
729
726
725
725
724
724
714
715
715
721
721
724
725
726
722
718
715
712
713
709
709
707
696
698
703
707
705
702
705
707
701
696
695
696
698
699
696
692
699
689
697
697
697
699
705
696
692
688
684
686
691
690
691
688
687
679
673
666
661
666
660
655
657
655
658
649
645
647
639
644
648
646
648
643
650
642
636
648
647
642
642
647
656
663
663
658
669
674
672
668
660
656
659
664
660
662
671
672
673
673
670
664
660
648
647
642
645
650
654
658
653
664
670
670
668
666
660
669
681
680
680
683
688
688
689
685
683
684
677
679
683
682
683
679
673
671
666
664
672
669
667
662
662
658
654
652
656
654
650
657
661
656
654
658
659
665
665
668
664
650
648
652
658
657
659
658
666
676
675
682
681
684
686
689
687
692
691
687
688
680
684
686
676
676
678
689
686
679
677
674
669
667
654
652
652
652
646
638
627
629
637
633
646
639
632
632
641
638
643
642
650
643
649
649
654
655
651
661
652
655
647
654
660
661
658
655
649
651
653
657
658
660
657
651
642
644
649
640
637
641
646
642
645
639
644
650
653
662
659
655
653
663
652
652
649
655
651
649
645
645
643
645
650
637
641
637
634
626
632
634
630
633
633
629
631
629
628
623
619
618
613
610
603
611
616
612
615
610
608
612
615
608
616
608
612
615
606
601
605
599
601
605
608
602
594
593
591
591
590
586
590
587
585
577
571
563
562
569
574
576
582
575
562
566
556
548
551
537
535
534
524
512
509
517
517
510
516
515
518
517
524
522
521
519
520
523
522
515
521
532
537
528
535
527
530
539
537
531
529
523
520
514
502
500
495
497
500
510
514
520
526
526
522
518
522
510
507
508
508
508
506
505
509
506
505
508
518
530
527
537
540
537
532
524
518
512
522
518
526
523
525
524
523
525
518
528
529
527
532
531
532
534
539
537
541
544
548
555
553
548
552
557
553
550
561
564
565
568
573
569
575
575
583
586
582
580
570
575
583
577
577
575
571
574
568
570
575
581
589
581
583
579
570
565
570
575
566
556
561
561
561
566
573
576
580
577
580
582
583
584
588
584
573
565
568
559
555
555
565
569
570
572
567
570
566
564
567
568
571
580
583
575
579
591
593
587
583
579
571
564
559
558
550
551
548
546
553
551
550
541
544
538
539
544
541
542
545
543
536
532
537
537
547
535
540
541
538
536
534
539
539
550
559
556
565
559
555
553
559
557
553
554
556
558
562
566
564
571
578
569
567
563
566
563
569
572
570
562
565
564
564
550
549
547
536
538
543
552
556
563
562
566
572
571
571
572
568
575
578
584
577
585
580
579
582
584
580
578
587
588
592
591
592
602
603
595
590
588
581
581
588
595
593
590
600
596
592
594
593
593
593
586
578
586
590
589
596
602
602
590
590
593
591
584
577
576
573
558
560
556
552
555
564
560
569
559
562
575
580
570
574
572
566
574
583
580
580
586
583
572
567
560
558
554
554
557
558
565
562
564
567
561
570
573
566
564
572
566
572
566
575
575
567
563
560
550
538
542
543
548
546
538
524
521
517
519
516
518
516
510
505
507
501
504
513
520
504
493
495
496
508
504
500
501
497
502
508
517
523
528
529
533
536
538
536
536
532
533
525
527
525
528
533
539
542
538
545
537
542
545
538
542
543
555
547
555
555
562
568
566
560
565
565
566
567
570
567
577
576
575
573
580
576
576
578
579
578
565
561
566
566
572
573
573
567
568
569
569
565
567
572
569
566
555
551
558
556
549
549
555
554
566
562
565
561
562
558
554
560
570
574
564
571
567
569
568
574
575
574
586
584
577
586
594
581
578
582
588
596
591
582
579
583
575
573
569
563
552
555
551
543
545
552
547
543
548
554
552
548
554
557
551
552
566
571
577
585
579
581
577
572
563
566
559
554
556
553
556
555
553
553
559
571
568
572
576
576
564
573
575
569
568
573
574
573
564
562
554
556
556
549
558
563
560
567
576
565
559
568
574
576
570
572
573
573
566
562
566
559
557
552
546
550
551
555
543
546
549
552
540
535
536
537
527
525
528
524
528
515
516
518
526
523
523
536
539
537
538
541
546
546
544
533
532
533
530
541
535
532
529
527
532
536
531
528
530
524
529
529
529
528
530
533
539
541
540
536
544
544
551
544
541
542
544
535
534
532
531
531
538
531
536
539
548
544
549
554
551
548
546
551
544
538
532
527
531
535
537
531
538
534
530
537
535
532
524
529
531
527
527
524
525
528
534
530
528
533
535
526
529
534
536
536
540
536
533
528
533
529
532
532
530
533
539
540
549
550
550
550
551
555
557
554
561
564
561
555
551
554
559
559
561
565
566
568
571
572
581
584
578
585
584
578
574
579
580
582
583
580
575
580
580
570
569
576
578
574
575
572
566
562
564
556
557
549
554
545
540
543
544
543
540
536
532
524
528
536
538
529
527
521
524
515
515
519
517
513
517
514
508
498
502
500
499
487
472
482
474
473
468
464
466
466
466
468
464
462
470
469
478
470
468
474
483
486
496
499
499
487
483
490
485
481
476
473
468
460
465
464
466
468
474
477
478
474
476
474
472
475
479
468
468
461
468
469
474
462
460
459
456
460
471
472
478
474
465
463
463
462
455
463
453
444
453
462
464
464
461
456
458
451
463
456
462
456
456
461
465
461
466
466
465
463
469
461
465
454
457
457
454
451
450
446
440
450
446
444
443
437
434
446
443
437
445
445
445
442
455
456
456
444
447
444
437
430
431
433
430
428
423
427
438
441
440
438
431
434
426
435
444
436
436
437
435
435
447
445
451
442
446
451
457
458
450
446
451
454
451
445
460
456
458
456
449
458
454
449
450
448
457
462
459
459
464
464
471
477
482
473
466
466
468
472
473
459
455
455
453
458
451
451
448
443
436
424
422
419
419
417
426
419
421
412
407
398
402
400
407
398
399
404
404
404
402
402
400
406
393
399
398
395
391
392
391
386
389
393
392
396
402
404
413
414
412
410
417
421
424
424
426
430
420
414
414
419
414
417
417
420
429
432
431
434
441
440
433
436
439
450
449
447
440
441
441
425
416
416
414
415
412
421
423
427
433
436
442
445
444
444
435
429
429
435
430
435
423
428
425
420
407
400
403
399
399
400
401
390
393
386
387
385
391
397
397
403
395
385
388
391
392
395
405
395
387
389
395
392
398
405
402
408
409
405
407
413
419
424
413
421
420
422
424
429
426
426
422
415
418
419
416
423
432
426
424
430
423
420
421
415
424
421
415
416
418
419
418
414
413
417
423
415
413
410
415
416
410
410
412
418
417
417
405
406
405
404
404
404
401
408
405
409
411
409
407
408
409
410
411
402
405
389
387
391
396
392
389
394
396
401
395
393
397
407
411
414
411
404
405
411
421
422
422
422
425
430
435
432
430
426
427
432
425
436
432
437
446
443
446
444
439
423
419
419
418
424
433
430
426
432
429
430
422
428
436
440
443
445
440
443
431
426
429
428
428
429
431
436
427
445
446
434
433
430
429
432
433
429
432
425
425
427
424
429
430
432
436
436
436
436
433
430
432
437
439
439
442
442
437
439
435
429
426
424
426
437
429
419
422
419
426
417
428
427
427
430
436
439
449
448
454
455
454
457
457
463
467
472
474
473
468
463
453
460
456
460
464
457
459
453
460
471
469
469
458
459
462
463
469
470
464
451
459
459
457
455
448
455
457
460
461
464
460
462
470
463
467
465
464
467
458
464
470
478
475
471
470
468
467
471
460
464
462
463
461
467
474
473
471
474
472
471
471
467
462
456
451
456
453
458
451
453
457
456
467
460
460
461
455
458
459
459
453
450
452
448
442
448
449
446
455
449
449
450
449
452
456
452
454
451
456
459
456
456
456
458
452
452
448
450
441
445
444
446
450
456
454
463
459
470
462
455
459
468
465
471
466
465
459
463
460
462
463
468
461
462
464
469
461
446
439
439
444
439
434
440
435
431
436
435
438
439
445
448
440
434
430
437
437
442
440
440
440
449
449
455
460
460
473
486
482
477
479
478
474
480
479
481
484
498
489
484
486
491
481
490
498
497
494
497
500
504
509
506
495
496
501
503
500
491
495
487
489
487
489
495
500
496
491
489
495
498
496
502
492
499
499
499
498
499
493
492
496
489
497
496
495
485
475
472
478
476
472
469
474
479
481
485
489
500
503
510
507
496
502
498
494
507
511
519
517
516
521
523
532
529
528
527
531
529
534
537
534
531
533
539
541
530
528
534
532
524
515
516
503
507
509
506
502
500
498
499
495
491
494
492
482
481
492
485
485
490
484
479
474
470
484
486
487
495
494
490
496
498
503
492
484
483
486
502
502
501
517
500
503
498
494
499
503
506
503
501
497
493
485
493
491
493
499
483
482
484
487
491
493
496
492
505
499
503
506
515
513
518
522
517
520
519
524
520
520
526
519
527
525
518
517
521
523
518
513
512
510
500
503
504
494
502
499
498
499
501
504
506
511
504
509
508
501
491
490
486
488
493
489
483
488
485
495
493
494
495
495
489
492
489
492
493
494
489
492
488
489
493
487
485
481
484
489
490
486
484
483
482
478
481
472
471
481
483
484
479
472
477
492
495
485
486
489
484
481
482
482
485
489
492
494
491
490
491
490
499
498
504
507
510
521
514
526
530
523
507
513
507
506
501
502
510
498
499
492
495
495
491
492
488
489
490
481
480
488
487
497
491
485
488
493
499
511
510
505
501
492
486
478
471
471
474
475
483
486
488
490
492
497
494
496
502
511
510
509
524
534
542
535
541
543
538
539
536
535
539
528
532
530
535
532
537
536
536
540
539
537
541
545
552
561
557
558
554
552
556
558
564
564
571
566
571
578
579
584
583
587
577
571
575
573
567
561
543
546
548
553
557
556
559
563
568
570
563
570
569
573
574
575
581
589
583
587
582
571
571
572
578
583
581
581
579
583
587
595
590
576
577
577
586
588
593
600
602
593
590
589
593
590
576
576
586
585
587
585
582
580
578
576
572
578
580
591
588
581
582
588
584
583
578
576
579
580
578
582
589
591
589
592
577
580
578
573
574
588
591
590
574
579
581
579
575
571
571
581
580
574
575
573
577
582
578
568
564
571
569
577
586
577
585
580
593
596
595
603
603
607
608
605
601
588
589
589
583
589
579
569
574
567
568
553
548
556
553
559
563
561
564
567
562
562
572
585
580
588
591
592
592
601
594
602
605
604
614
615
613
618
624
619
617
619
611
601
596
586
586
589
592
589
590
584
582
578
581
580
576
578
587
588
587
592
596
590
602
601
609
605
604
605
604
608
603
599
594
594
591
600
604
598
600
602
593
589
595
597
592
587
589
585
594
590
586
583
580
582
583
587
584
587
588
575
580
585
578
582
578
582
577
580
588
588
595
595
589
588
582
577
577
581
579
574
561
555
561
556
560
556
560
561
566
571
566
571
576
567
564
563
563
570
563
562
559
561
559
556
558
569
573
564
558
556
539
528
521
521
520
512
515
516
524
524
524
520
516
511
513
501
496
499
490
485
488
483
477
476
471
474
477
476
480
477
482
472
471
472
474
472
476
473
476
480
486
487
491
497
500
503
499
499
508
503
496
499
495
496
501
503
498
507
522
523
526
526
526
531
536
541
539
538
541
548
562
554
548
545
548
548
551
559
562
568
563
560
545
541
546
551
554
553
551
559
552
548
550
543
547
540
541
545
546
550
559
544
540
547
547
543
548
548
545
541
533
527
532
532
529
532
524
523
520
525
533
530
524
520
524
525
523
519
512
512
510
509
501
505
508
504
503
507
502
499
502
499
501
503
503
502
504
500
505
514
515
514
517
512
513
513
515
510
513
504
501
487
481
485
469
478
475
460
464
458
453
450
448
442
439
440
443
444
449
451
446
458
458
458
466
466
473
471
476
477
470
473
472
464
465
474
484
476
477
485
488
481
485
485
488
487
485
489
483
488
476
479
485
483
476
488
491
493
498
494
499
491
490
489
494
502
490
486
480
485
484
483
486
481
488
491
500
498
496
495
495
497
494
493
497
497
494
494
493
504
494
494
483
492
499
509
504
503
511
507
490
488
489
477
472
472
478
480
477
482
482
482
482
478
478
470
480
484
476
476
479
486
495
499
496
490
494
488
490
485
483
478
478
477
470
475
476
477
474
476
483
483
479
488
496
493
499
502
507
505
508
504
501
498
495
494
504
507
503
504
498
494
495
497
496
491
493
506
505
505
505
500
501
510
506
513
510
512
507
512
507
510
498
487
491
495
483
481
482
