0
18
10
12
15
24
19
19
20
17
14
12
11
17
23
30
27
21
20
21
17
17
20
23
21
27
25
20
28
40
32
35
25
26
24
12
19
19
19
19
17
19
18
23
19
29
37
44
47
42
51
55
37
40
32
26
16
13
12
26
25
25
16
11
19
14
13
16
23
30
23
23
27
25
26
32
38
42
43
44
52
57
45
48
43
54
52
62
66
78
68
71
74
74
72
72
80
86
89
86
83
86
91
100
93
91
92
94
96
97
91
84
96
92
91
88
77
74
78
84
94
102
99
96
103
99
102
112
103
101
98
96
101
106
103
104
111
116
116
121
124
121
114
104
93
94
91
99
111
108
108
111
110
105
101
106
100
99
103
101
101
103
104
110
106
105
101
94
93
90
90
91
82
87
95
84
81
83
79
75
74
79
79
85
86
84
85
95
97
91
94
94
98
102
95
101
105
98
93
89
93
95
92
91
86
82
81
82
86
89
84
79
86
92
88
89
93
99
93
94
88
93
108
111
99
100
112
104
104
104
111
108
102
96
92
92
90
82
82
84
87
85
88
97
96
89
92
96
112
115
96
96
93
91
93
89
94
93
103
111
114
117
127
132
134
136
128
136
136
138
143
148
148
143
141
138
136
146
160
160
162
162
165
160
156
153
150
150
158
160
158
154
157
157
159
159
156
155
154
162
177
178
190
188
189
186
182
182
187
190
190
190
191
203
209
204
203
210
211
211
205
205
207
195
191
191
191
183
190
189
192
196
195
192
192
199
202
208
202
196
186
188
192
197
201
198
188
194
197
195
198
199
199
199
197
202
206
205
212
209
196
204
204
205
210
209
207
204
202
208
204
203
205
211
207
210
218
214
211
208
207
188
189
185
188
184
184
183
176
171
175
176
172
171
158
154
157
156
153
155
157
162
166
168
165
167
161
160
159
158
166
165
161
165
165
163
161
163
161
157
160
156
158
161
170
165
156
160
161
160
163
166
159
159
165
167
160
153
151
144
147
147
146
141
153
157
147
151
154
151
148
151
145
154
145
143
138
147
150
151
145
137
130
136
132
129
122
110
109
114
119
121
119
119
115
112
112
110
103
104
105
113
109
111
112
117
113
112
103
95
92
88
88
91
98
96
99
93
94
89
89
90
95
85
85
85
83
82
88
87
82
85
88
89
84
78
70
70
62
66
68
68
67
66
80
81
78
76
73
72
82
83
88
99
94
101
104
97
102
97
98
92
86
79
81
81
73
71
69
69
61
65
72
70
69
75
73
73
75
86
84
96
90
90
89
85
80
85
75
76
71
68
71
80
93
91
90
84
88
88
88
85
86
93
75
67
69
73
78
81
86
90
90
89
86
91
98
99
103
106
105
109
98
95
88
93
92
96
101
96
93
97
95
101
93
90
88
91
95
94
94
84
90
91
98
96
103
100
99
105
100
98
102
94
93
95
96
92
91
90
92
87
81
81
93
88
83
91
93
100
85
91
78
90
89
94
94
86
94
92
81
75
74
74
80
79
75
75
65
67
70
75
74
69
64
72
67
62
61
65
74
72
75
71
67
75
73
79
88
94
98
85
89
87
81
85
81
74
66
68
67
66
59
60
60
52
41
36
44
58
57
59
63
58
52
49
55
63
65
61
60
62
73
73
84
83
85
80
72
70
76
75
79
68
82
77
77
85
84
96
102
109
106
108
102
104
105
103
96
98
96
86
90
88
82
92
92
90
87
89
82
83
82
86
77
74
82
71
74
78
80
76
69
72
75
73
75
67
67
78
84
76
81
71
69
71
73
66
74
76
81
81
76
81
87
87
85
80
82
80
74
77
75
71
74
63
64
60
63
63
64
62
66
78
83
81
87
98
102
94
97
98
94
91
103
96
95
87
79
81
90
82
86
95
95
92
95
109
115
120
122
129
139
135
145
148
149
158
164
160
167
165
165
175
173
165
169
174
174
167
163
158
136
133
129
123
133
126
113
124
124
119
125
130
146
143
154
156
153
144
138
136
133
140
138
131
139
135
127
129
126
120
125
132
138
139
141
146
147
147
153
150
150
161
163
158
162
160
160
162
161
162
170
171
170
164
163
162
172
167
170
172
163
162
158
148
152
145
154
159
153
151
161
166
171
170
172
168
171
176
179
176
171
173
173
179
175
180
187
182
172
167
172
166
162
151
151
154
147
147
148
151
153
157
157
165
163
172
158
164
161
170
164
164
160
154
159
157
154
153
157
159
159
163
160
162
168
156
156
161
162
160
161
164
161
154
159
151
161
173
162
158
158
157
159
159
163
152
148
150
156
147
150
146
153
153
147
144
148
157
162
160
156
160
153
155
151
157
151
147
151
158
150
147
145
149
149
152
154
159
167
174
172
173
188
190
193
200
200
209
205
207
203
193
193
192
195
189
188
190
182
192
200
201
201
201
202
195
192
193
188
190
198
203
199
201
209
220
215
219
223
224
233
237
233
242
242
239
243
238
232
229
229
238
224
220
222
226
228
220
221
221
223
211
211
209
211
204
200
202
202
205
197
199
201
204
202
199
200
200
203
203
205
204
207
199
197
202
204
208
210
211
212
211
203
200
199
196
200
213
214
218
222
239
234
220
216
217
216
205
199
195
200
200
209
209
212
213
209
206
205
200
202
202
195
196
192
195
203
194
190
192
196
191
187
181
182
177
187
193
193
191
198
200
201
220
221
221
221
225
222
225
223
226
229
232
226
218
224
228
224
224
221
212
211
210
205
189
193
192
194
187
192
192
184
179
174
169
172
174
178
183
183
181
181
188
192
194
198
201
209
213
213
214
216
218
212
210
206
204
209
202
205
199
195
192
188
187
184
177
182
170
180
193
198
201
197
198
198
210
197
190
190
182
182
182
188
189
192
194
197
187
182
174
178
173
173
175
174
168
167
174
167
162
168
168
168
156
151
152
170
174
170
175
174
170
158
151
149
148
145
143
136
144
152
157
151
157
159
157
164
165
162
164
163
165
156
169
156
155
147
145
147
142
138
141
146
148
145
144
150
146
139
149
140
140
131
120
123
127
123
110
118
123
122
126
130
120
118
117
116
105
110
112
111
103
108
104
98
98
103
101
104
110
109
114
127
134
129
139
137
128
134
127
137
140
130
123
129
127
128
122
122
120
122
124
120
120
117
117
110
105
102
104
109
105
104
105
110
107
106
96
88
86
75
75
66
70
77
82
79
90
94
89
91
90
96
87
87
90
84
85
88
85
86
76
77
82
84
77
71
78
81
85
91
101
98
99
103
107
101
100
109
98
93
99
106
100
102
103
105
113
118
116
123
117
106
100
94
105
102
103
96
98
106
107
103
102
101
99
96
99
96
90
92
97
95
90
90
80
73
71
71
71
70
73
69
67
65
67
65
53
48
47
41
37
36
41
36
30
29
35
40
47
41
42
47
40
42
34
31
42
46
41
45
45
47
49
43
52
43
43
44
43
48
48
49
49
45
39
49
44
36
43
35
30
35
24
20
14
12
16
21
26
10
12
18
18
26
22
19
23
19
22
21
14
18
24
25
25
23
9
14
18
25
38
31
24
17
21
14
16
17
18
21
20
24
33
25
21
20
12
15
9
21
27
22
18
22
26
22
19
34
39
39
41
32
30
13
20
20
32
41
33
30
24
30
28
35
26
27
32
23
30
27
24
28
32
36
43
35
34
39
35
44
44
43
37
32
35
28
36
35
37
39
44
43
33
34
33
37
42
33
31
26
36
40
41
42
47
48
47
37
36
29
31
35
35
37
35
39
49
50
55
53
67
71
63
77
75
71
65
67
57
60
67
63
63
76
80
85
75
80
93
100
98
102
104
104
107
107
113
117
113
107
103
105
110
104
106
107
95
97
106
105
110
101
103
109
114
114
113
113
113
116
115
117
118
116
120
115
118
123
126
129
124
122
129
136
133
134
148
148
148
152
161
168
166
172
172
177
176
172
174
175
172
170
175
173
180
185
179
179
190
195
197
196
198
197
204
211
216
217
219
222
226
227
233
238
242
249
256
256
253
247
251
247
241
248
250
262
271
266
270
273
283
281
284
284
277
280
281
279
282
286
281
282
290
302
297
289
290
295
299
313
317
313
315
313
315
318
324
326
329
335
323
333
340
335
334
341
343
341
340
332
340
345
342
342
344
347
342
333
331
332
332
335
339
341
346
342
349
344
351
349
346
347
341
338
334
334
336
326
326
322
321
322
325
321
315
319
323
319
326
327
339
330
328
327
327
327
327
316
320
308
307
299
310
305
301
294
299
304
303
312
316
307
305
315
322
320
313
311
307
300
294
293
294
291
299
298
300
298
294
285
282
287
284
284
280
283
284
281
292
293
295
299
301
296
305
313
317
313
309
302
305
304
297
295
293
292
299
299
302
315
307
315
309
316
313
311
309
316
311
310
311
312
310
304
306
306
301
299
303
300
299
302
303
306
303
302
299
298
301
303
300
293
300
300
305
301
303
315
310
321
318
325
320
322
324
327
342
341
344
343
337
333
335
338
340
334
332
328
324
322
315
313
309
313
314
317
324
330
338
333
343
341
337
338
337
337
336
324
327
337
341
336
339
343
339
337
339
334
340
346
340
338
342
347
353
344
347
332
329
325
326
321
311
310
316
322
316
318
328
331
339
338
343
337
334
336
336
336
332
329
316
316
316
316
321
322
321
317
320
329
331
321
316
325
324
324
324
323
324
322
329
333
336
339
329
332
322
318
321
319
315
320
315
321
324
326
334
331
335
342
345
344
340
329
328
329
328
319
317
332
335
341
342
333
346
349
359
355
356
357
352
354
361
365
367
366
383
378
379
372
383
373
375
372
369
369
364
367
374
361
358
357
365
369
362
360
362
359
356
360
364
364
370
362
360
359
355
351
353
355
355
355
354
357
360
352
352
361
351
347
337
327
330
337
341
342
346
346
350
339
338
340
339
338
333
334
334
328
329
323
328
327
329
319
319
317
321
324
331
332
325
331
329
324
325
325
331
331
335
336
337
327
328
322
318
320
322
326
332
332
327
337
341
342
336
332
322
310
312
311
310
314
317
320
315
318
309
303
302
310
307
301
306
309
314
316
324
328
336
339
336
342
335
332
331
334
333
338
345
348
344
331
322
318
322
322
326
326
327
332
328
330
333
339
338
343
335
326
326
338
336
339
339
333
332
344
348
344
349
344
348
351
338
341
330
333
335
333
328
327
336
327
336
332
334
333
328
331
338
344
352
354
355
348
344
351
356
367
372
367
368
366
370
371
374
373
379
382
389
390
404
406
408
414
421
411
413
420
410
418
416
425
430
431
434
434
430
419
417
412
415
414
406
406
399
401
394
401
394
394
387
391
388
386
383
380
382
383
390
399
406
411
416
423
434
425
417
419
425
422
420
420
413
411
420
421
430
433
425
415
420
415
422
431
439
444
450
444
436
439
438
431
430
437
444
449
447
452
443
441
438
426
431
429
434
432
430
426
428
425
433
448
449
456
456
453
456
453
436
440
441
434
431
428
425
435
434
434
436
436
442
438
448
443
454
457
457
452
458
451
458
448
439
442
440
430
433
425
416
427
422
431
433
429
430
425
417
424
426
423
417
421
419
424
421
416
403
398
404
400
398
395
396
395
400
393
390
392
394
406
407
408
407
395
393
390
393
393
392
405
406
401
399
400
407
408
413
413
415
417
418
414
414
410
407
404
396
400
387
381
382
391
390
393
392
396
399
395
394
394
390
397
405
409
419
422
426
429
428
430
438
437
445
449
458
456
458
456
462
455
455
460
463
470
462
456
454
460
458
459
466
462
455
448
452
447
453
447
451
456
459
464
465
465
458
465
462
462
454
463
468
461
458
463
454
460
451
451
457
458
463
475
477
482
473
473
469
465
456
467
472
481
475
471
481
480
477
478
476
478
473
479
484
489
493
490
485
486
488
482
494
493
490
504
507
505
505
502
500
500
500
503
507
509
506
505
503
500
508
511
521
520
521
521
516
511
508
510
512
506
507
505
512
505
499
494
504
495
498
499
493
494
490
490
494
499
499
495
491
487
485
492
485
487
477
477
488
499
502
504
495
496
500
501
499
499
502
505
508
515
530
524
521
523
528
527
532
530
521
524
533
530
530
526
526
516
524
517
511
509
511
509
515
520
529
524
524
517
519
529
532
538
533
527
528
524
525
527
532
529
525
529
527
530
533
529
527
517
510
516
517
509
511
516
522
519
518
510
510
511
505
514
512
511
500
496
492
484
480
474
478
473
464
470
485
492
488
484
485
480
481
483
493
492
493
485
475
479
487
490
497
494
497
505
497
507
498
493
499
498
504
510
514
512
517
516
511
514
502
498
499
493
488
483
486
501
498
492
493
490
498
498
484
487
486
488
481
485
477
479
486
483
485
486
489
492
490
491
484
479
475
476
476
480
481
485
482
490
493
509
513
510
517
511
517
512
509
504
506
510
510
502
501
499
496
503
510
519
521
519
518
522
516
511
517
527
515
515
502
497
494
495
485
489
489
492
491
489
480
479
474
469
468
470
461
457
463
458
460
464
462
449
448
449
450
431
434
438
438
439
432
422
424
424
422
414
413
406
402
394
392
405
408
412
404
398
398
401
389
389
400
408
411
414
417
430
429
435
438
434
426
428
430
423
421
426
421
420
413
411
418
424
411
419
420
419
421
404
394
402
390
392
384
389
390
388
384
385
382
381
378
381
388
385
387
385
389
392
392
390
391
398
401
408
415
410
411
407
403
399
404
400
405
402
401
400
406
401
401
394
394
396
394
397
397
385
378
376
383
385
381
379
374
373
372
366
373
378
378
377
378
373
375
375
381
393
391
392
389
397
396
404
402
402
410
409
405
396
400
402
400
393
406
404
400
399
406
398
394
389
396
399
400
401
406
397
385
383
384
394
394
393
403
393
393
398
403
399
406
400
393
390
389
389
382
386
379
380
379
379
375
368
366
362
359
366
362
371
377
379
381
379
373
371
374
378
387
381
380
383
384
376
384
385
386
387
392
395
396
400
400
404
406
408
403
398
400
402
395
398
405
403
409
399
398
397
394
397
391
399
398
396
399
395
383
366
373
380
374
376
374
377
371
366
371
375
376
371
370
378
371
373
372
365
369
359
353
353
354
354
350
346
340
338
331
326
322
321
327
320
318
320
331
333
333
345
337
336
338
331
330
334
341
350
352
352
353
357
353
359
348
348
354
350
361
364
362
369
366
367
372
371
367
377
382
376
375
377
377
368
370
369
372
374
371
383
387
385
387
379
375
377
377
374
373
383
386
395
386
389
387
393
390
386
382
377
374
373
380
382
377
380
385
384
385
384
382
384
377
381
378
375
377
384
385
387
393
395
388
395
383
387
386
392
402
398
401
396
392
381
377
378
383
385
380
384
385
379
386
390
385
381
383
376
368
368
370
375
380
382
383
380
373
381
391
400
395
381
388
383
379
379
374
379
380
370
372
360
358
362
367
366
365
362
374
376
368
362
357
360
355
349
341
334
341
339
339
347
353
355
362
361
356
354
350
345
345
348
346
345
345
346
347
355
358
355
361
364
362
367
365
367
372
371
378
376
369
373
380
381
379
382
379
382
382
383
371
367
372
373
366
362
370
365
371
359
361
360
359
361
361
364
356
349
349
350
344
336
342
338
337
339
338
329
334
333
333
329
323
328
324
327
328
333
330
336
334
326
325
316
300
293
292
294
292
293
292
286
286
296
298
295
284
280
284
285
284
292
294
315
320
318
314
320
319
320
320
313
305
311
313
318
317
320
317
314
314
310
304
305
304
289
292
290
288
292
282
280
283
274
272
269
262
253
244
240
239
225
221
218
216
224
233
242
242
235
244
243
246
252
257
261
250
253
258
258
265
263
278
282
286
295
303
311
313
322
323
319
322
324
325
320
326
334
333
325
324
329
336
342
332
325
329
328
332
331
327
325
324
319
311
310
316
328
326
328
336
336
340
347
350
352
357
357
374
371
370
373
363
363
352
346
348
351
364
358
348
343
342
341
352
352
352
345
347
343
341
343
335
335
332
336
339
343
343
341
328
325
334
330
323
326
327
324
322
316
316
320
324
331
332
336
335
331
329
337
324
318
318
325
333
337
339
334
339
336
339
339
343
352
355
362
358
356
352
352
344
344
347
339
356
355
350
345
356
364
361
358
356
352
355
356
354
357
373
374
379
372
373
370
366
370
372
374
368
361
361
358
356
352
355
351
353
359
358
361
366
359
352
354
353
356
366
373
373
369
364
364
365
368
370
371
377
379
379
377
377
377
376
383
388
391
392
393
388
395
394
401
396
389
394
401
399
400
406
408
411
399
402
403
402
397
403
401
398
397
398
393
393
401
397
388
382
385
396
403
395
383
374
373
372
372
375
373
371
363
352
349
348
361
354
370
370
368
379
388
389
388
387
390
383
383
383
397
404
404
405
409
408
411
414
416
409
407
405
405
404
408
404
403
404
405
403
397
415
415
423
421
421
431
436
442
442
456
463
457
456
463
462
461
463
456
462
466
466
471
473
476
472
473
469
471
475
483
475
474
472
473
471
465
471
462
464
471
483
489
491
491
489
485
491
500
502
498
492
489
494
487
482
481
486
485
482
485
481
478
474
480
486
493
487
484
479
482
497
501
496
501
500
497
503
503
508
511
510
513
517
515
524
520
524
518
510
509
516
516
512
506
513
514
523
522
530
526
520
512
504
500
494
499
495
500
501
501
504
497
495
500
503
496
496
493
493
501
502
497
502
502
503
503
509
502
504
502
505
507
505
499
497
485
486
491
486
489
499
485
488
484
492
490
495
488
494
498
495
494
507
513
504
498
492
498
503
506
505
512
518
524
524
522
526
525
522
516
507
497
492
498
491
493
494
495
499
506
501
498
503
503
499
500
511
520
513
509
517
506
509
506
500
498
499
504
506
500
499
501
497
487
486
495
490
490
490
491
505
499
501
502
489
488
477
481
493
501
495
495
492
495
489
492
498
488
480
484
487
496
494
482
483
481
483
485
484
490
498
505
493
504
506
502
508
510
505
511
515
513
524
522
528
523
515
512
523
525
517
520
517
521
519
510
512
513
514
512
521
522
520
518
527
519
509
512
507
511
500
504
493
493
489
482
483
480
486
484
485
481
482
483
468
462
459
456
453
453
451
453
453
458
461
455
455
451
449
452
455
452
447
444
448
446
440
440
432
423
425
424
426
436
429
427
425
421
414
415
416
417
428
428
423
421
425
434
430
427
419
418
412
409
412
413
403
401
397
389
395
391
389
396
403
394
395
398
404
408
409
411
405
406
410
405
400
404
403
405
400
412
414
416
419
426
425
420
429
434
426
429
436
438
435
432
445
452
446
440
447
445
447
448
451
457
458
460
460
465
460
461
461
452
457
456
455
447
454
465
465
465
466
449
445
442
438
426
428
438
432
433
425
422
422
424
426
422
432
439
440
446
441
442
439
434
434
432
427
420
422
419
423
418
415
409
407
402
408
416
410
415
415
412
414
413
421
423
423
411
414
409
405
402
403
400
405
419
417
413
410
412
419
428
427
437
438
426
431
444
444
448
442
442
441
455
462
462
467
467
475
476
465
470
469
476
477
472
474
471
465
466
475
471
477
479
485
493
493
492
490
484
476
474
469
466
475
469
467
461
458
463
472
470
470
476
478
477
483
496
511
506
508
505
500
496
484
491
494
486
476
477
472
475
466
466
468
464
463
453
450
432
429
427
425
433
438
434
442
430
426
422
423
426
424
436
429
431
422
421
421
421
418
409
417
423
421
423
421
432
434
432
438
432
433
436
439
451
450
442
446
448
444
440
424
421
425
434
439
444
442
435
441
451
453
444
436
432
428
431
422
420
426
428
428
434
436
438
439
437
429
433
434
427
422
429
434
446
440
441
441
440
438
427
428
431
438
428
419
428
428
420
418
414
419
421
428
422
425
430
430
433
439
443
448
446
442
445
451
447
445
444
445
440
443
436
435
432
437
435
440
444
450
452
452
453
462
460
458
458
465
462
465
471
468
476
475
480
486
474
477
482
481
482
480
485
492
494
502
505
511
514
527
535
533
534
534
528
522
521
517
514
509
516
509
506
506
499
499
489
490
492
494
493
495
494
494
496
493
487
497
501
505
511
510
510
523
526
526
531
533
524
519
512
518
515
516
522
523
524
531
531
525
520
516
526
531
531
526
528
533
542
551
559
558
564
567
566
570
577
578
577
571
579
575
575
572
572
568
573
578
581
562
566
567
572
572
570
579
566
573
576
581
586
583
584
586
583
573
585
584
579
574
570
563
567
557
551
542
548
549
552
533
535
541
537
539
542
536
538
538
539
537
534
535
536
536
538
541
544
536
526
522
524
520
507
507
511
506
508
504
506
515
513
511
517
509
508
502
504
498
504
493
495
502
506
506
503
498
500
502
502
498
503
506
509
509
507
509
508
518
527
523
529
536
534
538
545
544
547
545
554
556
562
560
558
561
564
559
571
570
567
561
556
555
554
559
556
560
558
557
556
552
551
555
556
553
557
561
560
569
570
570
571
577
579
584
577
576
576
574
569
561
554
558
553
548
558
558
566
566
574
580
582
588
588
588
585
579
584
580
570
576
575
566
570
562
563
559
561
549
552
550
545
551
551
550
547
547
551
545
540
542
546
540
546
545
548
554
553
555
544
547
544
545
540
543
542
540
541
544
545
543
536
532
531
528
524
530
531
525
525
528
522
523
523
526
524
525
526
528
518
518
529
538
535
531
530
531
527
527
530
527
525
528
533
537
532
540
540
538
538
537
539
543
536
533
532
541
538
529
522
520
528
530
536
529
532
533
534
543
538
542
541
532
535
522
516
511
507
502
501
503
496
503
499
500
499
499
495
488
486
486
482
473
473
479
488
483
477
478
479
486
483
482
488
496
497
498
504
504
506
515
516
515
523
526
517
520
524
529
522
529
528
532
539
549
547
547
553
554
557
555
552
557
551
547
549
556
559
559
553
538
529
524
528
526
535
543
537
536
544
550
545
537
540
535
536
532
529
517
518
516
513
514
520
528
526
530
532
524
527
534
534
531
524
519
527
513
504
511
506
495
497
485
481
479
483
487
488
485
490
498
497
499
499
492
494
487
489
494
499
489
489
491
483
487
483
488
496
492
493
493
499
497
491
481
483
485
486
489
491
491
492
492
483
482
479
473
481
486
492
496
496
494
493
487
496
500
486
479
478
487
491
491
485
489
492
501
502
497
496
495
496
492
481
475
474
475
477
473
471
468
457
465
465
464
450
448
446
447
440
432
431
439
439
430
433
433
435
436
440
435
433
431
422
427
439
435
434
433
437
434
434
440
432
431
435
430
441
442
438
433
432
430
426
422
415
421
429
427
423
420
416
415
414
408
408
406
410
408
407
401
405
400
402
404
408
405
402
406
405
405
416
413
411
405
413
410
414
409
405
394
403
403
400
406
408
405
400
411
410
413
415
417
419
416
407
398
400
389
387
375
389
381
380
376
378
375
381
391
382
377
383
375
376
377
374
371
371
374
371
365
365
367
358
362
370
364
373
363
374
376
369
363
368
375
371
370
365
365
363
364
358
356
356
352
356
356
367
368
370
369
374
377
368
362
357
356
349
352
355
356
363
360
359
363
364
363
360
364
362
360
363
363
359
359
364
343
336
335
325
315
329
318
314
306
300
307
300
298
303
304
299
304
303
312
314
309
309
316
322
329
329
321
331
328
330
331
331
321
326
317
312
313
313
315
320
320
315
320
325
323
331
332
336
345
351
347
347
345
354
351
350
353
363
379
378
381
374
363
361
361
358
354
354
348
355
345
345
342
347
345
346
339
343
345
346
350
356
350
354
348
355
353
351
346
347
347
338
331
334
331
338
328
330
333
335
331
332
337
334
337
327
323
335
332
341
344
345
344
348
348
349
350
347
352
343
341
346
335
338
335
337
334
323
323
319
322
334
337
341
342
350
353
341
340
339
335
335
342
341
338
338
339
339
337
334
326
316
317
323
330
332
338
342
350
343
346
353
350
341
335
327
333
336
345
346
348
349
341
326
325
325
323
316
322
315
312
312
317
316
321
323
327
325
318
320
316
309
314
319
313
310
310
304
306
292
293
288
284
280
283
292
294
286
288
284
281
278
282
278
276
274
267
259
261
260
264
269
273
280
276
279
277
283
279
285
287
280
287
278
281
280
279
280
269
277
282
287
289
286
283
278
275
277
281
280
276
281
279
281
289
299
303
302
302
312
309
310
308
312
309
302
302
295
291
293
294
287
294
304
308
304
301
292
285
288
290
306
306
310
316
312
316
321
319
315
313
314
315
320
329
323
327
325
330
340
340
347
343
348
356
359
350
344
343
351
355
360
358
364
359
357
349
361
360
368
376
384
386
393
392
390
394
385
390
392
385
384
390
396
388
388
393
397
393
395
388
384
380
372
377
379
376
379
385
386
380
387
384
381
378
372
373
372
376
375
376
372
370
365
358
362
361
374
378
381
387
390
383
376
373
371
374
376
374
377
378
378
384
386
383
384
372
368
364
360
362
354
353
356
352
347
353
353
353
351
347
346
344
340
344
348
345
345
354
353
354
362
359
352
356
354
360
362
362
358
359
354
358
356
358
358
366
359
367
369
375
379
385
389
394
403
412
420
426
433
435
432
430
422
420
424
417
413
407
407
406
414
411
407
400
405
422
425
431
430
435
445
441
449
447
445
440
436
438
438
444
450
456
450
445
443
447
457
456
458
446
452
455
455
453
455
451
456
452
458
460
461
463
463
466
465
465
467
468
463
462
469
479
489
479
466
462
467
467
468
463
469
466
457
459
462
464
466
469
461
461
465
466
464
470
463
463
464
471
473
465
461
459
452
458
464
462
460
458
454
454
455
459
449
445
441
443
444
446
446
446
448
441
440
457
450
454
465
477
475
470
480
486
482
488
493
500
500
493
496
501
494
492
501
502
505
507
511
514
508
508
508
509
514
519
520
518
509
506
513
517
513
504
501
498
501
494
498
507
510
506
513
519
523
524
517
513
519
523
524
531
533
530
535
530
529
533
546
545
530
524
527
525
522
528
529
533
541
542
536
535
538
533
535
534
533
529
527
533
533
532
528
534
540
540
548
554
556
556
562
562
561
554
554
559
551
545
542
539
534
538
538
528
522
524
510
518
529
529
519
526
527
532
530
532
530
532
537
540
539
541
544
548
542
546
539
536
533
534
546
539
536
541
545
547
545
546
542
541
539
541
546
537
550
550
548
550
558
544
545
541
550
554
554
551
552
547
544
544
546
550
546
543
547
545
538
538
541
536
532
525
531
524
515
514
505
512
508
520
517
521
524
524
527
520
528
534
536
537
538
543
535
530
517
513
511
514
520
516
515
517
507
499
508
504
499
492
501
498
496
496
494
499
500
499
497
503
502
500
504
503
513
516
517
521
521
529
533
548
550
556
557
561
565
577
574
574
578
587
594
598
592
596
597
582
589
592
593
598
606
600
594
590
595
597
588
583
586
595
596
589
585
586
591
592
590
590
589
590
584
586
585
584
586
595
605
611
626
627
628
628
626
625
630
627
628
621
625
640
644
638
651
662
662
663
661
662
665
662
663
666
671
665
665
659
663
668
666
675
671
675
682
678
682
680
676
677
668
667
666
656
651
662
657
658
662
663
663
663
668
663
658
655
660
657
658
654
657
662
666
665
661
660
663
676
672
672
677
684
694
691
687
687
689
684
683
685
680
683
692
693
695
677
679
681
685
684
694
706
706
715
705
703
697
687
698
700
704
712
708
710
713
715
713
713
705
701
704
688
697
690
700
697
695
704
708
711
707
703
709
709
709
710
709
703
703
706
701
705
699
695
697
689
697
697
698
696
689
688
697
706
707
700
699
699
700
698
702
700
700
692
691
697
694
689
690
683
684
685
679
685
690
687
681
677
674
673
674
674
677
671
673
668
674
673
674
672
680
683
691
693
690
696
699
693
691
691
686
678
680
685
695
701
695
687
691
693
684
679
671
677
680
683
691
688
699
705
710
702
706
711
709
706
703
704
709
711
715
714
711
706
703
716
711
711
707
707
712
718
728
732
728
721
715
708
718
716
715
721
730
740
744
749
740
736
740
742
740
743
738
744
749
749
748
753
754
748
751
751
751
749
749
749
757
757
759
756
749
756
758
763
771
783
773
777
784
785
784
783
787
793
797
810
815
824
821
823
825
812
811
809
807
814
811
814
817
816
813
814
808
802
808
807
816
816
806
802
802
811
818
817
815
813
819
818
817
814
805
810
806
801
800
797
805
807
806
810
811
811
809
806
806
810
812
804
796
801
803
803
804
800
802
801
805
809
803
801
798
793
795
798
790
786
784
787
778
786
797
799
810
801
797
806
802
794
796
792
791
790
803
805
813
809
808
813
824
817
822
826
831
838
837
845
849
847
849
848
855
850
845
843
850
844
846
859
857
852
843
842
840
843
844
836
834
843
850
845
847
849
848
852
855
857
858
861
862
868
873
875
874
877
874
881
886
881
877
876
873
866
863
854
849
849
850
853
860
853
856
850
851
849
841
846
846
841
842
844
851
855
854
863
852
847
850
849
854
856
857
859
853
858
864
863
867
866
866
865
875
876
884
889
884
883
885
883
877
883
873
874
873
871
868
872
874
875
875
874
867
856
858
858
860
864
873
869
873
866
870
867
873
878
879
874
875
871
865
866
866
870
866
876
875
877
872
867
874
881
878
882
877
869
871
865
869
875
871
874
879
873
874
864
861
869
872
868
862
860
860
854
853
860
857
856
864
862
865
866
867
863
863
864
860
851
844
849
854
841
851
856
849
860
862
865
863
854
851
852
854
854
849
850
850
844
845
846
841
842
847
856
848
843
851
853
852
851
848
846
840
838
843
837
845
844
842
841
839
846
847
846
849
850
845
845
850
843
847
848
844
848
849
845
842
848
859
860
867
869
876
875
868
874
872
871
871
866
878
877
883
880
878
877
876
887
883
891
890
891
883
885
891
896
901
902
897
897
906
906
918
919
915
919
924
924
920
922
915
910
917
908
902
908
907
910
907
909
911
915
905
903
911
912
914
910
912
913
913
901
892
889
883
891
884
880
883
888
890
889
891
897
900
898
898
900
904
902
903
909
914
916
921
923
926
926
924
915
923
920
930
935
939
944
949
944
952
954
951
945
942
947
947
945
941
941
940
933
929
924
932
933
934
929
931
936
939
947
951
955
957
947
944
956
963
948
942
944
943
944
951
952
944
943
944
948
936
940
934
936
938
932
931
934
927
930
922
921
923
924
927
927
924
929
927
934
935
935
936
926
926
928
925
922
924
914
921
912
904
901
902
901
902
901
898
897
908
912
910
906
902
901
904
904
914
922
925
925
923
929
925
930
933
932
937
927
928
934
933
936
930
928
926
929
935
932
926
932
931
926
922
933
937
933
935
937
938
939
945
950
945
951
955
956
957
960
956
957
953
956
953
949
954
945
955
957
960
960
956
954
942
940
944
949
953
954
964
963
959
956
968
962
959
957
956
957
948
939
949
962
959
959
949
947
959
964
972
982
978
980
988
993
997
999
999
993
991
1003
1004
999
1001
999
1009
1003
1003
1001
990
994
998
1003
999
1003
1005
1008
1004
1002
994
999
998
994
991
999
1004
1007
1001
999
1007
1011
1012
1004
1017
1020
1020
1011
1015
1011
1007
1010
1016
1021
1024
1029
1032
1036
1032
1026
1029
1023
1031
1038
1044
1042
1044
1041
1046
1044
1041
1048
1052
1056
1059
1059
1058
1064
1060
1062
1068
1060
1073
1072
1072
1080
1068
1057
1055
1052
1058
1067
1068
1075
1072
1071
1073
1078
1083
1079
1085
1085
1086
1087
1086
1081
1076
1082
1084
1079
1077
1070
1064
1063
1067
1056
1060
1058
1063
1066
1050
1049
1052
1049
1058
1056
1056
1062
1057
1057
1057
1063
1061
1071
1076
1077
1078
1077
1084
1081
1078
1069
1066
1065
1067
1071
1073
1080
1081
1080
1078
1077
1081
1083
1090
1087
1092
1099
1100
1106
1104
1105
1113
1108
1107
1103
1100
1095
1095
1092
1093
1089
1083
1088
1091
1092
1092
1091
1093
1087
1089
1077
1081
1086
1083
1081
1074
1076
1081
1082
1081
1072
1074
1080
1080
1071
1071
1065
1071
1079
1076
1075
1079
1079
1074
1073
1073
1066
1072
1080
1086
1091
1094
1102
1110
1108
1106
1112
1108
1108
1109
1106
1098
1101
1100
1097
1100
1096
1087
1082
1084
1080
1088
1079
1080
1084
1090
1084
1085
1085
1089
1088
1095
1094
1099
1098
1089
1093
1091
1100
1095
1101
1092
1085
1084
1082
1082
1086
1084
1089
1085
1080
1086
1088
1082
1083
1084
1080
1086
1091
1101
1104
1118
1111
1112
1104
1097
1083
1087
1092
1092
1094
1102
1105
1110
1107
1111
1114
1117
1123
1114
1110
1117
1113
1116
1115
1119
1132
1137
1144
1141
1143
1143
1140
1147
1149
1144
1146
1149
1145
1142
1136
1140
1148
1152
1155
1152
1149
1158
1159
1153
1156
1154
1154
1162
1165
1166
1162
1160
1155
1156
1159
1159
1160
1162
1165
1169
1169
1182
1180
1178
1180
1189
1196
1198
1196
1203
1212
1203
1213
1215
1215
1216
1204
1204
1196
1194
1194
1198
1196
1191
1192
1194
1189
1205
1201
1204
1203
1205
1205
1209
1208
1211
1215
1212
1208
1211
1206
1202
1207
1223
1226
1219
1219
1224
1229
1236
1238
1234
1241
1238
1245
1242
1247
1244
1247
1244
1236
1238
1243
1235
1238
1240
1234
1230
1229
1226
1227
1230
1224
1216
1215
1211
1210
1209
1203
1207
1208
1204
1204
1210
1212
1208
1204
1202
1210
1210
1220
1218
1215
1217
1217
1217
1213
1207
1219
1220
1222
1215
1220
1224
1219
1223
1222
1226
1226
1228
1233
1231
1233
1237
1225
1223
1234
1236
1226
1237
1243
1225
1231
1234
1235
1233
1240
1242
1238
1230
1224
1232
1230
1228
1229
1232
1230
1234
1232
1250
1252
1255
1256
1255
1260
1257
1252
1248
1254
1245
1249
1248
1246
1249
1250
1257
1254
1252
1249
1242
1234
1231
1220
1216
1226
1215
1212
1200
1196
1200
1202
1193
1189
1189
1194
1192
1191
1201
1201
1198
1194
1203
1206
1207
1199
1186
1182
1180
1177
1183
1182
1180
1177
1182
1181
1181
1180
1185
1188
1194
1191
1188
1192
1199
1185
1189
1191
1187
1190
1190
1192
1195
1204
1201
1197
1197
1210
1214
1218
1217
1219
1219
1223
1224
1211
1208
1196
1198
1185
1177
1188
1204
1199
1197
1197
1196
1197
1212
1214
1204
1200
1200
1208
1211
1217
1227
1233
1234
1237
1236
1232
1230
1242
1249
1239
1237
1236
1235
1231
1226
1238
1238
1237
1227
1228
1233
1225
1234
1228
1221
1219
1219
1215
1218
1217
1214
1209
1214
1212
1209
1200
1205
1205
1206
1210
1213
1206
1213
1219
1222
1231
1233
1238
1229
1235
1234
1234
1236
1237
1239
1232
1232
1235
1239
1238
1230
1233
1240
1238
1248
1251
1247
1244
1251
1254
1251
1252
1260
1264
1264
1257
1258
1268
1260
1263
1266
1268
1266
1269
1274
1276
1267
1269
1266
1272
1269
1270
1260
1251
1247
1249
1246
1249
1246
1247
1246
1244
1247
1262
1263
1266
1263
1264
1252
1251
1252
1255
1258
1260
1262
1263
1261
1255
1253
1245
1239
1239
1244
1225
1229
1233
1221
1222
1217
1219
1220
1222
1215
1219
1223
1225
1210
1211
1202
1198
1207
1205
1209
1223
1212
1214
1218
1217
1219
1214
1204
1204
1206
1203
1204
1199
1202
1207
1211
1209
1206
1205
1213
1216
1216
1206
1208
1207
1205
1204
1199
1204
1194
1194
1189
1195
1192
1183
1178
1177
1179
1176
1181
1179
1180
1184
1177
1176
1179
1169
1168
1169
1167
1165
1166
1165
1169
1168
1166
1157
1159
1154
1151
1148
1157
1155
1158
1144
1139
1145
1139
1143
1142
1147
1149
1155
1164
1166
1173
1182
1174
1181
1179
1178
1174
1175
1176
1180
1186
1191
1192
1188
1196
1199
1200
1188
1188
1181
1175
1180
1186
1181
1177
1178
1172
1170
1165
1159
1163
1169
1162
1163
1160
1150
1149
1143
1142
1134
1135
1135
1129
1125
1122
1127
1123
1131
1134
1133
1136
1144
1148
1139
1132
1136
1130
1126
1126
1129
1130
1125
1106
1109
1115
1118
1120
1115
1118
1116
1119
1111
1116
1125
1129
1128
1130
1124
1112
1108
1109
1109
1114
1115
1117
1112
1120
1116
1119
1121
1113
1114
1114
1105
1115
1112
1100
1094
1091
1093
1089
1088
1090
1101
1112
1116
1115
1111
1108
1109
1113
1107
1098
1100
1110
1113
1114
1119
1120
1117
1114
1115
1113
1123
1125
1120
1121
1115
1111
1119
1118
1112
1119
1133
1142
1140
1128
1122
1130
1132
1131
1133
1141
1126
1125
1127
1131
1130
1136
1136
1143
1133
1132
1136
1133
1132
1135
1139
1143
1138
1136
1136
1139
1139
1139
1139
1142
1139
1141
1138
1150
1147
1160
1166
1170
1168
1165
1160
1162
1163
1165
1164
1169
1179
1172
1171
1169
1169
1170
1175
1177
1180
1179
1174
1172
1168
1171
1173
1167
1169
1169
1171
1177
1171
1163
1169
1171
1169
1170
1170
1171
1182
1189
1184
1178
1158
1176
1186
1185
1182
1186
1173
1164
1166
1166
1163
1162
1157
1150
1151
1149
1145
1140
1137
1148
1145
1148
1152
1150
1155
1155
1167
1164
1158
1171
1168
1164
1165
1167
1163
1162
1164
1165
1163
1165
1170
1160
1163
1162
1149
1151
1154
1149
1150
1150
1161
1165
1169
1165
1167
1180
1175
1166
1170
1175
1168
1172
1172
1167
1168
1158
1160
1164
1165
1165
1168
1175
1167
1168
1165
1158
1156
1157
1159
1153
1146
1146
1141
1137
1137
1141
1141
1135
1134
1126
1126
1128
1124
1120
1119
1117
1123
1126
1122
1115
1117
1120
1113
1113
1118
1115
1105
1102
1108
1109
1107
1103
1110
1111
1111
1106
1102
1099
1096
1095
1103
1106
1103
1103
1103
1099
1088
1079
1075
1070
1075
1074
1077
1070
1070
1074
1076
1086
1083
1079
1086
1079
1084
1080
1077
1076
1077
1067
1059
1057
1055
1050
1052
1048
1055
1056
1059
1063
1071
1075
1074
1083
1082
1074
1077
1078
1076
1079
1071
1068
1065
1067
1062
1060
1073
1075
1080
1074
1068
1061
1059
1071
1074
1069
1074
1085
1093
1095
1097
1108
1099
1095
1096
1093
1085
1082
1077
1072
1064
1068
1071
1069
1074
1073
1072
1078
1083
1077
1074
1071
1075
1071
1061
1062
1058
1050
1051
1051
1045
1060
1062
1062
1055
1062
1066
1064
1055
1057
1056
1057
1050
1043
1048
1054
1054
1054
1054
1057
1052
1044
1045
1038
1037
1042
1031
1027
1028
1026
1022
1024
1022
1022
1018
1021
1023
1023
1029
1025
1029
1025
1022
1023
1026
1024
1016
1014
1011
1003
1005
1012
1013
1007
1006
1010
1022
1027
1023
1026
1023
1027
1029
1021
1019
1010
1004
1001
1007
998
994
1007
1012
1021
1013
1011
1018
1015
1012
1005
1007
1002
992
994
990
990
983
986
978
975
972
970
968
973
978
983
987
986
985
974
969
970
967
966
967
965
958
956
958
964
964
966
970
975
969
964
971
961
970
971
977
978
981
982
987
982
981
980
974
976
976
981
989
988
981
977
977
981
976
972
958
962
971
961
958
948
945
940
943
937
945
955
952
949
950
946
942
946
948
953
949
952
945
941
943
941
948
939
942
935
928
927
921
913
917
916
914
921
914
909
918
923
916
917
918
915
921
927
925
933
936
927
929
932
933
934
940
947
949
946
940
943
945
933
930
927
928
930
930
918
911
914
922
929
928
931
935
931
928
931
925
927
921
916
919
914
912
912
922
920
921
920
923
918
922
915
908
903
905
894
902
900
900
901
901
896
899
902
894
905
908
913
913
902
900
899
900
910
908
906
907
902
908
916
919
915
905
907
913
913
912
913
913
907
908
895
900
900
894
886
894
898
903
910
907
902
907
910
908
906
913
908
907
909
909
905
900
890
895
891
887
880
877
871
873
875
886
888
892
888
891
883
887
878
887
892
891
891
902
907
909
914
920
925
930
927
924
929
935
933
935
945
938
944
950
951
944
939
931
919
918
919
913
917
911
915
912
895
899
902
899
894
897
895
884
888
884
890
888
892
898
899
896
889
879
884
885
885
886
895
894
895
905
899
901
902
905
904
899
891
890
891
892
886
886
889
888
895
894
903
903
910
912
909
907
898
904
899
893
884
882
886
871
875
876
889
889
887
890
890
892
879
872
876
879
880
886
882
886
885
882
887
893
898
898
894
890
899
899
890
890
887
886
883
880
875
876
884
878
877
863
863
857
852
858
859
859
858
853
850
854
852
861
861
869
870
875
875
882
875
876
875
871
886
891
887
888
902
900
892
891
890
885
881
879
874
881
884
876
875
878
874
878
883
874
871
883
884
884
893
892
898
889
885
881
891
888
888
884
893
893
891
886
894
889
883
887
885
893
897
897
897
895
896
899
890
904
912
909
913
900
897
895
903
911
910
907
904
901
897
891
886
885
881
880
873
878
870
876
881
875
870
867
861
859
868
866
864
855
849
841
843
840
837
834
840
849
849
838
834
829
832
828
834
834
829
822
819
819
824
822
821
819
817
817
816
823
828
822
826
830
831
828
823
825
835
836
829
829
830
832
826
832
828
825
827
819
809
808
808
812
814
817
824
816
819
815
820
816
815
807
802
798
805
808
804
801
797
797
795
792
796
794
806
803
807
799
799
797
792
801
795
797
803
800
801
800
802
807
814
826
827
830
832
827
828
826
829
835
842
833
841
839
835
827
826
823
829
822
831
836
836
839
831
832
828
825
823
835
840
839
846
849
845
847
850
863
864
869
860
855
851
851
845
852
867
876
875
868
868
862
868
869
869
862
862
862
861
860
866
870
868
877
871
872
879
876
877
881
878
886
880
877
875
871
864
858
861
854
858
854
847
849
844
840
843
846
848
851
854
855
853
857
864
864
864
861
868
863
867
862
863
861
872
868
862
859
857
862
863
868
868
867
873
865
858
862
863
859
860
851
846
851
852
855
847
842
848
850
837
845
849
849
851
839
837
829
830
826
828
831
822
815
827
827
827
835
835
835
828
824
827
833
836
837
832
839
844
833
831
832
825
824
809
810
810
806
811
814
817
808
813
817
808
812
808
800
796
802
794
795
802
803
807
808
809
795
795
796
795
795
799
787
790
795
803
790
794
798
802
816
814
820
818
824
820
818
815
811
808
807
804
798
796
798
795
792
789
790
792
795
798
788
801
809
818
817
812
811
805
808
804
807
809
813
810
799
797
800
795
803
803
808
800
802
804
809
799
801
799
804
798
810
810
814
817
824
823
834
826
833
826
823
820
815
813
804
810
818
817
821
820
825
825
827
830
835
835
823
823
821
829
837
836
838
835
839
845
851
851
853
849
852
861
867
869
871
873
868
868
859
859
857
860
866
868
872
874
878
876
879
883
892
891
888
895
890
889
887
884
879
876
874
875
877
881
875
883
880
868
870
878
883
873
875
879
875
871
874
873
867
869
865
867
866
867
861
867
872
874
873
877
873
870
877
880
875
876
875
886
884
885
888
896
902
908
910
902
897
898
901
900
895
899
897
889
889
903
907
907
913
916
913
914
916
920
912
914
921
923
917
918
931
926
937
942
940
944
945
946
949
942
939
932
934
927
915
910
918
912
929
929
918
920
928
941
948
954
955
955
956
965
969
970
975
978
974
976
990
996
996
994
993
992
986
988
985
982
987
984
982
985
992
990
997
993
989
975
978
973
974
968
968
973
972
977
970
964
963
957
953
948
948
956
964
972
960
955
952
946
942
934
931
934
932
933
941
933
930
926
929
923
915
917
916
918
925
928
933
932
927
938
938
942
947
942
948
949
943
956
948
944
937
932
935
938
934
930
934
930
933
933
931
926
916
913
922
922
921
924
925
926
918
923
921
927
931
930
927
923
930
919
915
908
903
904
897
902
901
899
899
903
901
902
897
889
881
877
878
881
880
872
867
862
865
861
857
858
855
864
857
854
853
855
853
854
851
850
849
849
849
857
866
861
862
852
846
850
859
863
861
863
857
850
853
845
850
851
851
854
848
845
851
847
855
863
858
869
870
864
859
860
860
860
866
876
877
871
872
878
878
874
879
884
881
886
887
894
893
892
886
884
874
880
876
879
878
871
876
880
880
871
878
875
881
893
887
897
903
908
907
901
901
905
919
912
912
905
909
904
900
886
881
876
870
868
869
861
869
865
884
894
890
892
893
893
885
888
888
879
883
890
894
899
899
889
885
890
891
882
895
898
893
901
908
913
915
921
911
917
921
929
936
939
952
952
947
948
946
941
937
930
930
921
922
939
938
945
938
950
949
951
954
956
949
962
959
961
959
951
964
965
960
961
965
973
973
970
968
966
965
974
971
969
975
983
983
986
993
997
997
985
990
988
990
997
1003
1001
1009
1005
1005
1002
1004
1005
994
998
984
986
983
979
981
985
991
995
987
988
993
992
981
977
974
976
975
978
976
979
978
982
982
986
978
980
981
985
988
985
980
975
980
983
977
965
968
964
962
962
965
971
974
968
962
963
962
959
958
964
973
980
973
973
967
951
941
948
947
938
940
943
942
947
936
930
936
937
943
951
952
951
953
947
948
941
944
934
938
935
935
935
938
948
941
935
942
945
930
936
935
936
927
935
935
928
924
923
921
920
917
918
909
906
915
911
900
898
907
906
908
898
901
896
904
906
905
913
906
901
895
898
887
885
883
880
880
890
889
889
888
897
898
895
891
893
892
885
888
883
884
891
893
895
892
892
885
885
883
886
881
880
884
888
888
888
878
887
890
904
900
894
903
896
897
897
906
901
899
898
906
915
914
911
916
915
914
899
901
889
888
898
899
895
897
885
890
890
894
892
889
894
891
886
897
897
897
897
895
897
890
880
886
885
894
895
893
902
903
907
904
903
906
905
912
912
905
918
924
920
917
916
921
925
925
928
928
925
918
915
912
916
921
921
919
929
924
934
935
939
942
950
944
941
935
939
938
935
923
915
921
919
921
916
914
915
925
926
928
944
953
952
951
951
950
949
946
956
956
958
949
953
951
947
948
946
952
960
960
963
958
967
974
971
979
972
975
969
974
988
989
991
986
978
983
985
982
977
977
974
976
985
987
989
986
990
998
1005
1009
1006
1001
1006
1012
1007
1017
1015
1012
1014
1014
1003
1002
1010
1009
1004
999
998
995
984
973
965
963
961
961
972
972
975
978
993
997
998
997
1002
997
1003
1008
1010
1005
1016
1010
1000
1006
1006
1008
1005
1005
1013
1018
1013
1018
1013
1010
1007
1009
1012
1010
1014
1010
1015
1020
1024
1023
1014
1018
1013
1014
1014
1012
1018
1022
1016
1021
1015
1015
1014
1012
1014
1010
1021
1022
1025
1024
1020
1023
1032
1034
1035
1027
1028
1036
1035
1040
1022
1018
1020
1023
1015
1019
1021
1028
1022
1021
1027
1031
1030
1029
1028
1029
1040
1036
1042
1046
1042
1037
1035
1035
1032
1040
1035
1036
1025
1025
1030
1034
1026
1030
1033
1032
1031
1031
1020
1024
1026
1024
1018
1011
1010
1010
1012
1013
1008
1009
1015
1015
1017
1019
1026
1021
1024
1035
1045
1035
1033
1033
1038
1033
1022
1026
1016
1011
1016
1016
1012
1012
1009
1014
1008
1003
1013
1013
1020
1015
1006
1007
1012
1021
1015
1018
1019
1016
1021
1011
1009
1001
1006
1005
998
998
1001
1007
1007
1001
1008
1020
1007
1012
1016
1022
1027
1030
1026
1033
1026
1013
1013
1004
1012
1013
1013
1018
1006
1009
1008
1016
1026
1029
1024
1026
1023
1018
1010
1016
1006
1009
1013
1009
1006
1013
1017
1012
1006
1009
1010
1007
1000
991
980
979
990
987
984
978
976
976
972
965
971
962
952
954
954
961
959
950
955
963
967
974
970
967
973
981
993
987
994
988
988
989
993
990
990
983
987
999
1000
993
989
982
985
986
987
984
989
987
985
988
985
983
980
982
982
983
977
974
979
977
975
977
974
969
971
970
969
972
972
969
971
963
952
956
959
959
966
964
977
972
970
955
951
958
971
969
974
972
980
978
977
963
962
966
968
961
965
967
975
978
978
984
981
978
978
985
982
985
991
989
994
996
993
989
986
989
997
997
1009
1013
1019
1020
1020
1025
1024
1025
1024
1019
1023
1021
1021
1011
1015
1024
1018
1020
1012
1014
1008
1013
1007
997
996
993
987
982
986
987
992
991
1004
1002
1004
1003
1010
1015
1019
1013
1011
1013
1009
1005
1012
1017
1021
1021
1029
1021
1024
1016
1020
1026
1022
1018
1010
1004
1004
1003
1005
1001
992
986
985
975
976
967
977
968
971
970
979
976
981
979
986
981
993
992
995
999
997
993
998
993
992
990
989
998
995
992
993
994
999
1005
1004
1003
1003
1008
1006
998
990
989
989
986
988
989
990
983
973
972
973
976
983
980
974
980
973
970
968
974
976
970
956
954
961
963
963
966
968
967
962
963
972
971
965
971
965
957
950
951
943
945
940
944
950
958
956
959
958
959
956
963
955
955
956
955
954
946
939
939
937
933
926
927
913
913
916
924
938
934
936
935
939
935
944
956
951
950
956
954
952
950
949
953
948
962
959
967
962
954
953
958
960
960
962
959
953
958
954
951
953
962
964
959
964
969
965
963
963
970
966
967
971
979
973
972
973
977
980
968
965
960
960
965
976
971
977
977
970
969
978
977
976
970
969
981
979
988
991
992
993
991
982
964
965
969
958
956
954
959
957
958
968
970
963
964
962
973
972
966
956
949
947
952
945
946
946
955
963
950
952
962
963
965
963
961
967
969
981
986
987
981
985
997
992
995
996
1002
1001
1000
1004
1000
995
989
993
999
998
1002
990
990
991
986
979
984
993
997
989
983
992
995
990
981
975
974
979
982
976
962
959
960
948
949
954
951
966
964
965
968
967
947
952
956
957
960
953
957
962
971
963
963
963
956
950
950
957
950
949
956
952
951
952
951
946
954
957
955
962
962
960
963
962
964
965
975
978
979
975
981
977
972
978
976
978
975
975
979
988
988
983
979
979
981
980
980
979
976
973
963
967
962
965
965
968
965
966
967
973
970
973
970
962
962
968
956
954
951
952
951
947
941
934
933
932
921
926
929
928
938
938
941
949
942
940
941
942
940
946
943
940
936
938
932
931
938
944
941
935
934
948
945
944
948
942
943
943
943
943
947
950
951
948
945
953
950
947
942
951
957
944
945
947
939
923
912
912
920
930
939
935
935
940
948
945
937
947
947
945
953
953
958
956
944
942
942
935
939
935
929
926
932
935
935
944
941
940
934
926
925
917
924
916
913
912
913
913
917
916
919
911
908
906
904
900
894
891
894
896
886
879
877
868
870
878
889
889
896
895
897
896
892
893
889
888
888
891
896
896
897
900
899
898
899
893
886
890
892
907
908
905
904
915
910
909
905
902
907
906
904
905
897
890
887
891
887
882
879
879
878
876
875
868
862
861
854
852
857
852
855
854
853
854
854
854
855
855
853
859
853
851
854
853
849
848
850
841
851
852
857
863
870
881
885
887
885
892
880
880
886
889
878
873
883
880
876
868
862
860
863
853
857
856
858
854
859
866
877
874
871
880
872
868
871
881
888
883
887
884
896
899
899
902
915
923
924
922
929
932
942
944
941
938
928
934
934
931
924
926
909
908
913
909
905
901
889
888
894
900
915
916
918
912
905
900
897
900
894
892
894
897
899
901
907
896
895
896
893
895
897
899
899
906
906
903
895
903
908
905
893
891
883
889
886
886
885
877
868
872
863
883
886
886
886
886
887
880
877
877
876
874
874
874
869
876
880
889
889
897
893
884
885
885
884
889
890
889
891
894
887
887
886
888
881
874
877
875
877
867
869
871
876
889
890
898
895
902
910
902
904
893
889
886
891
885
880
880
875
877
867
865
872
879
882
872
879
886
888
897
893
882
878
872
865
871
867
872
875
877
874
868
870
866
859
855
847
861
868
863
853
860
864
858
854
856
857
856
850
855
845
844
836
839
839
836
824
826
824
818
820
819
818
814
805
810
804
809
811
811
813
810
810
808
804
807
804
806
810
810
807
805
802
799
803
807
801
798
793
782
780
778
775
780
786
788
798
796
792
793
788
788
788
783
786
789
789
784
784
776
775
773
773
772
771
769
761
763
752
747
742
744
742
743
740
743
753
750
754
757
765
764
764
769
765
772
776
768
772
776
776
782
773
777
772
777
786
784
783
789
787
782
781
783
778
769
768
763
757
760
768
772
771
774
772
780
778
790
785
792
786
785
788
777
778
778
777
774
777
772
769
763
760
751
746
745
744
734
733
729
727
722
719
729
734
734
740
740
740
741
748
750
757
763
764
772
774
772
773
766
765
764
760
762
763
762
757
760
771
778
774
775
773
777
782
787
799
806
803
808
797
807
809
798
800
803
810
800
804
809
805
806
807
810
824
827
834
833
832
832
827
832
839
845
841
836
835
840
838
838
832
830
832
837
844
841
840
843
842
850
860
864
863
857
861
861
865
862
861
867
866
860
852
850
854
850
856
856
858
855
850
846
853
851
852
848
848
845
847
843
846
851
844
839
834
834
851
846
851
855
856
848
839
848
842
849
849
853
851
848
844
846
844
842
842
849
846
856
852
853
857
863
867
865
870
870
870
869
868
881
885
890
883
880
886
886
896
902
902
901
891
899
894
899
902
903
902
906
904
908
905
911
913
930
934
939
934
939
944
947
947
964
955
956
959
950
958
950
943
937
943
943
941
936
936
939
938
937
945
950
945
939
932
921
903
909
916
917
918
919
934
940
935
933
939
941
941
942
932
930
933
926
929
918
927
921
921
931
935
935
928
921
917
920
923
932
931
925
934
938
936
942
929
920
926
927
932
924
921
909
913
914
907
900
887
893
899
897
901
905
898
890
895
891
888
889
893
893
894
894
891
894
898
899
889
874
872
867
867
877
874
869
873
871
870
880
878
878
891
892
890
893
899
899
888
897
894
890
891
898
893
891
891
893
891
884
887
890
888
891
889
892
894
898
902
903
897
897
896
894
895
902
896
900
899
898
899
898
894
906
906
899
896
894
892
892
893
892
894
896
895
897
895
888
886
880
880
881
894
879
874
878
877
878
877
875
866
870
867
870
872
872
865
871
875
872
862
848
858
851
855
854
850
846
842
851
845
841
840
839
841
845
838
828
834
833
838
833
837
840
845
835
824
819
822
821
822
828
824
828
829
840
841
847
848
844
846
834
831
830
833
836
836
836
836
835
832
824
827
831
831
816
824
828
828
817
829
823
836
834
839
837
836
834
838
843
836
839
843
848
846
840
837
829
833
830
821
827
825
831
833
839
836
837
831
830
835
830
832
831
834
831
835
833
819
812
814
808
808
806
804
806
819
813
817
814
816
816
820
819
821
820
825
823
821
821
813
807
808
802
801
805
798
794
800
800
807
800
798
800
792
795
797
801
805
803
805
808
810
812
812
816
821
812
821
819
818
815
822
828
825
827
839
836
835
830
830
832
832
837
837
839
830
830
835
827
819
817
825
820
824
819
812
813
816
814
808
801
794
789
791
790
798
793
793
780
771
770
770
772
774
772
768
759
756
747
743
746
748
745
741
739
738
743
761
757
756
762
756
759
755
751
752
755
753
755
754
761
762
766
763
771
765
762
769
776
779
769
765
774
779
776
778
768
772
770
766
771
777
773
769
776
775
766
762
756
759
768
773
769
772
772
778
779
786
791
782
786
791
789
801
797
802
798
800
799
804
809
805
808
821
818
822
825
822
822
817
810
800
797
796
795
791
791
789
797
795
795
800
787
786
782
779
771
768
763
765
770
769
768
772
774
783
784
787
788
785
792
790
795
786
793
789
790
797
797
795
804
808
806
808
814
813
820
811
806
802
811
820
817
815
822
824
822
822
826
821
822
816
812
810
811
810
809
811
809
805
812
804
808
805
810
808
816
812
804
815
811
813
823
819
821
827
830
836
821
815
816
824
820
821
821
820
822
821
828
828
832
823
821
821
821
830
835
836
837
842
843
837
835
837
832
829
837
834
838
840
839
846
841
837
832
829
836
833
833
833
829
832
837
841
840
843
841
844
848
848
850
848
850
843
849
862
864
859
859
853
848
844
844
833
839
847
844
853
856
852
851
850
848
847
855
851
849
849
847
843
846
846
849
842
850
843
851
840
842
850
852
853
844
847
853
859
858
862
864
865
862
859
854
860
868
869
865
865
869
869
868
868
856
849
841
837
839
842
835
842
846
841
844
859
851
851
859
856
855
865
866
878
888
895
905
908
905
908
907
905
902
896
900
899
903
902
895
900
894
895
892
891
894
894
891
880
878
878
866
864
873
866
855
855
847
842
836
836
840
830
829
839
842
842
838
842
839
842
841
849
847
857
853
854
854
855
850
850
859
861
856
876
878
875
882
886
892
893
896
886
887
883
884
877
881
883
883
879
872
880
875
880
882
884
895
892
883
887
882
890
897
886
890
897
894
901
903
907
913
914
912
901
898
898
902
900
902
896
893
894
894
901
900
898
897
902
899
904
900
891
887
893
897
889
892
893
891
899
901
895
894
892
894
897
905
905
907
910
901
893
888
880
883
883
889
879
882
873
874
877
874
867
869
868
868
864
863
871
879
892
885
883
875
871
877
875
871
868
865
863
857
850
848
848
843
849
847
845
844
848
853
857
847
846
854
848
854
850
846
848
843
845
843
847
850
849
843
841
845
838
834
835
823
825
826
833
828
819
823
818
816
816
814
819
824
824
818
823
811
814
819
819
808
805
800
802
806
805
803
797
805
820
818
831
837
832
830
829
841
840
841
846
846
846
851
850
853
859
858
854
856
855
848
851
855
858
853
858
850
851
846
840
837
833
832
833
821
822
813
816
815
800
802
808
804
798
804
808
805
803
791
804
804
791
786
786
789
784
788
789
794
793
789
797
798
801
801
804
801
797
796
796
800
811
816
812
816
809
815
817
814
813
811
810
812
815
822
818
819
817
816
816
813
809
817
811
819
819
808
810
814
810
813
815
812
812
815
823
823
821
820
817
815
814
810
814
823
818
813
805
812
806
807
807
799
816
818
810
813
816
812
812
804
813
816
813
801
793
789
780
773
763
751
759
757
755
748
740
747
743
754
765
773
764
760
755
760
756
759
760
758
761
767
764
766
759
757
757
768
768
762
772
767
767
771
777
778
777
770
762
752
746
751
757
754
757
762
751
748
751
746
741
743
747
745
738
739
743
746
750
746
747
746
755
749
758
761
765
774
770
767
768
754
747
741
743
733
727
737
735
731
732
730
722
723
725
724
722
722
722
711
705
699
701
694
687
697
693
689
690
690
679
677
679
678
681
693
691
696
700
708
701
702
703
696
696
697
698
701
691
693
696
690
689
684
686
683
680
673
682
679
678
686
691
692
694
704
702
694
697
697
691
697
692
689
688
687
683
683
682
678
687
681
679
677
677
670
667
665
663
673
677
677
678
669
669
663
661
663
671
679
682
676
679
674
667
671
680
677
674
687
689
696
692
688
691
689
699
692
691
692
694
693
693
695
694
690
686
689
684
678
684
689
688
692
695
689
692
688
687
692
697
695
692
697
693
698
697
697
701
702
699
691
700
698
698
696
690
687
679
676
675
664
668
665
674
677
667
672
669
675
668
667
673
678
676
675
682
685
676
683
688
684
688
689
696
686
684
688
687
687
685
683
672
671
676
671
671
673
677
682
682
680
680
687
692
690
705
718
725
726
725
727
728
719
714
711
719
719
725
722
722
727
731
723
719
719
721
731
717
710
711
709
710
710
717
725
725
722
732
739
729
733
740
735
741
751
749
748
753
746
742
744
748
754
745
742
732
730
721
720
727
729
727
731
726
733
732
737
737
738
730
720
721
723
718
708
707
710
708
710
711
715
707
713
696
699
697
696
695
682
681
683
683
685
684
687
683
689
684
679
684
683
688
689
686
677
677
666
668
668
671
662
663
661
651
658
674
670
683
684
677
673
667
666
664
654
666
671
674
674
673
673
669
670
671
667
664
659
660
661
659
669
657
662
659
656
662
668
679
687
694
696
691
695
690
684
673
667
666
665
656
666
673
673
680
668
664
672
675
684
705
704
712
708
718
721
728
732
725
730
720
726
722
715
702
710
710
720
730
715
715
717
713
708
715
722
727
739
748
750
747
751
753
743
738
735
726
721
720
718
728
728
728
718
713
716
712
708
707
706
709
709
704
706
713
713
709
718
720
720
720
722
723
721
728
723
723
724
729
723
715
716
729
724
715
712
710
701
702
700
690
695
687
695
688
685
680
668
664
660
662
674
677
665
660
667
666
669
675
673
671
671
675
683
686
691
680
679
681
687
685
686
678
681
684
686
684
684
693
704
700
703
710
707
713
696
701
703
697
710
718
714
719
722
721
723
721
723
720
713
721
717
717
721
718
729
733
744
730
738
740
735
730
724
730
736
731
729
728
729
724
725
727
727
727
724
729
726
727
729
738
738
733
730
723
720
719
718
720
725
730
731
726
722
721
716
719
723
729
724
724
720
717
725
721
737
723
736
738
745
747
746
737
732
732
727
731
722
708
705
697
693
700
697
695
693
694
693
686
681
681
682
699
701
701
697
697
701
691
704
695
692
699
699
705
710
714
719
726
735
738
740
734
740
739
737
739
737
739
745
749
744
741
753
744
749
747
739
732
729
733
737
733
737
734
731
730
733
726
732
736
733
731
730
733
733
741
754
757
761
756
765
762
766
763
759
765
768
773
769
760
753
758
756
747
747
753
756
742
738
745
752
754
751
747
755
758
749
753
747
747
743
731
720
721
711
703
705
699
699
694
699
686
679
681
685
678
682
681
687
686
683
674
666
655
655
657
661
662
668
657
658
668
668
665
668
663
662
664
659
654
655
649
642
644
639
639
646
642
639
641
651
654
658
652
655
657
665
668
672
673
669
668
665
662
663
670
674
676
684
680
681
673
672
674
668
665
670
663
665
667
662
664
655
661
662
666
661
662
650
645
649
650
651
655
661
654
657
658
659
665
677
670
667
664
647
651
647
645
650
655
649
652
649
653
652
642
638
634
623
614
622
624
612
615
615
612
611
614
621
618
614
613
606
608
614
618
618
626
622
622
614
614
613
610
606
598
599
590
587
589
601
604
607
602
597
595
596
598
595
598
590
593
585
580
582
581
576
581
583
586
589
580
584
578
581
585
584
582
574
572
574
586
584
587
584
577
573
582
579
577
570
564
563
552
545
537
541
538
537
528
531
536
534
541
544
546
547
540
551
549
548
546
552
547
553
551
544
542
537
537
526
528
523
523
524
531
541
536
539
549
548
548
548
547
551
539
538
536
541
538
544
537
546
543
543
538
539
536
540
546
552
556
558
559
558
563
558
551
548
541
540
542
547
549
547
552
548
557
564
554
555
549
556
556
553
560
560
557
557
557
562
564
566
562
562
560
561
549
552
559
559
566
566
563
566
574
568
567
565
561
556
561
566
566
569
567
574
572
579
579
582
587
581
592
593
604
605
607
605
605
603
597
590
597
601
604
596
593
597
597
587
576
575
575
576
579
576
592
591
590
596
597
593
595
598
595
590
594
589
586
588
595
589
595
581
582
585
585
581
583
580
580
578
575
570
574
577
583
581
576
570
567
554
546
549
544
549
546
548
540
542
547
555
557
559
565
565
571
570
567
564
562
557
557
559
557
554
545
552
554
543
530
529
539
550
567
570
564
578
568
577
578
584
579
585
580
570
575
572
581
579
563
556
552
556
559
564
579
575
576
570
576
573
568
560
568
563
573
574
562
554
554
553
557
557
559
559
562
560
561
558
563
573
573
581
580
577
575
580
581
591
599
605
609
606
608
598
597
588
582
585
585
585
582
570
570
564
570
568
581
577
591
598
596
594
606
601
601
605
607
610
616
624
619
613
613
606
609
610
604
595
589
593
593
607
599
604
604
612
603
593
595
597
600
594
586
594
595
594
600
603
612
622
619
622
617
616
614
615
621
622
627
620
617
622
617
621
624
628
621
632
634
639
643
656
658
662
657
664
665
662
663
669
666
668
665
661
666
676
677
671
667
673
673
671
664
665
665
672
668
670
659
663
664
655
655
649
654
653
648
640
643
638
649
649
655
651
653
658
652
648
643
648
646
641
634
620
620
624
622
632
630
628
626
627
637
640
640
640
638
641
638
637
631
623
633
631
616
612
610
608
614
619
614
609
612
619
626
617
622
625
618
620
617
619
624
623
626
625
621
618
620
622
621
610
608
605
619
610
613
614
628
630
631
625
621
628
620
607
608
610
611
600
588
584
577
582
577
579
581
582
577
588
586
593
590
590
600
603
602
606
615
618
623
627
628
634
640
646
648
646
648
642
639
628
634
644
656
667
669
668
670
672
685
675
677
668
671
670
653
653
651
649
660
662
657
659
659
666
671
680
674
666
668
672
673
667
675
672
670
664
673
673
672
675
674
669
670
670
678
686
686
692
690
699
693
685
685
685
679
676
677
676
676
673
684
694
699
699
694
703
702
695
701
705
699
701
710
723
714
722
719
722
725
723
722
720
728
733
743
751
750
757
767
777
783
787
782
776
772
779
788
786
787
783
782
786
791
794
783
783
778
775
772
772
761
760
760
765
766
770
770
776
769
764
764
770
765
755
748
756
759
774
780
787
790
798
799
800
793
794
788
788
786
779
781
769
772
769
774
783
784
788
793
790
791
792
793
796
800
797
795
797
806
806
801
801
801
802
807
814
811
805
808
811
802
803
800
809
807
818
823
819
812
817
823
820
817
818
819
820
825
827
821
816
819
821
826
819
822
819
819
817
823
825
834
838
835
833
835
835
835
830
825
821
829
821
834
834
834
837
841
838
829
831
832
830
827
829
834
839
836
828
822
824
821
821
829
835
832
835
829
829
828
839
841
852
855
859
862
862
871
865
862
863
864
861
857
866
872
875
872
880
873
877
873
873
873
863
858
864
861
864
859
856
859
861
872
864
860
864
869
867
873
871
875
876
872
871
861
856
852
858
861
856
865
862
868
863
864
866
867
860
856
855
862
859
856
853
853
846
846
858
856
851
851
854
847
848
854
851
858
854
855
856
852
856
866
870
867
874
879
879
880
879
874
868
878
875
866
867
869
869
870
873
876
873
872
867
869
863
861
861
863
861
860
856
861
857
854
852
851
850
849
853
849
852
855
858
866
873
873
867
858
854
853
863
858
858
859
859
858
861
857
851
847
849
851
854
857
861
866
868
865
869
872
878
882
880
877
867
869
871
876
877
878
889
886
885
892
886
887
888
889
887
881
883
882
879
883
878
879
888
885
883
877
872
872
873
876
880
873
869
867
867
867
860
863
852
848
851
850
869
871
874
868
859
862
861
857
851
845
852
841
841
843
839
838
835
841
847
849
852
853
850
852
848
853
847
843
849
845
842
836
850
853
846
852
855
861
860
867
859
857
858
864
872
878
878
882
885
882
879
881
890
889
884
888
882
882
877
871
871
862
871
872
870
867
862
852
866
865
861
861
867
862
857
858
851
852
847
847
856
855
864
877
882
872
869
870
869
859
853
853
844
846
852
855
850
855
859
855
846
847
849
844
839
841
829
829
834
836
828
827
828
835
837
838
845
848
848
852
850
848
850
853
853
851
855
852
843
844
841
837
832
836
835
839
852
859
864
864
868
870
872
864
864
868
865
867
869
868
869
865
866
865
850
846
842
841
839
845
848
859
858
855
862
863
864
865
882
872
870
876
863
865
861
860
863
854
857
849
851
852
848
851
842
834
830
818
811
816
816
815
810
802
808
811
807
796
794
788
789
785
786
783
773
767
754
757
763
765
768
759
766
768
764
772
775
776
773
777
772
762
759
762
760
755
757
758
758
762
765
770
769
762
758
763
769
771
777
777
772
767
777
777
780
789
784
789
795
800
800
797
804
799
790
796
790
782
794
800
805
807
811
806
803
804
806
808
804
798
799
800
797
798
793
782
770
778
782
779
774
772
782
775
778
782
789
784
780
781
786
782
786
787
789
782
782
788
779
780
777
770
767
763
764
760
755
739
750
763
764
766
761
761
764
758
770
769
776
774
778
780
766
764
762
751
747
745
734
732
731
738
735
725
734
732
732
726
728
729
728
735
725
718
720
718
725
719
729
723
728
723
728
724
730
728
726
730
733
723
720
719
720
711
712
712
712
710
713
712
701
700
686
676
679
664
671
668
668
660
660
653
642
643
642
633
641
642
642
645
651
652
647
644
639
631
630
627
624
626
639
641
634
638
631
631
631
639
645
641
644
640
636
641
652
651
655
646
642
649
644
640
641
638
645
655
658
660
656
660
663
664
669
673
673
672
676
685
675
668
674
668
674
669
661
656
658
668
659
663
654
659
657
649
639
644
646
646
656
663
665
673
674
682
680
681
681
688
689
684
677
674
670
664
661
666
670
665
668
674
676
677
682
687
694
695
691
693
692
700
703
695
704
713
723
717
718
711
711
710
712
713
711
714
712
723
720
728
724
725
727
718
709
719
711
711
715
708
720
715
717
725
725
723
728
718
723
725
713
708
706
702
699
706
702
702
705
703
705
713
706
705
703
707
703
704
699
692
703
710
712
711
715
722
717
720
722
721
713
714
706
705
704
703
709
714
716
706
704
700
701
708
704
708
708
716
708
706
701
709
705
705
705
710
711
711
718
708
716
718
716
721
727
724
732
735
738
747
743
746
757
764
762
765
757
762
757
761
753
751
758
758
761
770
768
770
780
776
778
774
774
772
779
793
790
793
795
805
803
806
805
810
814
815
817
823
813
821
822
825
825
823
817
810
814
802
791
788
790
801
809
808
813
810
808
798
800
812
808
813
821
812
810
813
811
807
806
818
818
822
826
824
810
810
816
818
817
815
811
814
815
813
811
814
806
801
797
794
792
785
779
766
765
773
761
770
758
756
754
760
755
751
746
737
741
743
753
752
757
761
763
764
769
769
763
755
750
755
750
754
745
748
749
745
742
742
739
737
745
749
757
750
761
755
760
762
760
765
756
757
753
756
758
763
774
778
774
768
766
761
755
759
769
779
777
781
773
778
773
775
766
758
750
754
753
758
751
744
734
741
728
726
724
720
717
716
723
728
728
729
727
734
731
729
729
726
720
725
722
716
715
707
711
707
710
716
729
732
733
731
738
743
743
741
730
734
739
733
730
731
735
737
738
735
736
734
728
722
723
719
715
716
713
709
717
714
710
715
717
712
716
717
720
721
730
720
718
716
711
706
702
699
701
694
694
698
701
700
701
705
717
717
713
712
712
720
727
727
728
734
737
734
733
724
735
733
740
745
748
743
742
741
741
744
751
754
746
747
742
751
750
754
756
758
756
754
768
765
761
772
774
770
766
763
760
764
759
767
770
769
767
766
770
775
769
761
759
763
763
769
778
773
778
783
777
776
775
780
783
786
780
782
775
773
767
771
773
774
771
772
773
773
765
772
779
768
759
760
753
737
737
744
748
753
748
752
759
747
751
748
745
736
736
736
725
735
734
734
731
729
729
723
722
729
731
722
727
730
731
748
753
756
756
757
764
762
761
774
773
776
768
767
763
764
764
769
778
790
793
792
799
793
786
795
797
792
790
790
786
794
791
793
802
798
804
808
808
814
818
819
812
812
817
826
822
829
836
831
832
837
831
829
834
832
829
828
822
820
818
815
810
814
825
837
837
835
842
842
838
834
829
835
834
844
839
834
836
832
837
842
843
839
833
831
829
833
834
847
847
850
844
851
854
860
856
849
853
859
852
854
847
830
829
829
823
820
821
819
824
834
827
830
837
835
823
823
826
830
825
828
825
827
826
828
822
819
819
820
821
818
817
823
817
814
817
818
815
819
822
820
811
816
810
807
807
812
819
818
812
808
816
817
817
810
807
810
814
817
811
808
809
807
799
792
795
793
792
790
791
804
802
800
805
811
809
808
813
814
816
810
812
815
809
806
800
805
796
801
791
793
789
787
787
776
772
771
771
765
776
768
758
751
749
752
751
759
750
746
748
748
752
753
759
762
755
754
763
761
750
750
749
751
752
748
743
746
737
743
738
747
746
750
747
761
756
746
746
753
754
761
749
746
753
748
748
744
748
749
753
749
747
738
734
736
730
731
732
733
739
725
729
730
737
741
749
749
739
732
734
736
737
737
744
745
741
743
749
757
750
750
755
753
746
749
757
763
769
766
757
769
771
769
773
775
769
771
767
767
773
777
781
781
775
770
764
765
770
778
773
764
762
763
769
770
772
769
767
763
763
763
759
762
754
749
753
753
742
748
740
739
740
732
734
732
740
726
721
716
703
701
701
693
699
699
706
703
704
716
720
723
726
733
732
737
739
735
728
737
729
728
730
728
717
714
716
723
719
710
714
713
714
713
706
710
714
704
706
702
703
702
702
698
692
694
702
711
707
712
711
720
720
718
712
717
717
708
714
705
701
699
695
688
683
690
683
677
679
676
683
690
694
691
696
692
705
703
693
690
695
697
706
712
719
713
707
703
700
701
693
690
690
695
696
698
693
693
700
697
704
707
704
702
690
680
675
668
663
654
651
645
646
652
658
654
655
646
640
639
633
639
637
634
636
626
633
630
633
633
640
645
646
641
641
643
646
646
651
651
651
660
657
651
653
653
652
658
657
657
655
653
647
648
638
632
631
645
654
656
657
652
651
653
653
648
659
657
661
660
655
645
652
657
650
656
655
647
642
647
655
653
655
652
656
655
654
652
654
650
654
653
658
656
644
653
650
646
646
640
636
642
649
661
654
652
647
643
636
641
643
638
634
634
634
639
626
621
629
626
641
651
650
650
646
636
644
644
645
646
637
638
639
637
629
634
642
641
648
660
662
665
665
664
664
668
662
658
652
652
658
664
664
670
669
678
682
691
687
694
696
691
689
676
676
676
676
669
656
663
662
652
649
643
646
648
646
639
643
636
632
633
635
633
627
627
630
637
642
640
637
636
625
637
639
636
631
630
633
635
634
631
643
641
645
643
632
635
630
630
618
618
618
615
607
605
595
589
580
578
583
578
580
584
586
580
576
579
575
580
593
583
579
587
592
591
591
595
589
592
585
577
576
574
576
582
580
585
594
599
597
596
598
597
602
595
589
586
591
598
603
617
613
614
620
622
616
614
610
615
611
613
607
616
621
622
622
623
622
621
626
619
616
618
603
605
605
599
596
595
603
600
595
591
589
585
591
588
596
593
593
586
584
589
594
590
585
581
576
574
573
566
571
573
578
578
571
560
560
567
558
568
573
568
564
566
564
561
562
568
571
568
560
556
577
583
581
583
584
580
578
579
587
590
591
584
587
572
568
573
569
562
553
557
551
557
567
566
570
571
566
567
562
556
558
553
552
554
561
567
567
561
565
565
564
558
556
561
569
567
559
559
553
551
554
556
560
564
566
558
557
553
549
552
553
556
558
561
565
565
567
567
569
576
566
566
573
577
579
577
576
577
586
583
579
578
578
582
585
584
583
585
591
593
594
596
612
609
604
604
600
603
607
604
605
597
600
593
594
594
592
595
591
594
596
609
621
626
633
633
641
636
637
645
645
647
647
650
660
660
647
647
644
638
633
630
636
635
638
642
646
634
632
634
631
625
618
616
617
616
618
619
614
619
616
621
618
626
623
611
611
609
607
607
603
608
610
611
614
603
599
596
590
591
590
590
594
589
585
587
589
592
595
599
602
604
608
609
598
595
593
595
585
585
593
591
588
591
584
591
596
594
595
597
596
604
604
606
605
618
623
625
632
630
632
632
632
631
633
632
625
619
627
629
618
624
626
629
628
631
640
637
644
646
652
661
645
647
664
663
659
654
654
665
659
657
645
638
656
660
656
653
649
647
646
645
645
654
652
651
651
657
655
652
644
639
645
647
641
643
641
634
634
635
642
648
642
634
632
624
626
631
622
621
626
627
628
628
627
630
617
624
618
623
617
611
604
601
599
599
604
602
600
595
594
599
596
598
583
582
579
580
582
565
572
564
556
559
563
554
558
561
573
570
564
572
570
569
568
573
571
569
579
578
571
573
580
583
591
592
597
603
602
598
602
606
608
603
604
601
603
606
603
600
605
606
613
611
611
606
604
613
613
611
619
626
620
629
629
637
636
632
634
635
640
644
641
647
650
638
643
629
618
611
612
614
606
605
616
617
608
611
619
620
620
620
624
636
637
642
642
636
642
648
643
647
658
652
652
668
666
669
677
683
683
686
690
691
691
693
684
689
694
693
691
690
696
676
678
684
691
698
701
700
701
709
707
709
717
728
734
732
733
730
735
730
726
722
722
724
716
715
718
715
717
722
727
735
728
730
732
727
731
729
741
744
742
747
746
744
743
749
747
744
752
748
744
737
738
742
738
739
739
739
740
742
748
740
735
744
746
743
744
748
741
735
735
738
732
727
713
707
706
716
724
714
712
711
715
732
723
726
734
736
735
734
738
742
745
758
757
754
754
754
757
759
754
757
755
755
755
762
768
764
763
776
783
797
802
809
803
803
795
790
786
784
786
785
785
785
782
778
783
782
784
784
782
780
781
782
780
773
774
766
770
775
786
779
784
788
778
778
777
784
779
777
770
770
767
767
757
758
757
760
762
771
774
769
772
766
768
772
771
769
767
771
768
770
764
753
748
744
740
747
755
756
760
750
751
749
744
731
727
721
723
731
727
718
716
725
725
715
723
731
730
733
735
737
739
745
745
745
758
760
760
766
754
751
751
738
743
747
744
733
733
738
754
756
742
743
742
739
736
738
737
731
730
731
731
735
738
744
742
730
736
737
734
742
738
744
743
750
742
739
748
751
741
745
747
747
754
749
747
741
736
735
739
736
741
742
749
751
759
761
764
764
763
757
755
759
761
757
769
770
764
756
753
758
755
752
755
748
746
746
745
740
735
728
718
725
730
733
730
731
718
725
726
730
724
722
721
713
720
729
727
727
722
726
720
715
720
717
718
712
722
731
730
733
722
725
721
723
723
722
720
722
715
713
708
705
701
701
702
701
694
687
692
699
697
687
683
683
682
682
688
679
676
674
679
681
678
678
664
671
671
674
667
668
669
675
675
672
675
672
670
669
666
662
669
670
670
676
670
674
657
658
648
649
632
638
631
631
632
624
628
623
623
623
612
607
607
609
605
606
591
593
592
600
597
603
614
615
609
613
609
603
597
593
590
585
592
591
588
587
589
589
594
587
588
600
600
606
611
621
617
629
626
621
617
615
611
618
617
625
626
628
635
631
626
628
630
625
630
630
621
610
607
598
601
598
604
614
619
609
613
620
606
597
602
604
602
605
608
600
602
602
595
595
592
591
581
574
567
562
558
560
567
553
557
558
562
557
552
548
549
542
542
541
536
539
546
538
542
541
547
550
540
542
547
548
548
553
547
540
544
536
531
533
532
525
521
523
519
516
517
520
520
531
534
533
541
538
541
545
541
545
550
554
551
551
544
537
531
533
539
542
539
536
540
538
532
531
530
530
529
531
537
537
534
537
534
529
522
519
516
528
527
518
510
514
513
519
525
521
521
515
515
515
514
506
500
499
509
510
502
498
500
505
513
511
513
508
509
505
504
504
497
511
499
496
499
505
506
509
506
497
498
503
513
518
518
519
527
521
521
515
518
517
514
521
518
522
523
521
521
528
543
543
550
547
551
555
546
540
547
554
554
554
552
550
553
555
550
550
553
552
553
547
556
552
545
539
539
535
539
537
537
545
546
538
525
520
512
519
526
526
523
530
526
519
522
522
526
523
517
520
512
505
502
516
513
513
508
513
517
515
526
522
528
531
535
531
539
544
539
540
537
545
547
545
555
557
556
559
553
562
565
561
556
545
550
550
554
560
565
566
565
565
564
562
555
547
545
539
552
557
564
566
569
576
569
570
569
567
575
577
586
594
604
595
597
600
602
597
589
586
587
592
594
595
590
586
590
592
589
592
596
594
603
593
590
585
580
581
580
578
571
573
579
567
570
565
558
544
534
538
540
539
539
544
542
546
538
534
535
543
553
565
567
561
569
572
576
571
581
591
598
598
600
590
594
595
589
591
593
601
610
607
607
613
616
619
627
630
630
640
643
637
650
650
651
660
661
650
644
637
637
632
633
637
633
635
643
642
648
643
648
647
647
643
642
646
641
636
632
626
630
630
627
630
629
637
632
618
623
623
630
630
622
622
618
628
622
612
613
621
617
610
623
637
641
647
646
652
649
655
652
653
646
646
641
639
639
644
646
652
656
666
666
672
668
660
667
661
656
660
659
666
666
655
669
662
664
666
668
676
672
671
680
685
701
700
701
697
696
697
699
703
710
715
718
724
726
727
729
727
731
727
722
719
724
722
721
718
723
720
719
718
714
711
708
702
695
689
697
692
688
684
689
690
678
686
693
699
703
700
709
705
701
714
718
726
726
731
727
731
744
743
743
741
740
734
732
719
712
721
718
722
718
720
707
698
692
714
713
704
698
700
697
694
697
703
700
699
707
714
714
717
713
708
711
709
703
707
710
705
706
715
723
715
715
717
716
716
724
728
719
721
726
725
711
698
709
717
713
713
706
714
719
728
719
725
736
739
732
736
736
745
738
743
757
753
748
759
761
755
759
768
771
765
763
760
754
742
729
727
729
723
734
737
744
741
727
720
711
712
713
712
715
717
716
717
714
717
714
707
704
702
695
691
684
684
684
691
692
695
694
684
679
685
691
693
695
705
697
702
706
709
707
706
707
701
703
707
706
713
717
716
716
717
718
723
713
715
722
724
723
723
720
723
718
725
728
724
716
716
724
723
728
724
722
734
722
727
728
730
737
736
740
744
741
743
738
741
749
745
745
739
735
739
741
736
739
739
743
744
740
742
734
743
738
735
738
741
742
739
735
729
726
730
726
723
728
725
738
740
742
746
756
755
755
758
756
747
741
755
754
753
747
758
766
773
777
773
770
767
767
770
774
773
773
764
759
758
755
773
777
773
772
763
767
775
781
777
776
780
787
779
781
780
786
778
765
757
762
763
754
752
763
770
775
783
794
799
802
797
796
797
792
792
791
788
786
777
780
783
797
790
790
792
797
798
803
813
821
828
835
837
840
846
846
847
851
851
844
850
846
852
852
845
840
834
837
839
840
844
846
845
851
855
848
850
842
845
848
854
847
842
850
857
857
848
849
836
829
824
821
820
809
805
804
801
801
798
803
804
799
794
793
794
786
797
782
786
792
794
799
791
794
782
781
787
778
784
774
778
779
781
778
776
773
778
777
779
779
789
793
792
797
799
796
794
794
796
797
802
812
806
805
804
804
808
811
796
790
786
778
780
785
776
774
777
771
772
759
760
763
762
774
769
771
766
768
767
769
769
763
768
765
761
761
759
757
755
762
764
765
766
760
758
754
757
761
759
766
770
763
769
768
766
756
759
760
759
768
766
763
767
765
763
758
758
759
757
756
749
743
742
737
737
737
744
743
738
737
749
758
761
766
761
763
763
763
752
748
752
752
747
750
740
747
743
736
737
734
733
724
725
726
732
738
734
728
724
733
735
734
729
728
742
742
750
750
756
757
762
756
756
752
751
758
762
758
754
752
746
743
733
735
726
715
717
719
712
716
717
714
717
716
713
717
720
724
722
721
731
726
718
712
706
708
707
704
718
714
722
720
721
720
724
715
721
719
730
737
733
736
730
724
726
735
731
726
723
726
726
732
735
736
731
736
737
737
742
736
735
730
734
734
729
731
726
732
722
727
719
715
712
721
724
731
723
724
720
719
714
719
714
712
713
717
711
707
703
702
705
708
714
711
708
708
714
710
710
700
695
694
688
677
674
679
675
684
692
694
695
701
695
695
693
698
692
691
683
684
677
682
691
699
700
701
695
696
691
692
691
687
685
675
676
677
678
674
672
675
682
684
679
679
677
681
695
697
694
686
683
679
674
681
683
685
688
687
687
684
682
678
685
685
691
689
691
692
683
687
688
694
686
690
694
696
701
702
707
697
700
697
705
708
707
703
693
693
696
689
687
678
674
675
686
697
704
695
689
694
697
697
695
699
701
699
699
704
702
699
706
716
715
724
729
734
727
723
721
723
722
722
726
717
712
700
706
713
715
714
715
716
712
714
718
720
724
719
724
717
715
718
715
719
731
724
728
734
740
748
760
756
762
755
754
749
745
752
753
760
754
746
746
750
747
758
756
756
754
752
744
739
734
739
732
736
729
729
731
731
725
722
726
723
723
716
721
711
716
724
725
725
718
720
722
715
714
708
701
705
703
696
705
697
703
694
689
684
681
690
701
704
699
701
709
711
719
712
713
707
707
708
705
713
713
711
717
720
726
724
715
718
721
719
721
730
736
743
754
749
747
749
745
749
748
744
755
752
746
743
738
736
734
735
742
738
739
735
734
739
745
742
738
745
751
750
753
753
760
764
769
765
769
773
779
779
776
774
773
767
775
777
790
787
788
796
797
804
806
809
817
813
811
803
802
793
795
784
785
788
783
787
782
786
798
802
803
798
806
801
802
808
800
794
794
796
793
797
803
803
806
809
805
805
805
802
802
798
790
790
796
801
808
810
814
811
813
809
805
811
808
807
800
800
791
796
802
786
783
791
805
802
797
798
798
802
801
806
811
804
812
810
802
798
800
805
802
797
800
806
806
809
817
819
815
818
820
813
814
818
829
816
813
812
806
815
817
807
809
812
811
812
813
816
809
799
796
793
788
785
784
786
792
795
793
783
783
779
782
782
774
782
787
794
795
802
796
809
808
808
805
807
811
814
809
813
809
801
793
795
793
803
799
805
803
806
804
804
802
799
792
791
789
787
779
776
771
776
775
775
776
777
772
782
783
777
785
788
794
789
784
789
786
787
786
786
790
783
777
777
770
768
778
781
788
781
784
778
778
783
776
779
784
783
786
787
784
784
776
781
775
770
769
776
765
764
765
759
750
758
744
735
740
728
727
729
728
729
738
737
725
730
734
721
728
731
728
733
734
729
731
731
727
724
726
723
731
725
720
712
715
715
720
718
724
722
733
735
728
732
730
728
725
728
728
730
736
725
735
737
729
721
724
718
720
715
710
708
706
702
706
712
708
709
708
714
716
720
723
725
724
723
723
714
711
719
723
719
725
726
731
728
731
735
724
722
715
711
718
706
707
707
705
707
705
710
711
712
714
714
708
710
697
698
702
714
717
713
713
723
718
716
710
710
711
709
707
711
714
714
715
726
722
718
728
730
730
724
727
726
726
734
734
730
731
731
738
736
728
724
734
729
726
728
730
734
724
738
739
743
749
745
733
734
731
729
737
726
727
720
724
724
729
723
727
725
729
726
718
715
702
692
695
695
690
689
689
680
679
675
669
681
684
686
691
693
689
691
688
690
687
688
686
700
705
701
704
712
709
706
706
704
697
701
709
711
704
706
703
711
705
709
711
712
708
714
703
712
717
716
715
713
718
719
718
727
722
725
725
727
715
704
699
703
700
699
704
706
709
710
707
700
692
692
690
694
696
701
707
701
708
710
706
710
717
720
722
727
732
730
729
729
727
713
713
710
708
709
706
703
707
709
710
726
721
723
718
715
718
712
711
710
709
718
718
724
707
713
705
708
710
717
719
720
721
721
723
719
722
717
716
718
727
725
735
735
736
730
726
725
726
729
727
731
726
728
729
728
729
725
727
722
727
724
723
721
723
718
711
700
698
694
697
698
702
700
704
707
714
715
723
735
726
725
731
734
731
730
725
727
730
727
722
727
736
737
739
739
734
727
721
728
720
722
720
720
729
728
733
732
722
719
716
716
705
706
700
686
678
682
684
681
690
696
684
682
683
678
683
686
678
690
688
691
698
696
687
681
675
676
671
666
670
673
677
671
668
669
672
663
656
655
652
647
646
645
642
635
638
637
631
631
621
612
611
604
608
600
598
598
598
607
605
600
592
603
604
602
609
608
619
614
604
617
625
619
614
608
607
611
608
605
604
599
605
606
603
606
608
605
602
599
595
595
586
595
588
586
585
586
588
579
579
574
578
582
579
572
561
565
569
566
570
563
562
557
554
552
552
560
558
559
551
547
540
540
548
554
563
566
564
557
560
546
548
550
545
537
541
550
552
552
548
539
533
541
529
521
529
534
544
546
551
554
546
547
540
541
544
543
538
541
533
531
532
529
539
543
542
532
535
532
526
526
526
526
526
531
536
535
540
544
544
550
547
549
550
553
557
559
556
561
562
558
555
551
544
550
551
544
539
543
541
539
539
539
534
532
532
533
538
537
536
524
519
529
526
532
530
527
530
521
527
528
530
527
529
527
523
524
532
526
523
518
515
517
519
513
514
507
504
501
493
499
490
489
486
491
497
486
489
490
493
495
494
495
497
497
507
508
516
517
524
524
523
526
536
533
528
530
529
535
538
538
532
529
528
521
519
514
517
524
526
519
515
515
518
518
519
517
513
514
515
517
521
535
540
538
537
543
545
539
532
532
523
517
516
513
504
509
507
505
505
496
498
498
505
509
513
515
513
523
527
527
535
538
536
540
528
540
539
539
527
525
526
522
507
506
497
505
503
506
509
509
508
499
503
506
508
510
508
513
498
489
490
492
492
497
486
492
499
490
500
498
489
497
501
496
491
481
483
476
471
463
459
460
458
453
448
448
445
448
442
454
452
455
457
468
463
467
457
461
458
460
450
454
457
461
460
457
455
451
454
456
449
433
431
425
426
421
417
414
402
400
404
404
401
403
398
401
393
405
407
410
397
392
400
401
400
396
398
401
405
401
401
397
401
405
404
412
410
404
406
407
405
405
411
412
407
402
402
411
409
402
400
393
390
383
370
369
362
364
366
367
363
359
362
366
366
374
372
371
384
391
390
391
391
388
394
395
390
390
388
393
388
394
394
405
408
409
409
415
413
419
429
434
439
435
438
435
439
423
421
418
408
415
417
420
419
421
428
429
429
428
433
444
449
453
446
445
439
441
439
443
441
446
448
455
453
450
452
454
452
454
454
447
440
448
437
436
447
443
445
450
451
445
444
446
443
441
446
447
451
463
464
464
470
470
465
463
473
469
459
457
457
450
448
450
447
443
440
445
437
437
438
435
434
448
443
441
445
452
449
454
459
469
466
467
462
463
459
463
452
450
444
444
448
446
450
450
442
447
438
440
440
444
449
451
455
462
466
457
455
456
451
453
449
447
455
465
462
470
468
471
482
480
482
482
479
475
477
476
473
480
479
479
488
486
484
480
485
479
484
488
492
492
489
487
475
483
481
487
481
486
483
482
489
488
482
482
482
482
490
498
506
515
511
510
510
516
513
517
513
514
518
516
517
516
518
515
514
510
507
510
506
509
511
510
502
488
490
489
483
480
476
474
464
460
449
448
438
439
437
439
450
449
451
447
457
461
457
461
461
465
458
461
456
454
457
449
449
453
454
454
452
453
447
442
450
458
454
456
458
456
459
459
465
460
451
451
452
457
452
452
444
442
443
441
442
438
437
428
428
429
437
435
431
429
427
426
426
430
420
422
416
419
422
421
416
405
410
417
417
420
417
417
414
410
402
405
400
398
397
396
398
405
406
407
407
408
404
402
404
415
413
406
407
394
392
389
387
387
393
397
403
397
395
396
394
398
399
403
391
397
397
391
388
397
396
389
390
393
388
388
386
382
373
364
354
353
347
345
355
355
352
349
352
357
352
356
350
347
342
335
330
325
326
330
316
316
317
311
320
319
319
311
314
320
311
306
310
313
323
313
318
319
311
318
312
315
316
322
322
319
323
326
325
330
332
339
335
335
339
347
350
352
345
355
357
353
353
347
355
353
353
343
338
344
338
333
334
327
323
322
330
330
335
333
329
329
333
331
335
339
332
329
324
324
333
337
333
339
337
334
341
342
350
346
351
340
351
352
344
342
342
343
346
358
358
360
367
361
365
359
354
356
358
357
364
357
367
365
369
363
365
366
365
370
371
368
359
369
369
371
369
362
369
367
366
355
344
341
353
359
359
362
362
372
374
373
372
361
365
359
358
352
352
347
335
340
345
337
335
343
354
343
342
348
350
348
351
352
348
343
344
350
352
343
344
345
339
342
346
345
345
347
342
349
352
351
350
357
356
363
353
361
348
350
357
364
368
373
372
374
372
369
366
364
360
358
359
360
364
364
375
383
387
389
389
390
398
389
384
384
389
396
403
395
397
396
388
385
381
376
381
380
381
376
377
378
382
386
391
384
388
385
396
397
395
390
398
396
394
388
385
384
395
389
388
383
378
373
376
373
365
365
371
368
373
376
374
368
373
373
378
372
368
373
378
383
391
389
377
371
374
380
378
383
372
373
380
389
383
384
382
377
379
373
375
371
362
365
354
351
359
356
351
350
349
356
362
363
360
353
355
346
352
341
349
340
336
343
338
331
340
344
340
344
345
342
339
338
338
335
330
