0
13
15
13
21
24
28
21
13
25
25
27
30
29
24
17
14
19
11
8
18
24
25
32
31
27
23
28
23
24
20
11
16
13
20
16
20
19
15
19
15
17
11
14
20
19
16
15
17
20
18
13
17
13
20
20
20
21
27
33
30
24
23
27
31
39
41
38
34
38
42
44
44
38
41
34
37
27
30
28
26
18
26
20
21
7
17
21
26
23
29
28
28
27
38
33
46
42
44
57
51
51
49
51
58
55
62
66
51
58
59
72
75
86
86
77
74
71
66
72
71
68
70
67
73
73
67
64
76
68
57
61
71
64
58
59
61
63
53
53
48
52
57
53
47
43
44
41
42
45
51
48
45
44
50
47
53
48
46
47
53
50
56
60
64
66
59
64
65
57
52
54
49
53
60
59
55
62
58
53
64
66
73
80
74
79
91
100
98
95
97
100
97
94
96
102
109
111
111
106
107
114
114
113
114
116
117
117
119
116
122
122
129
126
124
131
134
126
128
132
131
129
125
121
122
126
123
116
114
100
91
91
94
93
95
97
91
98
89
84
79
87
84
84
80
74
85
83
75
80
82
74
72
70
71
72
74
72
79
87
86
85
76
75
66
71
82
79
81
87
92
98
103
113
114
115
121
127
131
134
139
141
142
145
146
143
141
143
149
148
153
157
163
153
149
146
140
142
142
146
151
153
155
157
148
151
157
156
153
150
153
142
137
134
130
120
126
126
124
127
132
134
125
117
119
126
127
119
111
108
107
111
106
99
102
100
106
114
104
109
116
116
126
127
135
139
141
137
125
133
136
134
129
130
136
138
150
151
148
154
154
163
159
162
172
167
175
171
173
180
171
166
163
152
151
155
149
159
158
160
161
164
164
167
160
161
164
164
167
167
165
168
167
168
171
165
163
167
171
173
172
171
173
174
176
173
176
182
178
164
169
176
171
172
167
163
156
152
150
153
149
156
162
159
168
174
174
175
178
184
180
173
169
173
175
172
176
175
177
186
187
177
170
174
173
168
171
167
167
175
177
166
158
168
169
171
171
174
168
166
158
153
153
156
161
158
155
158
157
158
163
159
154
145
140
142
140
143
142
150
151
149
155
159
161
160
163
163
162
158
156
154
152
161
157
158
157
161
159
151
157
153
158
158
153
149
156
158
159
159
165
164
172
172
170
164
164
166
167
173
174
178
177
178
180
178
181
187
193
191
184
193
203
199
198
207
212
211
213
210
207
207
209
207
197
202
202
197
198
197
185
176
175
175
174
183
178
176
168
168
175
166
158
160
166
167
166
163
154
156
153
156
160
164
171
165
166
170
170
174
176
172
167
172
166
160
160
158
159
157
157
148
141
138
147
147
142
146
147
151
150
144
139
140
148
151
148
150
145
142
139
131
124
121
120
121
119
128
128
134
136
131
132
137
137
129
126
127
125
123
116
113
106
98
99
102
110
101
101
96
99
104
106
115
123
129
127
134
135
134
140
138
139
127
136
127
128
130
135
125
130
134
129
130
125
120
125
121
121
119
119
125
124
121
129
129
126
133
136
136
139
143
137
133
130
121
116
127
132
130
133
130
136
134
135
136
136
142
143
146
146
156
158
156
157
153
149
157
149
145
137
139
145
147
160
166
165
159
154
156
152
159
159
158
157
156
162
176
171
168
174
179
182
186
187
190
186
180
183
184
186
189
192
203
203
204
203
193
185
181
180
179
180
176
174
176
190
183
188
187
185
181
190
182
179
180
184
182
176
168
175
171
170
180
185
180
176
166
165
159
156
148
149
151
151
141
136
134
133
125
131
125
123
121
124
128
125
125
124
111
105
102
98
92
91
93
87
88
85
79
75
70
69
70
68
67
70
68
62
60
63
63
65
59
52
54
51
56
49
45
39
39
39
34
27
31
20
32
32
25
31
33
34
34
38
34
35
48
38
40
42
49
47
40
42
33
33
35
31
35
29
20
33
34
44
42
39
41
45
48
46
48
43
43
48
50
43
52
51
49
44
40
45
41
29
28
25
22
23
27
23
18
19
13
16
12
9
13
19
29
28
36
38
34
32
36
39
52
50
58
55
51
58
61
60
61
62
60
48
44
43
41
34
31
23
23
20
21
27
34
32
29
31
21
24
22
28
29
40
43
40
35
34
41
39
51
42
47
44
42
35
29
21
17
22
31
26
28
30
36
40
33
32
32
35
39
56
61
53
55
57
63
62
63
61
75
76
85
85
92
95
96
95
104
109
105
104
105
102
103
100
103
106
108
105
107
113
124
108
112
121
116
115
111
95
95
94
103
100
106
108
110
112
103
104
98
100
107
107
102
100
91
91
98
89
92
99
98
99
100
107
92
88
89
82
79
82
86
87
93
102
106
113
118
134
130
126
126
122
119
120
125
122
120
121
114
108
105
110
103
99
97
101
99
90
72
68
67
67
65
61
57
58
50
41
45
51
53
50
52
42
39
28
26
22
24
24
33
34
36
33
34
37
38
40
32
33
38
44
43
43
46
42
39
35
40
48
47
48
42
48
43
45
42
45
45
28
30
23
21
29
33
31
28
40
49
49
46
55
63
70
76
77
67
76
78
77
81
82
70
78
76
73
76
75
81
80
84
79
79
72
75
73
79
74
75
77
87
81
80
77
75
79
70
69
77
80
81
78
78
88
90
88
79
82
89
85
83
95
86
86
86
80
91
94
93
89
91
95
97
93
87
84
85
83
73
76
79
82
87
82
80
73
68
67
71
73
70
69
71
73
74
77
81
81
74
75
82
83
83
79
81
90
88
85
83
87
89
89
93
93
84
72
79
74
71
73
72
77
80
79
84
84
86
91
92
103
100
89
90
89
99
99
100
98
98
110
107
106
111
102
105
110
113
121
120
125
125
134
137
144
156
149
162
156
157
157
151
148
147
152
158
153
155
148
151
154
150
152
147
147
160
161
159
152
157
157
155
151
156
150
148
150
150
147
136
144
153
156
154
158
157
154
152
155
160
161
159
151
145
144
134
131
135
127
125
114
119
111
113
98
92
90
89
84
87
92
84
86
89
88
98
104
102
89
85
91
96
92
92
82
85
81
83
80
84
82
86
91
90
88
86
86
86
76
82
80
77
82
83
70
71
75
76
76
75
76
80
85
88
92
99
102
104
104
109
112
114
101
104
98
104
97
91
95
95
103
100
105
101
102
103
117
111
104
113
115
111
114
108
110
109
110
116
114
112
115
109
105
96
91
96
90
88
91
91
91
93
96
91
93
87
86
85
75
73
73
67
69
70
79
78
74
75
75
78
81
88
93
83
85
83
88
80
82
76
74
86
89
95
97
88
89
93
98
102
107
112
109
118
121
125
125
130
123
123
125
127
130
134
133
136
140
143
159
159
161
153
156
155
147
149
141
141
135
143
140
134
136
124
123
123
131
134
128
131
142
143
137
145
137
137
143
146
151
145
148
150
152
155
161
161
152
152
156
153
144
141
153
149
155
154
157
159
162
159
172
173
170
173
174
180
178
172
169
171
175
178
184
182
184
186
179
184
187
171
167
156
149
152
158
156
149
140
141
147
150
155
153
154
151
151
151
153
154
153
149
150
152
157
156
157
165
165
164
162
160
155
152
155
155
155
164
164
163
164
156
153
154
149
157
157
152
147
155
165
164
170
171
174
175
178
175
177
189
194
200
203
208
206
204
206
212
208
206
197
196
201
193
196
196
201
192
203
202
211
214
209
213
220
219
219
217
212
214
216
222
221
221
221
214
211
216
212
223
222
223
230
230
236
231
222
213
211
214
206
194
194
196
195
186
185
191
181
178
175
171
171
172
177
180
181
180
184
184
190
184
187
178
176
171
164
166
166
167
166
170
162
156
164
173
164
164
157
150
155
148
147
146
142
148
152
149
136
142
140
140
137
134
137
138
129
136
135
135
137
136
144
143
136
124
132
131
130
120
117
117
118
127
132
133
126
131
125
118
105
110
109
109
115
121
118
125
137
137
135
135
140
137
135
147
149
153
154
160
143
151
159
152
158
158
156
159
155
153
154
146
144
140
141
142
141
150
152
159
168
174
170
162
157
158
171
162
168
170
171
164
166
171
169
161
165
162
169
164
156
145
138
134
137
143
142
144
151
149
147
150
157
159
156
162
165
167
168
172
175
172
176
167
163
165
172
166
167
161
161
172
185
196
194
192
194
198
198
194
187
193
189
184
186
200
192
199
197
185
193
190
183
176
180
184
179
180
176
177
177
163
160
168
165
163
161
164
168
158
157
150
148
147
143
139
139
150
143
145
135
129
130
126
128
122
118
123
121
120
113
115
103
104
97
106
108
116
114
113
109
112
103
101
103
101
109
114
127
123
124
130
130
128
127
133
130
125
120
137
136
131
128
127
128
129
123
122
113
110
111
112
116
123
124
113
101
97
97
95
99
100
103
103
97
92
101
97
90
87
77
85
81
80
74
73
83
94
102
99
98
92
96
93
92
93
92
101
102
116
118
115
123
123
124
110
110
117
106
102
108
107
104
104
106
101
98
96
96
95
90
91
92
92
86
89
84
91
107
112
111
110
117
117
110
119
116
112
115
114
119
121
119
117
114
101
97
97
94
98
99
102
103
97
95
86
83
83
80
82
80
80
89
95
96
86
87
83
83
87
80
81
74
76
84
85
82
83
84
80
82
76
73
81
85
95
100
93
94
102
111
121
123
119
118
120
121
117
111
114
109
117
127
128
123
129
135
133
135
149
143
139
147
136
127
134
126
123
118
124
131
134
133
134
132
135
133
132
137
141
135
129
127
126
132
135
129
124
124
125
121
115
122
126
133
141
141
141
148
159
167
161
157
149
153
146
140
136
133
136
131
138
140
155
156
159
161
160
151
156
152
160
155
157
153
154
157
157
153
153
154
151
155
155
154
157
163
168
156
141
146
148
138
147
140
136
136
135
139
130
123
122
113
106
108
112
118
119
131
131
135
129
120
127
124
116
122
113
123
128
130
131
124
129
126
121
118
106
106
111
110
105
102
104
104
104
107
114
118
117
115
123
117
114
112
121
123
131
119
124
121
129
129
129
126
123
127
128
128
129
132
131
122
126
132
136
138
141
134
133
126
120
122
117
124
123
122
125
134
133
140
135
135
127
129
125
120
123
126
122
117
122
130
130
120
126
121
108
108
118
123
117
110
107
113
107
116
123
124
121
125
126
111
107
106
107
107
94
97
109
101
97
96
91
89
99
98
87
86
79
80
82
84
82
85
95
92
98
94
103
107
111
107
102
98
109
102
102
104
95
94
93
95
96
99
95
96
90
88
83
84
72
61
65
56
50
47
46
40
44
45
46
39
34
28
33
38
39
33
33
28
20
16
17
16
21
22
25
28
36
44
51
67
68
69
66
61
66
51
57
65
67
64
66
75
73
86
85
80
82
82
86
81
80
69
64
52
59
50
49
39
45
39
44
49
43
40
34
30
31
29
23
18
24
20
14
25
28
34
36
47
52
57
58
62
53
62
54
53
51
54
50
58
53
38
40
39
41
44
37
39
39
44
51
45
45
47
51
57
58
56
59
63
69
65
67
71
72
63
67
66
65
69
66
64
58
58
59
53
53
58
60
63
69
65
59
60
47
47
42
40
52
44
43
43
49
47
49
43
45
49
43
43
46
47
53
52
53
62
63
68
64
68
71
72
74
73
66
63
70
73
73
71
68
65
61
67
74
68
78
70
74
69
66
70
70
70
76
87
85
86
89
84
89
85
83
83
81
81
84
82
81
82
90
82
88
84
95
93
88
87
87
89
83
83
94
92
78
76
67
75
80
83
83
84
81
85
87
82
83
79
82
88
87
90
90
86
82
72
83
82
76
87
81
78
69
73
73
59
59
51
50
50
58
63
71
65
71
75
69
76
67
71
74
71
72
70
70
61
64
70
65
71
78
80
74
72
74
61
60
60
61
64
66
66
64
65
60
66
57
42
40
39
35
33
33
33
30
31
33
40
36
33
36
32
25
28
31
35
33
32
29
26
25
21
19
13
15
20
21
26
33
43
43
34
41
39
46
46
49
59
57
56
62
69
67
64
71
70
65
66
73
72
75
76
71
75
78
82
82
80
86
93
102
105
114
115
116
111
119
120
137
129
137
136
131
128
139
138
125
126
124
116
100
98
101
104
114
106
91
92
87
91
98
100
95
92
86
97
102
105
104
108
114
118
126
128
125
131
142
137
135
135
137
146
151
154
158
155
160
161
150
156
150
145
141
134
134
135
134
132
116
104
111
116
113
111
110
104
102
96
97
95
104
99
100
105
100
101
98
101
99
94
90
94
94
89
90
92
95
98
102
106
108
110
113
113
112
115
104
98
106
102
111
109
116
117
119
111
107
108
112
111
113
116
116
115
103
98
92
84
91
88
79
74
78
66
64
64
67
71
56
61
56
53
58
60
60
56
54
57
60
48
45
52
66
68
68
76
81
83
82
79
79
80
79
81
82
87
84
76
61
67
62
72
79
76
68
61
66
72
71
80
89
85
86
82
83
72
82
77
82
76
70
63
55
53
53
57
57
56
63
61
59
60
72
72
74
80
77
72
68
73
72
69
69
77
76
79
81
75
83
82
87
80
69
58
56
64
69
66
63
65
73
75
77
88
80
88
88
89
86
86
84
77
72
71
69
84
86
80
80
82
75
73
72
77
76
75
83
89
78
83
86
86
83
81
96
95
92
91
91
93
86
86
85
82
80
84
84
72
65
68
67
59
62
61
59
55
57
56
59
60
68
74
76
72
66
66
72
81
83
94
90
94
97
96
98
88
82
89
89
87
74
80
93
90
91
96
95
97
91
84
76
63
66
74
82
84
82
82
72
74
65
64
66
63
59
55
58
57
47
54
54
63
63
68
69
69
64
61
68
62
55
47
37
28
29
28
36
42
44
44
41
38
39
46
56
51
55
54
53
47
35
30
33
42
35
31
37
34
33
33
26
25
16
21
15
16
14
17
23
21
25
18
11
6
12
8
12
19
18
32
31
29
28
32
29
32
32
30
21
16
16
16
20
20
14
20
14
20
18
16
19
23
21
22
26
25
19
22
20
17
17
22
18
19
13
11
11
13
12
17
9
15
6
11
20
24
26
25
27
27
13
12
17
15
15
21
20
14
10
18
14
25
25
33
30
31
29
30
30
33
33
38
36
39
47
56
60
53
50
42
36
33
29
21
14
16
21
29
28
35
36
42
38
26
14
20
14
17
12
17
12
11
18
20
19
14
19
20
18
20
29
32
32
31
25
25
26
24
22
22
30
33
29
42
45
44
45
47
51
54
60
60
62
59
54
56
59
64
60
63
59
64
67
78
76
75
77
78
72
69
66
62
67
67
67
71
70
85
88
82
75
79
75
81
69
73
72
66
59
48
49
50
49
49
41
39
42
40
39
39
38
43
41
34
35
37
40
35
42
40
39
38
39
40
40
43
42
33
31
45
54
50
41
39
49
54
50
53
55
44
50
59
58
53
46
51
61
67
68
58
51
49
40
38
37
29
27
20
17
16
13
11
18
20
25
18
22
18
14
10
12
17
20
23
17
25
27
25
30
35
31
35
41
39
39
42
50
30
21
14
22
19
22
20
25
19
20
22
15
13
17
16
17
9
18
12
9
18
17
23
17
12
19
24
39
36
34
37
39
40
36
34
40
46
30
32
24
8
15
16
14
23
23
23
20
17
11
14
24
25
21
18
19
21
19
17
18
30
20
20
22
21
18
26
29
22
24
20
16
16
13
11
15
16
11
20
16
10
19
11
17
21
27
37
41
35
32
35
49
50
58
57
66
71
71
66
62
61
56
49
50
51
41
50
51
61
63
72
72
65
71
70
75
67
66
58
66
66
61
52
44
49
43
40
29
25
25
17
17
29
38
38
31
28
25
36
37
35
36
39
36
48
55
60
56
50
54
62
50
55
61
60
57
59
65
70
74
76
76
79
79
77
74
74
80
78
79
83
81
78
74
76
74
74
72
71
67
67
68
71
84
82
85
92
88
82
78
83
92
85
79
76
71
69
68
71
69
70
70
71
71
71
74
73
69
72
67
66
60
64
69
69
73
81
82
83
83
82
76
80
85
94
97
91
89
90
82
84
93
104
99
100
103
104
107
99
95
89
87
89
93
94
97
100
94
90
102
97
106
103
100
98
98
96
106
115
122
114
109
99
103
109
107
101
99
102
100
103
94
100
100
104
99
99
96
98
95
84
77
83
87
82
86
90
92
96
105
102
107
107
109
111
108
103
107
101
98
104
107
106
108
110
98
101
101
100
110
105
97
88
90
84
81
79
85
88
82
82
74
79
79
78
69
69
70
63
73
67
74
80
82
80
79
68
71
76
72
76
74
81
83
83
76
81
89
92
98
111
103
107
102
100
99
102
94
105
108
114
126
126
123
124
128
124
125
123
118
120
128
124
128
125
127
118
115
107
113
113
101
97
98
107
106
107
111
115
108
106
96
95
91
109
112
111
105
101
108
113
119
135
134
130
133
122
119
110
102
104
97
104
108
98
101
98
96
98
102
99
94
96
93
96
90
89
93
97
96
95
98
99
106
112
109
120
114
116
116
117
114
114
102
97
100
89
96
96
95
95
98
89
99
91
89
84
78
77
86
85
89
90
85
79
71
74
77
74
75
77
86
78
75
78
81
77
84
89
94
91
90
92
91
88
83
79
87
93
81
74
78
80
85
89
91
84
92
88
87
83
72
77
89
86
87
85
74
73
66
67
62
59
57
60
62
66
71
64
70
61
64
73
64
69
70
70
75
84
86
89
94
91
99
97
98
107
112
105
93
85
80
87
83
81
85
85
87
81
80
80
81
77
78
76
75
71
74
73
69
66
59
60
58
59
47
47
44
43
33
34
33
23
24
31
29
28
18
14
13
10
13
10
19
16
14
15
24
27
30
22
20
22
27
31
34
23
32
35
35
32
37
38
41
51
47
46
42
45
41
32
25
26
25
21
17
21
28
29
29
32
21
31
27
24
28
30
33
29
36
36
41
50
44
46
38
29
29
28
20
7
19
11
11
9
15
19
16
19
19
12
11
15
24
34
33
31
33
30
22
25
29
35
31
38
37
41
43
45
33
32
25
31
25
27
20
12
15
27
26
28
32
36
37
45
40
49
47
44
39
44
44
54
55
57
64
66
62
56
63
59
65
63
63
58
54
44
50
51
53
60
56
59
53
52
50
43
44
39
43
49
51
46
44
42
38
39
43
31
30
32
25
36
37
35
29
32
35
36
41
49
54
60
63
67
79
83
87
80
88
85
85
78
84
93
91
90
85
79
83
81
78
73
71
59
55
57
66
65
71
70
74
77
79
76
85
88
84
80
76
79
78
71
79
70
73
70
74
76
79
76
74
70
69
71
61
50
44
40
38
40
39
48
47
46
51
48
53
50
46
43
32
29
37
35
37
41
37
37
31
32
37
40
31
27
27
21
26
25
35
38
40
39
53
54
55
44
40
41
29
31
41
39
41
35
27
35
43
42
40
42
38
35
39
44
42
36
28
27
20
22
26
22
23
26
15
19
23
22
30
30
33
33
25
19
22
10
17
18
26
29
26
35
35
39
48
54
55
50
54
55
60
65
70
80
86
92
86
91
92
88
88
86
93
97
99
98
93
84
85
94
86
89
93
96
92
90
96
89
96
97
89
92
93
91
91
84
76
91
89
88
88
79
89
90
88
84
75
68
75
65
73
73
76
76
81
74
78
74
80
77
82
87
84
89
75
77
77
70
69
74
80
82
78
82
84
87
91
97
93
95
97
92
98
101
94
94
94
85
83
89
82
79
85
80
77
80
75
88
91
104
110
114
124
119
126
131
135
139
139
136
135
130
129
125
125
130
127
122
125
129
138
142
153
155
156
163
162
158
166
163
157
160
168
170
165
155
150
146
144
136
144
136
137
146
138
135
134
132
124
128
131
139
138
139
137
139
141
131
133
137
137
137
134
132
126
124
129
119
118
118
126
128
134
129
136
130
135
124
127
125
135
142
135
131
141
150
152
145
137
145
144
141
141
133
134
135
130
135
141
144
145
145
141
136
142
141
137
135
137
134
133
131
138
134
132
131
124
128
132
131
135
140
138
135
141
140
137
137
147
150
147
148
152
152
147
145
147
149
159
160
167
160
157
155
145
143
146
146
146
146
143
148
148
153
150
145
143
126
132
130
133
138
142
142
139
133
132
134
132
134
138
142
141
132
142
143
140
134
137
134
132
135
138
146
142
146
155
145
157
156
165
164
161
157
160
160
155
160
160
156
155
158
155
151
161
161
160
156
156
165
167
174
160
173
171
165
167
162
154
157
161
164
163
160
159
159
168
170
164
167
172
166
153
157
159
162
173
175
168
165
177
180
176
175
180
178
176
172
168
164
165
158
157
162
156
153
149
142
146
148
136
133
131
131
131
133
126
129
137
136
129
124
128
129
130
130
124
112
119
117
117
117
115
116
112
116
115
116
122
124
129
136
143
143
143
145
144
140
143
149
144
137
130
124
129
127
127
124
128
114
110
115
116
119
119
121
118
112
116
120
125
122
120
123
116
111
118
119
113
111
115
122
122
128
127
135
140
144
151
152
156
151
141
150
153
151
148
138
122
119
116
111
113
108
110
111
101
100
97
92
92
93
83
77
85
88
87
83
90
88
81
84
83
72
69
68
68
61
71
71
78
83
80
83
86
91
85
74
78
73
74
71
72
61
65
68
60
57
53
50
50
44
43
50
58
64
61
59
58
57
55
55
54
55
64
61
64
72
66
57
52
62
57
60
49
47
47
44
39
39
42
43
46
44
44
38
44
54
58
66
74
85
85
82
91
89
86
81
81
77
74
72
72
67
74
76
73
71
71
72
82
77
68
70
75
77
62
71
71
58
58
64
67
69
63
58
60
60
57
66
68
70
70
70
73
76
69
76
79
75
76
73
70
78
73
72
67
60
57
62
59
64
67
64
65
65
65
71
79
86
76
71
76
77
73
71
67
62
58
53
56
58
62
60
61
52
56
56
53
59
62
62
59
52
49
61
59
59
59
67
71
67
67
69
67
70
68
62
66
61
58
56
55
59
57
58
58
62
62
60
65
63
60
57
58
51
45
44
48
40
38
46
53
46
43
49
55
58
58
49
50
47
44
46
35
39
34
26
32
32
38
27
25
26
27
25
28
24
35
34
32
28
25
22
15
13
16
12
19
26
33
22
18
20
24
31
26
29
33
25
19
14
16
13
22
19
14
10
10
17
12
15
13
10
18
15
12
10
13
19
21
19
24
22
25
29
25
25
33
40
40
35
22
18
24
24
28
28
30
37
37
29
30
34
41
27
31
26
19
10
12
16
18
21
26
32
31
29
28
18
18
17
32
32
37
33
36
32
39
34
23
24
29
26
26
27
26
20
22
25
20
27
27
25
27
27
30
26
29
32
33
22
16
20
23
21
19
16
15
17
14
17
24
26
33
39
47
45
39
31
40
43
48
47
41
45
45
52
48
51
48
51
40
28
27
13
15
21
26
31
25
31
37
36
43
44
51
53
52
47
41
36
36
37
50
50
54
57
57
51
45
49
59
60
48
48
43
37
33
37
43
44
44
41
37
38
51
51
43
42
44
53
55
56
47
48
43
35
36
37
37
39
45
41
37
31
40
36
41
43
35
32
26
19
25
24
23
35
32
30
28
21
30
33
30
26
34
35
29
37
40
39
43
40
37
33
31
23
25
21
23
21
18
12
23
26
26
29
31
36
36
30
18
18
17
17
13
22
22
14
17
19
12
14
16
19
13
19
21
14
19
20
15
4
18
19
20
24
23
21
23
20
25
27
26
30
29
20
14
5
17
26
30
31
28
33
32
42
45
43
47
49
50
51
50
55
57
60
65
60
60
61
62
51
54
46
37
31
36
27
27
23
19
24
16
17
19
22
14
21
11
10
18
20
22
21
35
30
32
32
37
35
38
36
34
33
35
34
35
30
33
40
40
43
51
49
45
34
35
28
23
22
22
20
21
25
26
31
36
34
33
35
38
42
40
50
55
51
53
50
46
44
41
50
33
18
16
12
13
21
21
18
13
20
27
27
33
28
31
26
20
24
23
25
21
21
11
8
11
22
27
23
29
28
46
46
40
37
42
42
43
46
35
36
44
47
47
44
51
45
35
32
36
36
49
50
44
52
38
34
37
38
35
29
24
25
28
30
30
31
26
33
33
29
36
47
49
51
49
48
46
57
71
62
64
64
70
60
55
61
59
57
67
58
54
60
57
64
59
62
66
77
82
83
84
80
83
89
90
85
82
87
89
92
91
97
95
95
93
95
92
99
95
93
93
87
76
70
77
78
75
81
84
80
82
83
76
78
84
80
87
86
88
89
86
84
85
87
89
89
85
79
87
81
83
75
70
66
57
54
57
60
65
68
71
69
65
67
70
70
81
72
70
72
73
68
66
63
63
51
48
51
52
54
61
70
58
54
55
60
62
60
56
61
53
52
48
42
55
55
66
58
51
63
68
73
70
67
68
74
65
68
68
72
74
76
66
76
81
79
78
80
77
79
69
65
63
62
64
59
56
58
60
55
58
55
54
57
47
41
46
37
50
49
53
64
66
73
67
63
76
82
80
86
88
90
86
88
84
79
80
82
83
92
86
82
77
70
67
62
69
63
53
58
58
62
61
67
67
64
62
75
80
77
84
86
77
83
80
78
84
81
86
84
80
83
73
79
75
68
67
65
59
64
68
72
60
71
61
53
56
55
47
49
51
47
48
42
47
40
38
37
40
45
50
56
50
39
33
29
31
20
21
18
19
11
14
17
15
15
17
22
17
20
27
32
23
14
23
31
29
31
30
40
41
40
40
42
35
29
30
19
15
15
22
29
32
43
40
42
45
46
39
40
45
45
52
62
63
63
59
57
55
57
59
64
61
60
62
67
62
58
54
63
64
71
81
85
83
78
65
64
76
71
70
61
55
51
51
52
57
57
57
66
62
64
62
61
52
57
59
65
72
68
64
57
50
51
59
61
62
63
62
62
56
59
68
70
73
73
73
81
92
90
102
94
94
96
101
96
98
106
111
114
109
109
104
110
107
114
107
108
105
101
84
87
94
89
90
83
94
90
94
91
101
100
95
96
98
98
100
104
99
101
95
100
97
97
82
89
78
78
71
79
84
93
88
84
80
90
86
93
89
87
85
78
71
77
71
68
62
62
56
60
61
62
61
63
72
80
84
83
81
75
82
92
88
87
83
90
94
97
93
85
86
71
68
71
69
71
63
58
50
52
54
48
45
45
52
56
67
66
66
62
71
72
62
78
78
74
78
80
85
86
77
82
78
77
80
87
88
91
91
85
88
95
89
79
84
84
87
90
90
93
92
96
93
93
97
99
92
86
93
90
101
98
95
93
91
99
104
98
90
83
79
81
75
73
70
69
68
69
71
77
79
81
81
87
90
85
83
87
88
81
74
72
68
65
62
67
63
56
58
58
56
62
54
54
58
55
56
47
40
36
39
29
21
27
34
36
36
36
45
43
42
42
42
45
35
34
36
39
45
42
47
35
33
38
39
44
47
37
44
43
48
42
38
38
33
38
40
41
41
38
28
24
16
10
10
10
15
18
18
16
16
25
15
20
15
17
20
19
23
19
18
17
24
26
29
31
29
37
31
26
29
34
36
40
33
34
35
41
39
28
29
22
15
16
15
15
18
17
17
9
16
13
11
13
24
22
25
27
25
22
23
29
26
35
33
44
40
36
38
43
32
30
30
27
24
31
34
33
36
42
46
38
36
39
41
50
41
37
32
28
29
22
29
30
21
28
29
25
29
33
30
33
35
35
40
40
39
45
53
41
36
26
24
17
20
19
29
34
40
43
36
36
47
37
37
42
29
22
17
21
15
15
17
14
6
17
21
16
18
14
15
17
21
17
13
21
18
16
15
17
15
21
23
20
25
14
14
14
22
23
29
29
19
17
19
15
17
21
22
14
10
14
17
12
13
20
24
27
22
22
21
25
29
23
21
29
30
32
36
30
30
25
29
37
34
31
34
43
41
36
42
46
48
46
44
31
34
34
37
37
53
41
44
44
33
28
26
31
23
25
38
37
26
16
19
16
12
17
17
12
17
18
14
14
15
21
26
28
22
20
22
22
19
17
20
13
11
12
8
20
20
17
28
31
23
26
20
13
13
8
19
20
20
26
27
28
28
34
26
25
22
25
24
35
35
37
36
35
42
47
50
52
52
49
52
50
47
39
42
45
41
37
39
46
41
32
35
31
38
37
44
40
41
45
45
52
65
66
71
75
71
70
70
79
72
79
78
77
80
87
86
80
76
75
78
75
64
64
57
58
60
56
61
68
61
60
65
59
63
61
65
69
68
56
52
46
47
55
54
48
37
48
48
50
54
57
65
71
67
66
78
87
96
102
100
100
93
95
101
100
102
103
100
106
110
103
101
103
92
100
101
95
87
82
86
85
80
75
72
72
73
78
83
90
96
105
100
98
86
79
85
83
89
90
89
92
87
89
86
77
80
79
82
86
80
76
71
59
61
66
64
67
62
53
44
51
50
44
45
40
44
37
36
31
32
19
21
13
11
14
24
21
24
39
32
39
36
32
43
45
42
36
33
27
27
18
15
17
21
26
21
16
7
11
16
22
23
15
19
21
22
22
16
17
10
14
19
16
13
24
24
16
8
18
23
26
24
27
24
30
23
24
20
18
24
26
23
31
32
27
31
34
35
40
35
42
45
45
42
46
44
42
38
34
31
25
33
31
34
42
35
44
54
55
59
53
56
62
51
54
54
62
61
68
72
73
77
76
75
77
68
69
70
73
81
85
89
90
84
87
85
85
81
79
91
91
91
88
96
93
92
92
88
91
97
90
88
87
92
89
92
92
97
100
101
100
91
96
94
89
90
91
90
91
93
90
88
76
81
85
83
85
81
86
83
80
85
76
83
91
88
94
102
90
91
93
94
98
94
96
100
98
89
84
96
94
99
93
95
94
88
85
85
74
74
82
77
70
73
72
70
59
53
53
47
49
58
60
62
74
68
67
69
68
60
48
47
51
48
45
43
39
37
34
25
28
26
27
27
18
17
27
23
27
28
24
22
25
34
28
23
20
14
15
10
20
12
22
17
17
26
24
23
14
20
18
17
15
24
17
9
16
31
30
33
42
35
33
31
30
21
21
14
10
16
25
27
24
33
36
36
34
32
30
24
27
26
31
27
35
29
25
25
27
29
27
25
26
29
22
24
22
26
18
20
20
17
16
19
9
22
15
9
16
10
16
14
22
24
19
22
23
21
16
17
19
28
23
28
37
37
38
40
39
35
22
20
24
31
36
36
38
40
41
44
39
41
49
45
41
46
38
50
51
61
60
67
63
60
64
60
72
74
74
70
60
63
62
63
65
58
58
64
64
55
59
52
56
56
59
62
61
55
57
61
55
57
62
65
70
74
68
61
63
65
58
60
53
58
54
53
42
42
39
45
38
50
47
52
53
48
50
54
59
52
51
44
46
45
46
56
53
48
46
50
48
44
44
50
47
45
52
46
42
38
36
30
18
12
18
31
31
29
43
40
39
35
32
38
35
32
30
29
31
32
34
32
27
30
33
48
49
49
51
42
38
41
52
50
48
53
49
59
55
57
60
57
61
61
64
57
49
51
53
63
60
58
61
66
60
67
62
61
63
62
68
71
75
80
80
82
87
93
99
104
97
93
92
82
83
80
71
80
77
80
82
77
76
75
82
78
79
81
80
81
76
84
83
78
78
74
74
75
76
76
65
57
52
40
28
17
15
12
10
19
22
25
30
38
43
42
43
44
50
54
55
60
70
69
69
63
62
66
64
69
71
74
69
70
73
78
74
70
73
67
64
65
69
76
69
77
83
71
71
65
63
64
62
61
54
52
48
52
45
41
47
50
49
48
48
49
49
49
43
37
38
36
33
35
32
28
20
11
23
28
24
37
47
44
32
30
26
22
23
35
32
30
30
23
20
27
22
18
13
16
17
16
14
10
17
18
18
20
18
19
18
19
10
20
18
13
13
11
18
15
18
20
19
20
26
30
30
28
20
20
26
21
17
19
21
16
20
16
18
18
10
10
16
15
12
20
13
18
19
16
13
14
14
13
23
9
10
18
19
19
17
9
14
27
27
32
39
36
32
35
35
30
18
13
18
21
22
27
29
31
33
32
30
25
27
25
21
14
20
33
35
29
26
15
12
15
17
20
30
36
26
19
20
15
28
36
31
24
15
14
7
13
12
13
12
13
14
17
13
14
18
17
22
26
24
17
27
33
32
28
33
41
39
38
36
41
48
63
68
73
73
66
64
66
56
55
56
57
60
66
74
68
76
76
73
73
75
84
83
84
84
81
85
94
88
97
96
102
109
116
119
117
119
117
132
144
138
148
139
136
134
129
132
122
125
129
125
126
118
121
127
131
131
135
131
132
131
131
139
134
126
119
114
111
116
112
119
117
115
117
110
113
115
116
114
109
101
105
96
115
121
121
132
129
122
118
119
123
116
113
121
123
126
131
121
130
126
121
120
123
118
116
114
118
115
124
131
126
125
121
113
110
114
115
117
121
111
106
99
100
100
110
113
115
116
110
107
114
116
120
122
126
120
126
125
121
116
111
111
110
105
102
101
111
108
102
81
81
77
70
76
69
64
68
68
66
70
67
65
68
66
64
55
61
64
60
55
54
57
45
40
43
41
41
47
42
43
40
36
32
29
25
30
26
33
32
34
31
27
17
22
19
17
9
18
21
21
22
23
33
40
33
36
41
51
46
44
52
55
52
49
53
50
41
38
32
39
41
39
47
42
46
41
39
38
31
27
26
33
34
31
24
33
35
32
27
23
13
15
20
23
27
29
25
23
23
28
42
46
41
38
38
48
43
42
45
42
38
39
35
35
37
41
45
50
59
64
66
62
68
68
54
57
54
51
52
50
66
67
63
56
59
51
55
60
57
60
62
66
69
66
67
71
65
63
64
67
70
69
58
59
66
70
59
59
58
60
60
64
59
55
56
62
64
66
75
68
65
68
60
59
64
61
62
67
73
72
63
63
66
74
59
57
49
55
59
63
60
57
47
51
51
55
58
62
67
73
71
72
79
89
85
84
86
87
88
87
85
92
93
102
112
116
127
129
141
142
136
145
139
137
135
132
140
134
131
130
129
128
125
125
124
117
119
121
119
115
125
120
128
134
142
145
142
144
143
154
150
155
145
144
151
150
150
151
147
145
150
148
132
121
115
112
104
111
116
111
109
114
107
98
103
98
95
98
99
91
82
85
85
91
88
91
88
89
86
90
84
72
84
86
92
97
100
95
101
105
114
115
113
116
125
129
132
137
133
133
133
139
141
142
127
137
133
138
141
144
145
147
146
148
148
142
146
149
145
151
153
160
167
163
168
168
171
175
183
189
186
180
179
181
180
171
165
171
162
164
160
157
158
156
151
149
154
147
147
158
159
153
151
150
151
150
151
156
156
154
154
154
150
141
138
138
136
133
143
137
152
152
154
154
152
142
145
146
153
147
153
159
167
171
165
169
175
173
166
171
172
174
169
165
163
162
149
133
135
124
120
113
108
105
111
111
110
103
99
103
101
102
101
103
107
114
119
129
130
128
126
129
129
125
117
111
120
108
115
122
132
136
142
127
114
117
122
124
122
119
122
123
134
129
132
131
137
129
128
128
125
127
137
141
143
148
149
144
145
136
139
132
136
135
136
137
149
152
147
146
143
141
137
150
140
141
138
138
142
134
134
133
131
131
124
118
121
122
128
131
132
132
128
129
137
138
145
147
158
162
161
158
164
171
166
168
173
183
183
179
177
181
184
188
186
185
181
179
183
174
173
166
168
168
168
171
168
166
168
168
167
169
157
151
150
150
148
137
130
125
126
123
123
128
129
126
128
131
132
137
131
127
126
129
124
130
114
119
112
117
111
102
101
103
98
90
90
89
95
85
70
70
80
77
84
89
90
97
102
92
82
79
82
84
84
90
95
98
95
91
90
91
89
83
79
80
79
73
71
72
71
72
60
58
67
71
76
72
67
65
57
57
54
47
48
43
52
58
60
62
54
49
51
51
57
57
52
50
48
49
44
41
49
50
42
41
42
35
30
28
23
27
31
27
27
19
28
21
18
18
20
16
20
24
23
31
38
45
47
54
47
46
48
54
56
42
37
43
49
53
60
56
49
49
52
55
54
50
43
39
32
35
28
28
35
39
31
34
36
41
31
27
35
27
21
19
26
27
29
31
33
19
19
14
18
19
18
12
17
16
13
19
25
33
35
22
20
27
30
21
29
32
35
30
25
22
15
15
15
11
15
24
21
19
13
13
19
20
20
16
9
18
18
14
20
18
14
16
18
21
16
12
21
20
27
30
30
38
39
39
37
44
40
39
39
36
41
28
19
10
20
25
32
37
40
39
40
40
37
40
36
48
51
49
53
44
40
45
45
47
37
40
32
41
45
45
46
39
40
44
37
34
31
29
29
18
21
25
28
39
41
40
43
45
49
50
56
65
68
61
56
58
57
60
62
58
52
50
49
53
55
55
56
75
77
68
68
70
78
81
78
78
75
79
74
75
80
83
72
69
67
67
60
67
64
64
71
59
62
56
60
54
56
58
46
40
38
32
29
33
27
24
18
15
16
17
22
27
23
27
25
22
23
22
16
17
14
14
21
30
26
20
14
18
13
24
32
33
40
43
44
47
51
50
52
55
54
53
47
42
50
48
54
49
64
62
70
70
78
73
81
76
75
75
74
79
72
77
72
76
79
81
78
76
75
72
79
76
79
77
80
83
82
86
87
84
79
74
77
78
79
81
82
82
73
75
70
72
78
72
64
56
64
56
50
61
69
75
73
81
93
95
85
77
78
87
95
108
108
120
114
114
112
113
100
100
104
101
108
113
109
106
112
121
120
117
117
116
115
120
127
128
129
131
137
141
147
153
149
152
158
167
174
180
171
182
188
187
185
186
193
197
197
193
194
203
199
203
212
215
214
211
211
208
211
211
218
225
222
225
219
226
226
224
229
230
226
224
221
236
243
234
244
253
264
258
253
246
257
255
258
269
273
279
282
281
283
279
285
283
297
291
297
293
288
287
282
286
287
282
277
289
292
291
294
292
288
291
291
296
296
293
281
281
277
277
283
282
278
275
276
282
282
280
277
279
276
286
299
294
287
283
283
285
281
290
291
285
289
288
284
273
273
274
276
273
270
268
268
271
263
265
263
264
271
273
279
272
276
277
283
293
284
275
285
290
292
300
297
303
294
280
286
292
299
306
304
304
307
305
316
312
311
304
306
309
309
315
314
322
324
323
323
328
330
332
342
345
340
334
326
331
322
330
329
329
323
321
329
328
331
327
327
315
321
321
319
315
315
318
323
324
326
321
314
318
319
324
324
329
326
320
325
320
330
321
327
332
330
329
335
332
340
335
333
337
341
338
342
339
341
344
346
339
344
343
342
348
350
348
349
351
354
359
365
366
362
359
356
361
360
364
362
362
365
367
365
367
360
354
360
358
362
369
382
393
388
391
399
403
415
414
427
430
432
432
432
438
441
439
450
448
457
456
459
464
470
464
463
459
460
448
444
442
448
446
445
442
437
434
431
433
435
445
437
432
435
440
440
438
437
441
440
442
442
455
456
453
451
452
450
453
453
459
461
472
475
474
464
461
463
464
460
456
444
435
438
431
430
433
440
427
423
430
435
426
422
416
418
413
398
409
410
414
413
410
400
399
401
401
398
396
389
385
383
386
386
387
386
385
388
385
386
386
398
408
412
413
420
427
433
431
432
434
441
444
442
444
454
448
450
453
449
456
458
455
462
465
464
464
470
472
482
483
495
493
487
487
491
500
494
488
491
491
483
489
489
495
495
494
493
489
485
487
479
478
475
469
469
465
460
457
455
454
452
448
447
448
455
450
441
445
446
441
445
448
452
459
464
465
457
457
461
459
461
465
466
465
462
461
463
463
462
457
459
470
469
457
462
460
461
467
474
479
478
479
474
469
465
458
456
452
454
462
467
464
471
481
502
500
500
498
498
495
495
486
489
482
482
484
483
489
500
501
504
504
498
502
501
494
502
503
497
493
498
500
505
505
500
500
500
498
502
494
498
502
494
492
490
481
480
484
489
506
491
497
506
500
486
481
479
480
480
484
481
482
479
473
465
463
457
459
464
463
461
462
468
464
468
472
468
467
463
466
466
467
465
466
458
454
452
459
463
464
471
469
467
477
487
484
488
488
481
490
484
484
485
472
475
475
479
480
476
481
470
472
478
486
493
491
496
504
515
515
517
523
530
533
538
544
546
553
553
550
549
544
537
544
546
552
560
561
564
567
577
576
576
577
574
578
577
571
561
568
577
577
572
581
583
596
603
614
610
610
604
590
592
592
588
594
588
593
599
593
604
609
603
599
605
608
611
614
613
612
616
614
604
607
612
607
605
611
597
599
591
586
592
584
578
578
587
584
590
594
585
586
589
583
574
571
569
568
568
560
561
560
560
554
552
555
549
552
551
554
557
559
565
561
556
556
566
565
572
567
567
571
575
577
572
577
578
576
575
578
583
579
577
574
579
575
576
576
575
573
575
594
599
589
588
589
589
590
594
592
603
606
603
614
617
605
604
608
609
610
610
606
597
600
597
605
602
601
602
603
596
600
598
583
583
580
573
562
558
559
557
560
558
564
568
568
558
572
574
570
569
553
547
542
535
530
533
535
539
538
541
545
538
536
534
532
537
534
534
534
535
535
535
535
530
524
524
518
518
519
522
528
532
529
531
528
526
526
517
508
505
512
513
525
528
522
522
520
524
526
525
531
524
525
530
523
512
511
504
501
492
487
491
489
488
493
484
473
477
474
470
483
495
499
500
502
502
497
508
510
507
504
495
491
485
475
487
491
494
503
509
506
505
511
505
497
501
505
501
501
505
503
505
508
516
508
517
514
513
515
520
521
515
516
518
513
504
508
509
510
517
519
513
525
523
520
514
519
513
522
523
530
536
537
537
528
523
526
523
512
511
501
508
519
507
515
518
510
508
510
511
509
503
512
515
507
503
505
499
500
503
505
517
515
516
513
521
528
535
545
549
554
559
559
560
570
568
562
566
568
564
557
556
553
551
554
563
573
573
578
576
576
579
576
583
575
584
580
582
587
586
586
588
575
571
573
584
579
565
568
561
567
565
562
569
576
570
571
570
566
564
567
574
574
580
576
568
563
560
552
556
550
544
546
547
545
547
553
553
555
559
565
558
551
549
558
550
551
553
565
565
574
583
583
572
576
581
584
588
581
589
583
586
593
599
588
595
593
585
582
573
572
575
580
569
574
571
571
575
572
562
556
550
552
550
549
549
548
555
566
564
564
561
560
552
555
553
560
547
553
557
554
548
543
546
561
557
562
564
566
564
560
560
563
564
571
565
564
558
555
559
571
574
573
571
573
571
574
572
584
578
587
575
572
579
586
587
587
586
587
591
585
576
582
582
581
577
562
555
559
560
560
556
555
545
537
531
532
536
534
532
518
522
525
521
515
513
512
506
503
499
500
502
502
500
501
505
501
499
498
503
503
494
495
498
489
488
481
485
484
481
484
493
486
486
478
476
467
471
469
472
478
480
480
477
469
463
466
468
471
467
462
460
464
456
457
456
456
455
460
452
451
453
451
454
466
457
458
459
459
458
458
463
463
469
466
473
464
469
468
461
455
458
449
444
442
439
432
431
425
418
414
403
404
404
410
412
421
419
416
420
416
402
396
387
380
378
373
374
373
375
372
375
380
377
385
384
395
399
400
405
407
406
407
410
420
426
422
420
431
430
427
435
432
435
428
428
420
424
429
419
421
422
422
425
429
430
433
432
434
433
430
428
423
423
416
416
412
411
412
425
429
420
414
410
419
417
402
397
386
385
379
379
375
378
383
374
379
381
381
378
379
372
370
376
376
377
377
381
378
382
388
385
384
390
397
399
393
399
402
408
407
416
410
414
412
411
416
415
412
414
412
415
413
408
410
402
406
404
398
400
408
412
413
409
413
416
422
416
408
417
424
433
429
429
428
433
436
441
436
434
430
426
427
425
432
439
445
447
448
448
445
446
448
450
455
458
455
464
455
454
455
453
456
460
456
455
461
453
450
446
452
446
437
430
424
425
422
418
415
421
419
431
436
435
439
436
434
435
445
433
441
449
452
452
450
453
457
462
461
463
474
467
462
460
469
464
465
470
473
465
468
469
470
473
468
472
472
474
471
465
469
471
464
474
472
463
449
451
456
454
459
463
454
459
456
456
454
459
462
467
475
477
479
471
472
475
471
474
473
483
487
483
480
468
464
461
455
459
451
436
438
430
440
445
441
440
435
435
432
439
445
439
436
440
435
433
425
430
424
424
421
430
434
431
433
437
439
432
438
434
424
416
410
400
397
395
389
383
383
383
387
389
390
385
375
386
391
394
385
379
377
379
378
384
387
380
386
393
389
382
374
381
373
375
376
378
380
379
379
387
390
395
391
398
403
404
400
391
388
376
383
396
397
395
383
389
387
391
381
385
387
396
398
401
406
412
417
421
432
434
434
435
446
441
450
458
464
458
471
464
458
455
462
461
465
469
471
478
476
475
474
477
471
476
474
478
472
472
469
469
479
480
478
475
472
474
470
460
457
461
460
466
463
466
469
478
475
478
488
492
499
499
499
501
499
496
499
503
512
497
496
486
483
480
486
485
481
480
483
482
479
475
481
482
490
488
488
478
483
479
483
480
485
492
494
494
503
505
501
509
506
502
503
510
506
507
507
503
503
499
499
500
493
499
494
501
505
507
506
507
510
497
498
496
501
498
501
498
500
498
495
484
487
488
484
485
487
490
486
485
484
485
482
488
482
483
488
486
493
488
485
482
485
483
480
481
482
474
477
481
484
475
478
478
482
488
489
491
495
497
492
486
486
487
482
483
477
469
475
480
484
492
475
474
477
486
488
497
491
488
482
486
487
483
478
467
472
477
478
482
476
479
475
478
485
489
483
479
479
478
486
487
490
482
480
479
483
486
487
482
484
487
482
479
487
487
496
497
505
502
495
497
489
481
473
480
481
470
466
468
472
474
478
485
485
480
479
484
469
468
466
456
455
451
449
444
439
442
447
446
450
447
444
444
443
444
450
451
449
448
449
448
444
441
436
438
442
439
431
424
421
413
418
404
409
414
413
409
407
408
394
401
404
400
403
401
404
400
398
392
379
382
389
392
381
384
380
373
378
378
374
375
373
372
363
363
367
373
372
369
370
370
369
376
375
367
355
346
342
332
332
341
340
346
346
342
346
346
347
353
363
361
365
370
375
382
383
381
378
378
380
371
369
368
358
364
370
367
365
360
357
362
364
363
364
369
367
359
368
371
369
371
376
374
374
371
370
365
368
363
362
358
352
356
352
350
348
348
357
358
354
344
344
349
346
339
342
340
335
328
329
330
334
333
331
331
323
318
318
326
328
326
325
328
323
315
312
305
307
299
298
305
308
309
314
315
322
330
333
337
350
347
335
333
336
338
336
343
345
343
349
349
335
328
329
327
319
318
308
316
319
319
316
323
321
323
321
317
312
320
318
309
323
319
321
324
320
316
318
318
323
322
317
312
318
320
322
323
319
329
339
333
332
336
334
326
328
328
343
335
341
337
334
329
326
334
331
337
337
333
324
319
320
322
328
325
329
337
340
336
348
353
355
348
343
342
340
328
325
320
324
324
324
322
327
321
321
321
330
338
335
329
332
333
333
335
333
336
338
340
333
335
332
334
342
356
355
349
343
342
344
351
356
358
345
350
343
346
346
338
347
349
345
356
354
343
335
334
338
342
345
343
340
342
336
337
336
332
337
346
349
343
345
354
357
353
346
349
347
342
335
338
333
337
334
335
331
333
331
329
322
321
312
316
315
319
332
337
332
332
338
339
338
338
345
340
339
334
327
329
319
323
320
323
332
328
320
308
311
304
308
304
305
302
306
310
311
309
306
318
326
329
339
333
326
319
319
313
308
317
318
321
321
326
329
331
326
323
333
333
334
332
332
332
328
335
334
328
321
326
327
326
319
318
311
320
324
328
325
317
315
331
322
316
316
313
308
304
304
302
300
299
298
297
295
297
304
306
301
299
298
296
299
299
306
315
313
317
312
319
318
312
307
309
311
305
300
301
301
304
312
306
311
313
321
318
314
319
322
319
322
327
334
343
336
337
337
334
346
343
341
337
335
350
361
369
367
373
376
372
361
355
355
359
355
353
360
359
357
358
367
358
356
358
365
355
355
354
348
339
337
340
351
350
347
352
351
342
348
346
348
359
355
353
347
343
347
351
349
355
363
356
353
358
364
360
360
364
372
380
384
382
371
369
364
365
373
366
371
367
368
361
361
359
357
353
357
359
349
350
346
345
338
340
335
325
317
311
305
307
311
320
314
326
323
325
329
330
329
329
338
345
351
328
326
323
320
317
318
319
333
337
341
345
349
351
351
354
357
371
367
369
362
365
357
364
373
377
389
396
391
399
395
401
415
414
420
417
408
406
410
406
399
397
388
402
406
403
402
402
405
406
409
398
395
398
393
386
386
376
373
387
385
383
383
376
373
374
368
369
376
372
361
362
364
363
360
352
349
352
347
344
349
349
347
352
352
345
350
339
337
333
323
322
321
319
318
306
308
307
315
314
325
325
328
330
327
330
328
337
334
334
330
324
316
311
313
324
323
313
313
310
317
325
329
331
329
325
316
316
312
306
305
309
305
303
311
321
330
331
330
329
333
345
339
334
338
340
336
340
336
334
337
332
330
332
339
345
344
339
330
340
329
328
337
346
331
336
336
330
327
326
334
345
340
334
338
343
339
344
353
345
336
333
322
322
326
324
331
331
323
324
332
336
326
329
321
322
318
316
329
314
309
315
314
307
306
308
305
304
310
305
300
302
309
309
316
316
310
310
313
318
314
314
311
317
314
303
307
305
306
302
312
309
313
317
314
320
327
330
331
329
332
324
321
320
320
320
313
313
306
299
298
296
296
309
325
324
324
329
335
319
328
321
322
325
333
335
329
328
333
324
324
329
330
333
340
334
339
341
337
338
335
332
339
338
333
333
327
315
313
318
328
331
330
327
326
326
324
327
329
334
330
324
324
320
318
311
307
302
304
306
310
311
302
294
291
296
285
285
284
280
268
279
279
284
283
283
283
283
273
269
275
276
286
282
275
266
267
271
263
260
263
255
261
265
262
263
261
260
260
273
279
273
269
274
285
290
275
270
269
276
275
279
270
270
281
282
284
284
283
286
292
294
290
282
274
276
274
278
281
284
284
282
283
284
291
290
284
279
272
268
273
264
259
255
258
254
266
248
252
254
263
262
269
272
265
265
270
277
282
276
276
278
281
289
275
267
265
266
264
265
258
257
259
255
253
253
249
250
248
250
247
248
246
254
253
251
248
247
243
242
238
241
239
242
238
240
240
234
238
236
224
227
218
218
220
228
225
228
230
231
232
236
233
232
236
238
238
233
235
230
227
233
242
234
235
234
231
236
243
243
243
242
245
243
239
235
235
240
235
233
232
237
238
241
244
244
243
234
231
231
238
228
228
221
222
228
234
241
229
225
231
225
229
235
237
244
248
251
256
258
258
255
258
264
272
276
276
271
270
269
272
275
276
282
289
288
293
298
306
303
302
302
295
296
303
304
310
318
317
322
312
309
318
319
323
334
335
330
327
325
326
323
320
323
325
321
324
332
325
322
324
322
326
328
322
320
315
316
320
320
321
312
316
316
309
306
301
296
299
295
300
301
286
293
289
287
292
290
299
306
302
305
314
322
323
326
329
340
340
339
338
335
336
341
341
335
335
340
343
346
342
332
341
340
346
350
353
356
350
355
352
353
347
344
346
339
331
330
333
345
341
332
338
339
346
346
343
341
339
337
338
339
348
353
356
359
364
366
371
370
374
388
386
390
387
391
401
401
404
402
400
406
397
387
388
387
397
396
397
388
393
389
382
380
381
374
365
365
371
366
367
370
370
377
367
369
367
371
373
379
378
370
370
369
355
346
349
346
350
350
348
343
350
351
354
350
357
355
349
351
358
365
375
375
364
366
365
360
363
367
364
359
360
361
363
369
372
378
382
385
379
369
363
360
366
370
365
365
359
355
356
360
364
363
364
369
367
358
361
366
352
351
353
348
355
350
347
346
343
341
345
342
341
344
338
349
341
344
340
344
347
346
349
351
357
355
357
364
367
364
376
375
368
375
368
380
369
373
383
374
368
360
356
357
357
349
354
358
358
357
362
364
373
385
379
374
379
386
376
376
382
380
379
381
375
376
388
388
386
381
371
365
369
368
359
356
352
352
358
359
360
350
345
345
340
341
338
332
337
333
323
333
339
345
343
350
351
357
354
348
345
341
340
344
342
341
349
346
348
353
352
349
343
340
344
337
328
322
327
329
326
326
329
333
327
334
327
319
330
330
333
331
336
341
348
347
353
353
351
351
335
335
332
328
325
332
337
329
322
315
303
291
285
292
292
306
289
288
285
285
283
284
283
291
284
289
283
281
282
275
277
278
279
282
286
292
290
288
294
297
297
288
289
299
294
300
297
298
304
312
317
317
326
334
339
327
332
331
330
339
336
330
319
316
314
315
317
324
337
337
328
338
340
338
342
355
356
349
348
350
348
347
351
359
355
341
328
327
327
325
324
319
325
319
317
323
319
307
310
306
305
302
301
304
302
301
286
278
276
267
283
280
286
285
279
270
270
270
262
258
248
254
247
253
247
247
247
256
250
251
253
253
252
249
239
243
252
240
246
252
252
237
244
241
234
246
258
265
268
257
252
256
258
254
248
245
236
238
233
233
242
244
228
228
217
218
215
222
221
224
222
222
214
214
216
221
227
217
213
220
213
223
215
225
234
233
240
240
244
240
239
255
260
259
255
254
248
247
242
243
236
243
246
244
249
256
254
251
255
258
259
256
263
264
256
257
254
245
245
243
238
238
230
221
230
234
241
238
233
235
234
234
244
254
255
257
260
260
255
243
244
246
245
245
251
250
253
244
244
244
249
247
252
249
249
251
258
261
256
260
258
258
250
254
255
263
259
258
265
267
276
275
274
276
271
271
268
264
255
254
246
244
245
247
243
256
255
252
259
251
247
252
252
251
245
243
246
248
263
272
273
274
269
271
264
265
251
254
249
257
259
257
262
261
263
265
250
254
242
251
253
250
260
262
269
270
269
274
268
273
274
272
277
280
285
276
280
290
286
266
269
264
271
276
279
284
285
290
289
286
285
286
285
282
287
286
291
287
290
290
286
281
286
290
283
276
283
282
290
293
291
292
288
286
280
278
271
271
271
265
266
268
269
265
272
282
287
271
274
279
277
275
277
278
286
292
298
296
293
287
280
277
274
270
273
278
272
280
288
280
277
278
272
280
276
265
267
264
269
270
269
266
263
264
275
274
277
280
273
277
274
269
261
255
258
254
256
255
252
253
242
233
237
235
235
240
249
246
246
232
235
231
227
231
230
230
228
223
218
214
217
207
214
219
221
206
201
194
197
191
192
199
198
193
196
196
191
195
196
202
200
189
189
191
193
192
184
182
185
186
188
192
196
197
201
203
194
196
198
200
198
192
191
196
193
192
186
192
195
196
201
200
204
210
208
208
213
217
217
222
216
223
222
218
221
212
211
194
199
210
216
222
219
218
215
214
222
223
229
231
237
243
242
235
232
239
243
249
244
243
246
247
247
257
266
268
264
261
258
262
260
257
261
268
266
276
272
260
257
252
248
254
258
256
256
257
265
254
248
250
256
259
269
274
284
286
289
299
300
297
294
295
297
297
300
296
299
302
299
293
290
293
294
310
315
317
315
304
300
308
302
309
303
302
309
306
306
296
300
295
300
302
305
296
292
292
291
292
295
302
302
299
309
308
311
315
322
326
329
335
341
337
346
352
353
358
366
363
354
361
366
366
358
349
350
360
366
370
380
375
371
368
374
380
381
384
379
382
375
382
378
377
380
377
380
387
387
394
398
394
392
387
378
379
381
369
366
369
360
348
347
355
366
364
371
365
367
362
363
367
369
369
369
364
365
358
349
356
355
359
368
372
367
372
376
378
378
379
385
385
382
382
376
384
384
376
374
372
378
375
365
371
372
369
370
373
379
380
383
382
382
390
384
380
380
374
373
373
372
386
376
372
377
375
373
370
373
367
370
371
374
382
378
378
381
392
399
392
392
389
393
396
396
404
407
406
406
411
409
413
408
409
398
403
405
409
412
421
421
407
407
399
395
393
393
391
392
401
394
399
398
409
408
413
424
430
426
426
424
415
417
418
412
413
407
407
404
405
400
398
390
389
393
394
395
400
399
398
397
391
389
390
391
392
399
391
391
397
388
389
383
382
385
380
398
409
407
399
405
400
397
393
395
396
391
395
404
409
408
402
394
399
403
396
400
396
393
394
389
385
385
387
395
387
383
390
393
374
381
375
382
375
371
374
372
377
379
381
387
382
389
375
375
382
378
378
380
368
370
361
364
371
369
373
374
376
378
370
377
369
364
366
372
379
369
377
376
376
377
376
374
376
379
382
380
385
380
381
383
384
382
384
395
393
392
395
405
397
402
412
401
405
407
400
402
404
409
411
416
401
394
404
411
416
415
411
424
421
408
417
419
412
414
404
404
404
399
398
400
398
406
404
408
403
407
408
402
406
406
414
417
429
431
435
430
436
437
440
433
436
439
440
439
430
428
443
440
432
425
422
414
422
418
419
420
420
420
424
420
416
418
425
423
425
429
427
424
430
429
430
429
436
441
441
453
458
451
442
445
442
440
451
445
441
442
448
443
452
456
449
439
435
441
437
439
435
437
431
429
436
433
440
435
439
437
432
436
427
434
430
428
430
431
432
440
435
442
444
436
430
423
419
429
437
439
438
437
441
436
430
424
426
424
423
417
422
415
415
418
416
410
417
423
418
415
408
410
412
415
413
405
410
407
416
420
415
417
412
416
421
410
411
409
414
407
406
415
407
400
407
409
411
410
412
411
407
412
409
408
403
404
402
404
406
403
401
401
405
411
411
405
401
403
405
410
407
406
418
427
424
418
424
420
415
418
414
411
415
418
432
434
432
435
432
422
433
443
444
446
449
438
433
433
437
448
442
440
438
441
438
441
446
446
444
441
444
442
440
433
442
446
445
449
458
456
448
457
459
467
459
451
441
432
439
437
437
442
438
441
443
442
438
431
425
417
414
404
398
403
405
405
412
413
409
414
408
412
408
409
406
417
423
428
428
431
447
445
450
445
446
439
433
433
434
430
440
439
436
440
447
444
450
460
461
453
465
463
473
465
457
459
462
454
441
435
438
437
436
434
425
429
430
430
428
424
420
420
429
432
439
436
435
445
452
455
458
462
457
457
458
457
458
458
458
455
454
451
447
455
446
448
451
447
441
434
433
430
441
442
452
456
459
467
465
466
474
479
472
471
481
482
479
487
490
486
492
487
495
493
489
486
479
469
462
459
460
461
470
472
478
480
484
484
482
475
470
464
468
471
468
473
475
479
485
494
492
489
489
482
489
489
496
493
495
487
497
504
500
489
481
486
495
494
499
496
497
500
506
501
505
503
496
497
502
501
512
516
513
520
518
516
512
520
522
525
516
521
514
507
501
503
501
506
504
516
516
519
510
509
513
508
503
493
502
496
503
499
503
508
520
530
528
530
531
532
540
539
527
531
526
538
533
531
536
535
539
524
528
529
528
528
529
532
527
519
516
514
511
508
512
520
523
523
526
528
530
524
528
533
538
533
539
542
549
552
547
546
547
554
554
550
551
558
563
559
557
560
556
558
556
553
550
554
565
563
568
576
580
573
575
568
570
570
572
580
584
596
600
604
605
604
598
598
606
603
604
613
612
611
604
610
601
591
581
580
580
585
589
590
591
590
587
590
584
583
574
575
577
572
572
570
581
585
590
600
603
604
619
615
607
602
596
593
600
596
600
600
599
610
618
618
626
627
623
625
617
618
607
606
605
606
610
618
620
618
632
636
650
652
643
649
649
651
659
649
643
629
632
634
626
628
626
619
613
618
631
638
634
634
636
633
633
627
628
622
618
619
624
624
626
624
622
631
625
615
615
614
620
615
609
604
605
614
614
622
626
623
623
614
612
608
604
605
604
607
599
597
598
598
598
596
597
601
613
616
613
612
611
608
600
596
587
585
588
592
592
590
583
577
578
576
577
569
577
579
584
589
591
591
587
587
581
586
592
583
585
576
583
576
581
578
582
583
567
567
564
563
566
568
573
583
587
584
589
591
587
582
581
580
577
573
563
559
554
556
557
564
568
570
573
574
567
573
573
576
574
568
566
566
570
573
564
560
554
565
563
559
556
555
562
565
560
552
553
544
556
556
547
541
537
543
541
544
547
546
547
540
539
530
530
531
532
532
541
534
531
526
530
536
532
527
530
531
537
532
532
529
532
528
537
538
539
535
535
535
530
522
517
507
501
506
507
503
506
510
508
520
522
520
522
521
518
515
516
512
514
513
516
519
527
525
534
547
548
544
542
549
547
548
544
545
541
531
519
517
527
532
532
527
530
536
524
523
525
522
530
521
518
532
534
521
517
517
517
524
525
521
531
526
520
516
510
515
528
521
526
538
526
532
528
531
531
539
543
537
535
540
531
543
545
550
544
550
547
552
556
554
563
558
551
550
541
543
537
530
527
533
545
537
534
528
521
512
517
512
515
513
521
516
515
515
513
511
514
511
511
509
503
504
505
498
499
492
500
501
508
509
512
512
514
511
500
502
505
499
497
487
491
495
490
491
495
497
491
491
500
503
499
506
504
488
489
483
477
481
485
482
483
475
471
471
480
475
479
478
478
470
474
473
474
475
467
468
465
467
461
465
463
469
459
445
444
449
448
439
437
433
441
435
437
444
453
449
452
446
434
430
431
430
434
441
442
444
444
439
437
436
442
440
445
448
450
446
448
447
445
445
450
451
445
451
447
446
445
452
454
449
449
441
445
450
450
450
448
452
461
471
469
464
467
475
479
476
476
481
479
482
477
475
476
487
492
488
494
499
497
494
495
489
492
482
475
477
474
474
470
468
474
469
473
475
462
466
467
462
460
461
452
459
464
473
460
462
461
458
455
461
465
457
456
461
454
461
459
454
460
460
454
449
454
453
455
461
465
468
466
468
467
459
466
467
466
476
478
475
480
479
470
451
459
461
460
461
453
446
439
440
452
452
452
445
439
435
426
422
411
417
416
421
425
433
432
435
433
430
431
431
445
450
443
447
452
452
449
452
449
446
454
458
462
457
450
455
446
445
447
450
451
455
459
454
456
458
455
460
461
467
468
468
460
461
453
457
452
447
435
434
437
436
442
446
445
441
442
443
443
444
453
456
457
455
459
457
455
452
454
457
459
457
462
464
472
463
464
467
468
472
473
466
471
472
469
469
476
473
472
474
465
472
469
480
483
483
491
491
493
490
495
484
489
491
491
497
501
497
497
498
492
492
495
488
482
475
479
472
469
469
480
479
482
484
494
495
498
493
494
489
500
497
496
489
488
489
490
488
479
477
477
473
473
476
474
475
473
485
480
480
488
488
490
492
491
486
488
485
494
502
495
487
494
489
479
486
489
494
494
490
491
496
496
490
494
492
496
495
490
490
486
486
486
479
481
485
480
479
476
473
475
468
452
445
455
455
459
458
459
448
451
448
449
448
457
456
453
448
437
439
434
431
435
438
440
436
433
434
440
446
436
437
422
430
432
423
421
411
415
417
421
429
430
439
438
427
431
429
428
428
425
431
433
440
443
445
439
436
450
457
451
443
437
432
435
434
435
435
420
420
429
434
442
445
440
435
434
435
430
432
428
419
415
414
400
402
409
411
412
420
419
416
414
424
424
424
426
429
424
422
422
424
413
426
421
423
420
429
421
421
420
415
416
419
425
434
433
426
424
430
435
438
430
432
427
417
431
433
438
444
442
449
449
452
449
444
436
438
435
427
428
428
419
418
424
417
421
430
429
427
428
437
441
438
436
436
441
431
434
439
439
433
433
427
424
425
413
402
411
406
412
407
402
394
398
398
397
398
393
388
392
386
388
379
386
393
399
396
394
396
391
385
389
389
389
384
377
379
379
371
374
368
364
364
364
366
362
349
351
346
348
341
328
325
320
328
322
317
324
326
327
318
315
309
312
306
304
302
294
301
306
311
316
305
307
311
319
316
326
323
320
318
312
308
308
313
314
317
313
314
313
312
318
323
321
325
327
335
344
345
346
344
354
367
371
369
374
376
369
366
360
358
365
359
361
361
360
352
346
349
348
348
344
347
343
340
345
344
349
356
356
353
360
369
375
380
383
383
387
396
392
397
401
392
405
405
397
400
394
388
383
384
381
376
373
370
365
359
356
361
360
361
373
378
389
380
374
378
383
387
385
379
377
370
375
377
382
380
386
402
400
397
398
395
393
389
399
398
390
391
392
395
400
394
395
395
406
395
385
373
365
369
374
369
380
386
388
392
386
389
383
388
384
380
388
390
394
393
388
391
392
390
384
378
376
382
380
367
368
386
387
387
384
387
382
384
378
384
387
390
396
394
394
397
399
407
415
413
401
399
396
395
391
389
398
394
386
395
399
406
409
408
409
412
416
411
412
406
402
396
395
397
390
397
403
413
401
407
408
406
414
410
414
411
409
403
407
405
395
399
394
405
404
392
398
392
392
384
391
390
379
374
376
380
377
373
385
382
373
377
383
381
377
383
384
388
391
392
395
392
392
392
388
383
382
386
393
400
395
391
385
384
381
378
380
383
387
391
388
396
398
386
387
389
396
396
394
389
399
405
397
400
407
396
398
395
396
398
395
399
396
391
389
397
397
387
385
387
393
395
402
402
395
397
403
399
397
405
398
397
390
396
403
398
402
396
399
398
396
391
399
409
416
414
420
420
430
430
430
417
425
423
417
416
407
402
412
411
416
414
422
422
418
430
430
436
436
427
432
434
442
444
437
437
447
450
442
444
450
458
459
462
465
462
460
458
464
463
474
475
468
469
479
481
489
482
484
481
485
484
491
483
482
482
485
485
478
476
482
488
490
498
505
504
499
500
499
504
502
499
502
507
507
506
511
517
512
502
501
502
499
500
504
501
503
491
490
493
489
493
479
482
482
486
484
488
491
488
487
485
475
474
472
477
477
469
467
472
480
483
493
495
494
486
484
480
479
466
472
470
466
471
467
462
458
456
455
452
456
443
433
431
441
437
429
434
436
441
452
458
449
447
440
451
452
451
450
453
447
447
446
439
444
442
443
438
438
445
452
448
450
455
453
452
448
446
447
457
458
454
451
451
458
458
459
457
446
455
448
454
456
463
461
460
464
470
472
469
462
459
451
447
447
438
440
441
441
443
443
436
443
436
439
444
452
444
440
434
427
424
425
424
418
418
421
424
427
424
427
431
430
435
444
439
439
440
439
438
442
440
444
446
445
432
427
428
434
422
420
418
421
420
412
423
419
432
436
439
435
435
429
432
432
431
433
434
426
437
436
437
432
433
431
435
440
445
437
437
438
438
444
438
441
442
436
436
429
432
442
435
432
425
421
416
414
413
417
427
415
420
417
413
410
413
420
421
414
410
401
409
413
411
409
407
396
404
404
399
404
405
406
399
400
400
395
401
399
403
402
403
402
403
394
387
388
389
386
380
378
380
383
371
362
364
359
358
357
354
349
356
352
353
347
332
323
322
323
325
322
329
334
336
342
341
343
340
337
333
331
325
325
323
317
316
314
304
312
315
314
314
319
329
334
337
338
339
332
340
354
361
356
358
355
345
350
344
356
364
366
359
355
354
352
347
351
357
360
369
360
362
359
364
361
367
372
378
378
373
374
375
380
382
378
379
389
395
389
384
385
385
394
395
394
393
394
394
404
403
407
404
404
412
424
425
417
422
421
412
414
415
408
412
418
415
411
402
393
395
385
384
386
389
386
373
378
376
376
385
382
377
383
385
386
378
367
363
364
366
362
355
354
350
351
355
357
355
357
365
358
357
360
364
364
368
368
369
361
354
353
357
359
363
361
365
368
370
374
377
376
378
374
375
372
377
376
373
378
383
379
383
375
375
382
385
388
384
393
393
398
400
402
398
397
398
396
389
384
380
384
378
374
371
368
363
361
366
355
361
357
356
351
344
340
335
332
346
346
345
349
347
346
344
340
335
335
333
328
337
338
331
330
336
337
336
336
337
341
344
351
351
356
359
363
367
364
363
371
373
374
372
371
373
384
381
385
379
380
380
389
392
393
400
410
410
415
425
421
418
410
411
414
419
418
423
414
422
429
440
443
446
449
446
454
455
453
447
447
449
448
451
447
452
452
450
445
444
444
440
431
434
443
439
431
425
415
413
413
414
410
405
412
417
417
418
419
420
414
418
419
420
425
422
419
423
416
416
421
420
419
418
422
420
415
417
410
416
409
416
418
419
419
412
412
411
419
421
429
425
418
417
414
425
420
410
413
418
420
426
425
429
421
415
406
400
399
398
398
402
401
410
404
396
394
387
387
404
408
413
413
409
419
414
429
437
434
424
426
424
422
421
409
412
405
395
392
397
390
385
380
382
393
398
402
393
389
389
401
396
403
403
399
381
380
382
386
373
370
368
364
364
369
369
372
373
381
384
389
393
392
404
406
401
395
386
379
378
375
377
378
384
385
381
377
376
391
380
378
381
383
398
393
399
403
403
409
413
412
410
400
398
388
391
391
391
398
401
396
388
377
370
375
377
375
366
367
368
374
374
375
377
379
375
376
378
376
384
379
393
398
394
396
396
390
390
385
389
386
392
401
411
406
409
409
404
395
393
396
395
408
409
403
412
402
400
400
401
407
403
406
393
385
384
386
394
400
389
394
382
392
392
400
406
410
410
412
425
431
434
434
438
441
451
447
461
466
465
464
462
463
471
483
475
465
473
477
475
466
472
473
478
487
486
490
490
485
492
485
479
488
488
488
488
486
479
482
479
478
454
446
445
452
460
472
469
474
469
474
477
478
468
466
467
465
466
469
472
467
468
478
478
470
462
468
473
463
470
473
482
478
481
484
480
476
479
481
484
479
476
476
478
466
465
467
453
460
457
465
468
470
479
479
484
492
491
495
489
490
484
482
480
482
484
487
490
484
489
494
484
485
486
488
490
486
488
487
488
486
480
479
479
477
481
477
481
479
482
470
469
463
465
468
461
459
469
470
471
476
475
484
478
468
468
474
486
490
489
483
490
492
493
488
484
490
494
501
490
489
498
500
506
504
498
500
493
488
483
482
492
490
485
500
496
498
487
489
491
490
486
491
488
486
485
481
490
493
491
495
494
493
502
501
501
501
499
500
497
491
489
489
491
486
487
499
492
486
490
490
489
484
482
481
479
470
474
477
475
472
476
475
467
467
466
455
451
450
452
447
448
460
450
453
459
467
467
476
475
476
479
479
484
486
479
477
483
484
482
472
479
479
474
485
478
478
487
493
502
492
490
491
491
496
489
490
485
490
492
492
494
495
495
498
492
492
488
491
482
487
493
490
494
493
496
491
501
496
496
492
483
493
487
487
500
503
506
510
515
514
511
513
513
524
528
531
524
520
523
521
511
511
520
512
509
505
503
498
502
502
501
510
508
502
509
500
501
502
503
499
493
494
496
494
500
506
507
514
513
502
501
501
508
509
509
507
509
504
505
502
508
512
515
519
525
519
509
510
509
506
502
514
500
492
498
496
487
483
474
474
458
460
460
451
447
453
458
446
451
459
456
449
452
460
464
469
471
472
468
472
473
478
480
486
493
491
496
489
488
491
488
479
482
486
483
481
474
470
463
453
459
459
459
461
472
461
462
463
462
458
464
454
444
454
466
462
464
458
458
468
461
464
462
459
455
451
451
452
446
442
451
441
439
431
436
440
434
449
456
454
459
459
462
465
474
472
479
484
483
475
474
470
474
470
476
479
475
474
475
470
474
476
476
482
477
482
484
488
483
489
492
488
488
478
478
483
488
478
480
467
466
468
475
473
472
476
469
468
457
463
456
451
446
448
461
469
471
480
475
470
466
464
472
471
465
471
478
485
479
486
498
495
492
486
488
493
491
493
496
493
493
489
487
479
482
475
465
461
460
459
450
444
440
440
444
440
437
436
438
440
447
452
457
457
455
456
451
455
454
460
461
459
460
456
453
449
447
447
447
448
448
457
458
455
459
453
457
459
465
469
473
476
476
478
482
481
484
489
494
495
501
497
500
488
491
488
488
486
484
482
479
479
477
478
482
488
494
491
497
490
502
495
483
487
486
490
498
502
510
508
515
517
519
517
508
518
512
501
492
495
495
495
497
499
495
491
483
476
471
475
482
487
484
481
477
482
491
495
495
502
506
515
514
529
526
518
529
534
529
521
519
513
504
498
496
500
505
502
503
507
506
503
495
504
503
510
510
521
524
527
530
516
511
517
510
508
509
511
513
522
521
514
511
516
518
519
521
513
508
502
506
503
505
501
503
499
500
510
508
505
510
514
514
510
506
500
503
502
500
498
495
488
489
493
481
489
495
494
494
485
488
491
498
509
519
521
530
542
546
550
563
570
583
585
588
589
599
596
591
590
589
594
598
603
605
609
611
609
601
592
590
596
603
601
601
590
592
596
598
598
599
604
609
624
621
628
628
629
624
627
625
632
626
622
623
624
623
617
604
609
615
624
633
622
630
630
637
637
638
642
640
631
628
625
621
608
611
604
603
614
610
613
609
608
609
614
623
624
614
620
617
616
614
618
630
622
621
627
628
626
624
629
631
633
632
638
640
651
648
639
639
636
640
637
640
630
640
653
653
653
646
641
639
633
637
637
633
629
622
617
611
611
605
615
617
622
632
634
639
633
628
635
636
640
632
636
633
639
645
648
654
657
655
647
644
632
626
624
627
639
633
638
640
638
638
633
635
630
626
621
622
620
614
608
616
614
618
617
620
612
613
601
604
611
620
619
618
610
612
609
613
615
623
629
625
616
611
610
614
620
618
609
614
613
614
612
605
614
604
603
601
595
598
601
600
608
611
610
611
605
613
607
607
603
597
588
588
594
581
588
592
596
593
595
600
600
597
607
615
613
611
605
595
597
598
593
597
593
594
594
594
590
581
584
588
583
581
572
572
572
585
599
600
596
580
577
572
575
585
588
585
588
592
586
583
588
594
588
587
588
599
597
600
603
609
609
596
599
594
587
576
590
587
583
584
582
578
569
569
577
579
580
584
583
575
571
563
563
557
558
566
557
557
555
558
555
563
562
572
572
571
572
577
568
565
563
563
552
553
551
552
551
555
554
542
534
531
538
530
527
518
511
514
504
495
500
502
509
510
506
506
510
509
506
509
518
513
512
514
510
506
506
501
497
502
502
492
494
488
489
485
479
479
479
477
482
477
467
467
465
464
465
468
465
458
451
453
458
465
470
471
473
475
484
479
480
469
460
472
486
481
483
486
497
490
494
486
488
491
485
477
469
469
468
460
468
470
467
470
469
466
467
459
455
466
464
450
448
447
448
455
456
454
454
452
445
442
447
445
445
445
451
456
463
456
460
463
458
453
457
465
467
466
468
468
468
466
468
467
464
468
473
486
487
487
484
482
484
478
483
487
485
486
492
496
502
499
496
502
501
498
497
498
495
491
481
482
482
479
490
495
490
494
491
506
508
510
508
505
508
510
513
509
505
504
502
501
496
491
487
488
481
485
495
483
485
497
501
506
500
493
485
479
472
471
471
478
483
473
464
458
463
468
467
466
469
470
471
467
468
473
480
472
478
474
471
473
470
466
467
467
468
459
458
471
476
472
480
488
496
494
499
493
494
504
505
504
497
497
485
489
480
481
476
482
484
485
485
484
477
482
474
476
475
476
481
477
476
472
463
457
454
462
454
452
447
449
447
447
436
441
429
421
422
425
434
436
431
438
433
432
435
430
427
427
435
427
422
426
424
432
427
426
424
420
414
415
409
411
414
421
419
428
425
431
429
429
418
418
420
411
416
407
410
417
429
436
447
449
440
440
436
437
439
449
448
446
439
436
440
446
455
451
452
449
448
456
453
459
458
458
463
466
460
467
466
466
456
453
452
454
449
449
462
454
450
455
451
449
452
447
450
451
446
454
458
453
457
460
457
454
456
445
445
454
447
449
447
449
441
440
434
430
438
438
430
427
421
416
415
413
422
412
402
397
400
394
394
388
391
398
397
396
387
382
388
388
396
385
369
374
385
379
372
366
370
371
369
373
376
370
366
363
364
369
363
359
354
363
355
355
355
349
357
363
355
351
345
344
336
333
327
324
316
312
300
298
304
307
305
297
308
307
304
304
308
302
308
315
318
313
313
320
320
328
330
328
332
335
330
338
343
349
346
341
328
326
326
328
330
321
329
333
333
334
327
329
331
328
333
328
315
309
302
305
304
304
307
314
312
313
306
305
305
313
308
317
319
338
343
344
345
340
345
346
355
358
364
360
366
373
370
372
371
379
376
372
367
362
362
360
363
371
367
370
370
359
370
373
378
384
380
378
377
375
367
377
384
373
367
362
368
363
365
363
356
359
364
362
367
372
372
374
375
374
372
386
396
390
388
398
399
405
414
409
402
397
404
414
414
425
426
427
428
434
432
429
432
435
437
436
436
436
439
445
446
447
439
427
436
440
443
444
437
436
437
439
429
433
442
436
432
426
420
421
425
427
430
434
423
421
421
427
421
423
431
428
434
434
436
429
430
428
428
415
417
416
426
427
426
425
422
419
421
425
429
420
421
415
414
414
421
420
416
422
433
435
433
429
428
417
419
424
419
427
429
434
435
436
432
435
434
434
433
428
430
437
435
436
434
428
421
420
422
429
426
428
428
426
413
416
415
424
427
435
434
442
435
428
435
429
431
435
440
444
446
444
443
440
440
443
446
441
452
461
464
464
476
480
481
484
476
481
481
486
484
489
483
477
479
473
473
478
484
475
474
486
494
489
492
493
495
488
497
493
492
486
490
494
490
492
485
494
491
489
493
490
495
490
500
507
507
506
508
510
510
517
523
525
519
525
524
530
527
522
510
507
512
511
513
508
505
514
517
523
523
527
520
523
519
515
508
511
512
509
517
522
530
532
529
535
535
538
550
552
553
559
559
563
557
558
558
557
563
563
565
572
575
583
591
591
584
575
571
572
573
569
566
566
566
565
565
552
558
555
565
569
576
565
562
562
569
569
566
569
563
570
554
549
546
552
562
552
554
561
564
563
560
548
552
550
542
539
543
541
537
550
543
543
550
536
531
522
514
515
515
506
509
516
522
521
522
522
520
522
528
523
521
515
509
518
513
507
510
512
518
514
508
508
504
499
508
509
508
504
493
488
490
490
485
487
487
489
485
484
484
483
494
503
497
503
507
511
515
518
515
510
518
511
508
510
516
517
518
509
509
513
512
509
504
511
508
507
507
504
501
495
498
497
505
503
496
485
487
495
490
492
497
493
498
502
506
517
526
532
528
524
518
512
507
508
500
492
488
489
483
489
498
494
494
495
495
498
493
491
490
481
470
472
473
475
470
477
479
474
474
466
462
473
481
478
474
465
465
458
455
453
446
444
440
438
446
453
449
449
456
464
461
458
458
469
471
470
476
475
474
465
461
447
456
466
469
474
479
477
475
481
485
484
475
473
479
482
476
474
472
468
468
471
467
468
465
467
472
478
480
478
469
470
470
463
456
461
460
461
462
455
456
457
459
464
461
458
454
459
454
457
459
464
458
470
475
479
483
478
478
481
471
466
463
463
462
458
465
469
468
470
478
476
475
477
478
490
491
489
488
486
487
484
485
479
473
471
475
481
467
458
459
452
452
449
459
448
451
454
450
451
451
453
454
443
438
441
444
449
454
442
438
436
433
433
435
436
440
434
432
423
417
416
417
425
424
426
432
434
427
436
444
439
446
433
432
424
428
430
438
442
446
434
441
433
433
437
448
447
449
453
453
460
464
470
472
482
483
484
485
483
495
494
498
499
488
486
482
481
475
477
475
469
463
455
461
459
460
452
449
451
453
454
465
472
472
477
475
484
487
484
476
479
476
479
476
474
474
487
486
491
494
490
496
491
489
497
495
498
497
499
500
505
508
513
510
511
519
520
523
532
533
533
535
539
551
541
541
537
532
527
528
529
530
535
543
540
537
545
546
542
543
540
536
533
533
523
525
524
531
528
529
533
533
544
545
545
555
559
557
559
560
557
550
550
546
544
543
545
549
547
555
554
536
531
530
530
544
542
535
529
534
532
526
525
531
533
525
523
524
531
524
519
522
522
522
509
507
514
517
523
526
526
527
530
531
545
550
550
559
565
576
575
570
571
578
574
576
574
584
584
587
586
591
590
586
583
580
583
581
586
581
578
583
577
585
581
579
579
578
575
572
562
556
562
561
561
562
565
573
573
572
558
551
550
544
550
559
556
554
555
552
547
549
550
557
565
563
564
561
564
563
561
554
549
562
544
542
551
550
548
560
569
570
560
548
546
553
550
547
552
552
557
562
573
572
573
577
572
577
573
573
573
580
581
584
592
587
591
596
606
604
616
616
604
599
596
598
604
602
600
595
601
598
598
604
603
598
598
594
579
577
576
574
570
580
575
572
571
579
576
585
590
591
589
592
584
588
586
579
581
586
581
578
575
572
577
572
568
573
573
570
573
580
581
587
582
582
582
587
588
580
577
587
584
569
560
558
553
553
544
546
555
562
564
567
575
571
577
582
588
589
583
596
605
605
604
596
598
596
601
600
595
597
599
598
606
593
600
600
605
604
608
606
602
597
599
601
599
595
586
584
576
573
576
583
586
587
579
584
586
589
592
599
604
602
589
585
584
594
581
582
589
591
597
596
593
586
582
588
593
596
586
594
599
593
594
594
601
603
601
602
599
601
602
608
610
613
617
626
628
626
625
624
631
639
638
636
633
634
638
634
636
636
630
627
634
633
637
642
641
642
643
636
631
628
628
630
634
635
645
641
645
634
636
638
633
634
635
630
631
636
635
637
633
630
639
649
650
648
660
660
666
657
653
656
659
655
641
641
644
649
646
641
637
631
626
634
631
627
623
621
626
618
618
614
613
620
626
624
616
618
618
608
605
603
595
594
596
586
594
600
591
593
596
600
608
615
613
615
616
622
624
631
627
626
618
616
609
615
619
626
628
633
626
623
616
614
613
614
616
625
630
628
637
637
642
645
649
645
640
637
634
628
628
635
632
636
630
624
626
642
632
632
629
629
642
649
650
651
640
639
642
628
617
618
620
618
607
604
604
608
615
618
611
613
614
611
618
622
623
628
631
630
635
635
635
639
634
636
634
638
628
638
642
645
648
648
649
654
648
652
642
646
641
638
648
647
647
644
638
648
645
655
647
654
651
639
638
644
639
627
633
626
619
616
620
618
609
611
613
611
608
595
590
588
582
581
580
574
579
578
585
588
598
597
593
598
600
594
595
590
587
593
593
597
592
597
603
601
603
602
602
606
607
605
600
605
605
606
622
627
629
632
631
636
648
645
645
650
644
642
633
634
634
638
624
630
628
624
625
628
628
627
628
627
627
629
624
622
614
619
613
608
604
606
601
607
604
601
605
606
608
602
601
598
589
594
595
597
588
587
593
594
589
595
589
592
597
590
595
591
588
587
597
602
604
610
606
601
600
592
588
584
581
586
584
580
580
572
582
586
591
592
587
580
572
571
573
569
588
592
591
597
600
599
606
598
598
602
600
595
590
587
585
591
588
586
586
586
583
587
582
581
584
592
597
600
600
599
609
614
608
605
615
622
626
621
621
619
622
616
615
609
608
603
601
603
599
599
603
601
602
601
608
606
608
613
610
616
617
615
610
609
609
609
617
631
637
639
644
633
633
628
627
632
629
641
634
630
635
637
642
643
654
661
663
674
669
669
667
668
671
679
678
682
678
673
673
681
687
686
685
683
687
678
689
691
690
688
695
694
695
701
698
696
695
697
701
701
702
713
717
713
710
711
711
712
714
722
718
722
722
725
717
718
714
719
710
702
702
704
713
711
707
713
720
718
723
731
734
729
727
730
733
735
731
743
736
724
726
725
732
736
730
724
724
716
710
710
712
711
713
720
713
706
707
704
698
700
703
701
697
703
695
693
690
694
704
711
713
711
708
702
704
706
714
713
716
704
704
706
700
707
701
698
698
700
697
698
708
703
705
706
705
716
710
705
705
707
707
699
707
703
701
692
687
683
689
693
696
698
697
702
700
700
697
701
703
707
706
707
707
711
706
713
709
710
706
707
703
717
707
710
718
714
714
705
707
709
709
709
705
704
702
713
721
723
727
730
737
739
748
753
766
767
765
770
765
767
770
770
769
779
774
772
758
762
754
756
758
751
751
757
755
757
764
771
782
775
769
776
782
777
774
782
780
783
779
777
775
771
775
784
790
789
791
791
794
790
798
798
792
794
794
796
797
793
797
802
802
794
794
791
797
803
799
789
802
807
808
805
793
787
786
789
785
788
783
776
779
782
786
788
794
793
794
795
804
806
810
808
809
807
806
803
810
809
818
820
822
815
820
817
803
803
808
815
815
818
817
821
817
815
821
829
831
823
814
805
802
808
806
813
813
810
813
807
804
798
799
794
793
787
790
780
780
781
783
778
784
796
792
793
793
795
794
793
785
784
788
795
785
783
786
786
785
780
777
777
773
764
765
769
779
779
781
772
777
782
786
798
798
797
797
783
792
791
790
790
792
792
802
805
813
817
815
816
818
825
819
820
817
820
815
812
815
811
809
814
812
815
816
820
824
820
824
819
821
831
832
833
838
847
840
843
847
837
829
834
841
837
841
843
843
843
840
839
838
829
827
820
819
817
818
827
826
817
822
832
832
827
822
822
820
823
822
829
824
822
828
831
829
834
841
844
851
854
853
856
862
861
855
856
859
858
855
862
860
858
860
863
866
870
872
870
868
858
865
862
865
862
860
855
862
868
877
882
877
879
880
876
867
868
869
868
868
871
873
875
879
874
885
897
897
902
905
907
914
914
914
914
910
906
902
900
900
904
901
897
894
889
888
882
887
888
878
883
888
891
882
879
877
880
880
878
883
877
875
870
873
877
878
872
875
870
875
869
866
868
864
867
866
863
860
863
861
857
867
866
866
861
861
855
860
864
868
871
878
876
882
888
883
876
879
884
890
884
886
885
881
881
876
874
873
876
873
869
876
866
865
863
862
859
860
854
854
846
855
857
864
869
855
869
869
865
867
860
848
851
861
852
850
855
852
851
845
837
841
834
829
830
834
833
833
833
843
845
834
831
833
832
831
833
832
834
839
844
848
842
839
838
833
829
838
826
822
810
815
807
806
808
813
816
806
796
803
799
800
786
781
781
785
784
794
802
808
810
813
809
811
808
811
807
801
806
808
806
793
807
809
807
813
821
820
823
830
834
836
835
841
845
848
842
836
842
831
829
827
831
830
828
827
826
825
823
832
823
829
823
823
819
823
825
814
812
807
810
804
811
799
795
788
783
780
784
763
759
769
770
778
777
783
783
776
779
777
780
777
774
782
781
778
781
779
781
791
792
795
797
797
805
807
811
814
821
814
822
823
818
821
815
811
819
823
820
824
825
833
830
828
833
825
832
837
839
819
817
810
809
817
818
819
811
806
806
810
805
800
798
803
807
808
804
801
803
800
790
791
800
794
796
795
794
792
796
795
801
805
804
804
799
801
802
799
794
801
798
801
806
807
808
813
815
810
808
801
804
809
812
817
824
828
831
824
818
817
813
813
819
819
817
822
824
829
826
825
814
813
816
813
815
826
826
826
835
841
835
826
814
816
803
804
803
800
795
804
798
807
813
816
813
808
798
790
788
799
804
812
809
811
815
817
815
813
817
814
816
819
823
825
837
836
825
834
841
848
852
856
852
855
856
850
848
850
846
840
844
845
844
836
836
838
835
833
837
831
835
828
820
816
828
829
832
834
839
835
838
829
835
836
840
833
832
824
829
829
830
836
845
847
841
842
836
830
832
837
837
829
832
824
823
822
816
821
816
824
823
823
819
819
828
832
837
829
837
828
826
828
836
833
834
847
849
852
852
849
847
853
844
849
861
853
848
835
833
837
835
832
831
826
834
823
823
831
831
834
845
844
849
856
857
848
841
846
857
852
849
842
835
843
843
836
836
838
836
837
833
837
831
839
835
829
823
823
816
816
822
825
818
824
823
832
831
833
835
840
838
840
844
837
842
835
836
837
839
848
845
845
851
854
854
853
850
854
859
854
853
860
867
863
853
848
858
857
856
856
865
866
863
859
861
872
865
858
857
847
849
855
854
847
854
858
861
855
861
866
870
873
872
865
873
881
883
885
890
884
888
886
880
875
870
870
875
874
870
874
882
882
882
886
885
886
882
882
873
880
885
875
876
873
875
878
880
887
888
887
883
884
891
891
893
894
894
900
890
881
882
886
885
881
885
887
894
890
897
904
894
900
897
891
898
897
890
881
890
889
887
891
890
889
895
899
896
897
892
897
890
895
901
901
902
900
893
886
882
888
893
899
889
892
897
891
889
894
906
899
896
897
896
902
897
898
894
889
888
894
895
895
894
895
887
897
894
890
889
893
892
892
890
887
883
874
874
859
861
856
852
844
841
834
838
841
840
846
843
833
825
823
818
820
828
833
840
846
853
855
859
859
850
854
861
860
864
865
857
859
858
872
876
881
881
884
879
882
889
893
896
896
893
888
889
882
888
888
885
895
903
904
906
903
905
910
909
916
918
919
921
917
924
920
924
916
897
896
899
897
897
902
908
898
894
894
885
883
889
895
891
896
896
905
898
900
903
908
899
904
907
896
885
888
898
894
897
894
892
899
912
914
910
919
916
910
918
911
922
916
909
918
916
915
919
918
918
917
918
920
931
941
934
930
928
925
928
935
937
942
947
953
956
957
956
959
961
960
959
960
958
952
951
949
950
954
953
952
967
972
966
966
969
970
971
969
972
971
969
976
976
967
969
976
975
982
987
990
985
980
983
984
978
977
973
978
974
981
976
975
966
967
975
971
969
972
977
983
979
988
998
998
997
1001
1010
1013
1020
1020
1030
1036
1040
1024
1026
1035
1040
1050
1048
1048
1059
1054
1050
1057
1064
1063
1068
1063
1057
1067
1065
1063
1059
1064
1072
1067
1062
1064
1066
1066
1060
1059
1062
1065
1060
1064
1067
1061
1059
1064
1066
1063
1061
1059
1050
1051
1051
1051
1051
1053
1060
1061
1054
1053
1047
1039
1037
1030
1016
1022
1018
1013
1028
1023
1015
1015
1013
1006
1013
1013
1016
1012
1010
1004
1005
1008
1011
1022
1021
1010
1017
1022
1029
1022
1019
1019
