0
15
15
16
19
23
24
26
30
34
32
34
25
21
20
13
12
14
11
14
16
17
19
10
15
18
18
15
14
16
8
17
18
27
30
19
25
27
29
34
39
42
38
36
45
50
51
58
62
52
47
51
49
46
52
58
53
53
51
52
43
47
58
65
73
75
73
74
81
89
82
81
91
91
92
81
91
93
91
96
95
95
103
111
102
105
93
96
89
84
83
88
87
90
90
88
90
85
93
102
103
105
94
88
90
93
92
93
84
85
86
91
90
89
92
88
90
91
81
84
83
76
84
88
92
94
92
84
83
87
84
83
79
81
82
92
93
101
99
90
93
88
92
94
91
82
78
74
73
87
86
78
75
71
65
63
59
70
66
67
66
64
63
58
51
54
48
44
42
48
53
45
56
52
45
49
53
54
57
51
51
46
45
42
46
43
36
43
44
44
47
44
37
31
31
27
24
17
24
14
17
13
16
18
18
17
15
13
17
15
13
15
21
16
13
17
17
22
18
19
16
19
22
21
33
28
36
41
44
40
43
42
37
25
25
12
17
22
28
31
32
30
26
27
27
28
27
28
19
24
16
16
14
14
12
9
17
16
23
24
23
19
23
21
28
25
16
14
18
18
23
21
21
25
19
11
12
22
19
22
34
28
37
39
41
35
36
36
48
51
48
45
49
49
52
54
54
54
49
55
56
50
56
55
60
64
70
71
73
86
83
76
91
82
79
81
67
70
68
69
68
76
74
72
72
89
91
96
99
98
103
113
109
103
109
109
109
109
109
101
99
102
105
104
102
105
109
97
103
101
92
85
80
82
81
76
81
74
68
75
79
84
94
100
103
101
116
110
109
105
99
100
100
97
98
97
94
89
94
93
109
105
113
120
126
120
127
135
136
134
130
137
133
143
139
135
124
116
117
123
120
132
136
143
142
145
150
148
134
131
128
134
131
144
145
139
139
141
146
154
150
139
146
140
134
131
124
116
119
122
117
112
113
101
95
92
99
103
108
111
106
115
111
109
99
92
86
79
83
84
83
77
78
70
74
78
85
84
87
83
79
78
74
76
79
81
76
78
80
68
68
71
79
78
77
81
78
71
81
87
92
92
84
85
83
82
89
90
88
88
93
99
93
91
85
87
84
92
90
91
86
89
81
88
90
94
96
100
97
96
97
102
97
96
104
111
107
113
109
117
107
103
98
115
124
116
115
127
128
133
128
129
131
131
129
123
125
123
124
127
128
124
132
140
134
131
125
125
129
122
111
112
117
124
121
130
125
119
119
115
116
115
116
113
111
115
111
121
120
110
109
118
115
116
114
114
108
101
99
98
104
106
98
102
99
97
101
100
105
105
98
99
106
100
98
106
104
95
99
96
98
105
106
110
111
109
107
107
108
117
119
119
115
119
124
124
127
119
124
123
117
113
109
105
107
119
120
121
117
112
105
105
111
117
110
114
116
114
114
120
132
135
145
148
147
144
129
123
120
122
124
122
115
121
118
123
128
134
140
141
137
134
125
116
116
114
116
114
105
112
108
101
111
108
108
109
106
104
97
92
105
105
101
100
105
96
110
109
110
113
109
115
102
99
99
98
106
118
111
109
101
90
81
79
77
75
77
83
92
84
81
79
82
81
80
85
89
90
98
88
88
96
95
91
91
83
89
81
86
88
89
89
85
79
80
85
83
76
70
65
75
72
70
65
76
70
70
74
79
79
90
102
113
112
108
113
104
110
106
103
106
109
108
103
97
96
99
90
91
94
86
89
97
94
100
96
100
104
102
101
105
111
112
118
124
118
116
120
125
126
123
119
122
121
121
116
115
116
112
110
112
115
113
115
117
107
106
100
106
107
107
102
98
100
99
105
106
110
116
110
104
112
110
113
105
105
94
93
88
81
77
81
83
76
75
79
78
70
74
76
75
78
84
89
87
73
74
74
69
73
83
77
75
71
63
60
58
63
63
65
62
61
56
53
50
52
49
56
56
60
56
46
42
44
48
39
42
42
57
54
54
55
57
54
51
56
61
59
59
52
52
60
68
69
72
66
65
68
61
69
72
70
77
71
71
73
73
76
70
71
75
69
77
68
58
54
62
68
58
61
66
63
67
72
68
65
58
51
57
52
55
54
59
58
53
55
59
59
56
53
56
47
43
39
31
34
26
27
23
27
24
23
32
21
7
14
11
17
18
13
10
23
19
24
32
35
35
33
36
35
42
56
52
57
61
59
61
61
60
48
50
53
54
56
46
47
42
44
47
37
34
35
44
41
44
43
41
44
44
43
34
39
36
38
31
35
39
31
32
29
33
36
43
34
43
45
46
41
28
26
36
27
32
34
35
31
31
31
23
33
29
22
22
25
27
13
13
20
10
15
15
18
24
23
25
22
26
29
26
30
23
25
20
23
29
21
23
21
22
21
21
14
20
22
20
21
16
17
19
18
27
28
36
25
32
32
29
36
32
32
32
26
22
24
28
24
19
24
18
21
24
27
32
27
31
28
22
16
17
15
18
23
23
20
14
15
11
10
18
13
18
21
19
22
24
29
30
31
26
25
23
32
33
28
36
35
41
39
43
47
43
52
57
61
46
48
44
45
47
47
49
52
53
50
45
46
47
57
55
64
77
84
86
83
87
78
85
87
79
75
69
71
71
70
69
71
77
80
82
83
78
81
81
81
83
88
80
77
75
74
73
69
71
68
69
70
54
50
46
35
45
59
60
60
52
51
60
70
68
68
71
60
71
70
81
75
69
76
76
75
83
89
95
94
99
95
90
94
87
90
87
80
80
75
75
73
59
53
63
63
65
54
60
55
54
54
55
56
67
72
73
69
73
78
69
68
66
69
60
62
57
52
58
53
57
62
59
65
68
58
63
60
52
56
57
54
62
64
52
58
58
54
52
54
52
60
52
60
64
68
60
61
53
53
41
45
43
46
44
47
53
56
47
44
38
44
54
55
54
46
50
48
48
47
53
54
60
69
59
56
57
58
52
59
52
57
48
44
41
43
50
52
55
59
65
67
54
62
67
59
67
75
71
72
75
80
82
83
85
84
82
86
86
81
87
90
90
94
92
97
95
86
85
77
70
65
72
66
64
64
61
56
50
46
48
49
57
67
67
63
47
51
55
55
61
53
50
47
43
50
52
54
68
59
62
58
52
56
63
65
69
78
75
79
75
72
79
79
81
79
69
70
61
64
69
67
71
71
75
71
72
76
70
68
63
62
69
75
77
75
77
83
80
84
95
105
106
108
111
112
119
128
131
122
121
124
135
143
141
137
134
132
136
135
131
133
141
140
142
140
131
136
138
138
143
139
137
148
138
139
146
146
144
135
144
156
153
154
155
147
144
150
153
152
157
165
164
161
153
156
165
158
160
161
170
166
158
154
146
135
143
152
155
146
144
151
150
150
154
155
149
151
135
127
124
127
128
124
128
121
117
121
113
118
122
127
133
128
125
137
139
141
146
146
148
151
153
151
158
156
170
172
162
159
163
153
152
153
152
149
147
147
144
143
144
148
151
149
145
139
145
138
135
139
131
129
126
119
121
122
118
109
110
113
111
108
106
101
109
111
112
113
114
120
122
121
119
121
116
106
114
114
113
112
113
122
119
123
127
119
120
125
128
122
109
106
107
106
106
101
101
96
92
97
90
89
84
82
78
79
74
77
74
70
73
83
90
99
101
96
100
103
102
100
103
104
103
100
99
104
103
101
100
104
107
106
107
102
106
111
106
111
117
121
125
122
126
126
130
134
129
132
134
136
132
137
138
141
142
136
136
128
128
132
127
123
122
115
120
117
118
125
124
126
125
129
126
130
125
127
129
134
143
144
151
150
145
140
148
150
147
151
156
160
160
153
146
154
162
172
174
170
170
167
156
160
152
153
156
152
142
135
136
127
124
128
133
132
131
124
124
122
111
120
117
120
119
116
127
135
137
136
132
130
132
128
132
132
140
137
136
134
136
127
133
130
136
133
139
140
138
149
143
140
137
137
131
134
125
126
128
129
127
129
118
106
107
116
124
116
114
114
120
127
143
141
143
152
158
153
147
148
146
145
145
147
144
136
137
143
135
137
134
122
123
127
123
127
138
131
140
142
150
146
141
146
148
149
152
150
149
141
139
146
137
134
123
124
134
138
145
139
136
137
142
148
153
151
151
143
145
139
141
145
144
164
165
165
166
181
179
174
179
175
168
171
177
176
183
189
190
186
179
176
177
185
189
187
185
177
181
174
179
176
182
177
176
164
151
155
151
157
158
156
160
167
175
183
174
179
179
183
180
182
174
176
176
179
170
169
169
173
175
176
182
178
186
182
181
183
187
189
188
192
201
204
202
195
203
212
209
204
192
182
172
180
173
166
164
161
163
162
168
163
157
150
146
146
147
149
146
146
147
143
143
141
134
137
137
142
149
141
145
150
157
153
145
141
137
137
134
136
130
135
131
136
131
128
128
132
131
134
132
134
129
125
130
129
131
133
131
130
128
129
133
124
133
139
143
145
148
149
147
144
141
142
143
136
150
158
155
150
159
154
157
150
147
139
132
138
142
145
158
156
155
165
173
171
173
162
157
150
150
161
158
152
152
152
157
158
161
167
168
170
166
161
162
162
160
155
150
151
155
153
150
151
156
158
160
161
166
161
157
147
144
132
130
124
121
121
129
125
109
107
107
113
113
110
114
117
122
122
129
134
136
142
141
140
137
129
131
129
140
147
150
156
152
157
156
159
166
167
166
161
153
152
156
157
160
158
151
159
156
164
159
159
158
159
161
150
150
148
139
140
135
138
143
149
149
152
157
163
164
169
165
171
163
164
163
158
158
160
159
166
172
172
169
165
162
172
167
170
163
161
160
161
159
160
163
157
157
156
148
147
150
150
147
143
147
158
159
157
147
149
151
159
158
166
157
158
160
161
154
161
163
171
177
174
167
172
167
164
171
181
180
176
182
175
186
185
183
185
189
181
171
175
178
178
167
167
168
163
161
173
178
173
175
174
178
175
175
188
193
189
182
179
178
177
167
167
165
174
179
175
172
170
165
165
158
150
146
146
144
140
142
140
144
132
119
117
125
135
140
137
128
116
112
112
122
122
117
118
122
121
122
126
121
119
118
118
116
114
116
111
113
114
105
107
109
108
100
101
106
101
106
116
121
119
119
127
119
120
110
105
109
113
99
99
88
87
90
97
97
103
107
109
99
98
90
83
77
83
77
84
73
72
71
69
70
66
74
71
69
67
77
76
78
78
79
71
67
65
64
63
62
69
69
71
76
76
71
69
65
66
66
65
64
70
65
77
75
86
88
86
85
94
101
109
109
114
117
120
118
122
123
121
119
127
136
135
136
126
127
129
130
125
126
136
139
142
143
140
136
138
143
138
136
139
144
141
146
145
145
141
136
133
126
124
125
118
113
117
126
124
120
128
137
137
134
132
123
133
137
146
128
132
129
123
133
129
128
130
127
136
128
132
115
126
121
120
121
115
109
116
116
117
113
117
118
118
120
126
127
126
123
121
117
115
115
116
118
122
116
116
124
127
124
122
107
102
108
109
108
104
111
112
111
116
117
116
125
123
111
104
104
103
106
113
114
111
111
116
116
113
111
107
103
107
110
99
101
101
88
85
82
85
89
103
115
106
105
108
95
95
95
98
89
91
93
85
89
85
86
83
92
92
87
86
86
80
77
74
77
84
81
79
74
68
61
56
61
58
60
55
64
64
67
60
60
68
68
59
55
58
53
54
53
53
58
50
52
60
60
62
65
58
58
57
64
76
71
89
95
89
88
82
81
67
72
65
72
66
65
66
65
68
66
60
56
53
53
47
43
46
47
49
41
36
38
28
20
22
19
23
32
29
28
28
22
25
29
27
24
16
21
26
20
16
24
21
25
31
22
22
14
14
27
22
28
28
35
28
20
12
17
14
17
6
14
12
19
33
24
22
28
32
30
34
21
21
27
25
34
25
26
25
21
18
21
14
11
17
22
26
31
32
36
33
40
32
42
35
33
30
28
28
24
30
30
29
23
27
31
35
33
30
27
30
27
28
23
20
20
17
25
29
29
32
25
25
16
17
18
21
23
26
25
21
19
13
10
15
17
13
16
16
20
20
21
24
20
15
13
20
14
19
14
24
21
20
30
32
27
30
21
26
23
24
21
23
14
17
10
13
11
16
15
15
20
27
23
35
39
48
43
44
39
36
40
41
37
48
50
55
58
59
52
49
39
41
48
45
50
42
42
48
47
49
52
45
53
60
63
70
79
91
96
97
102
98
103
102
102
103
112
116
120
117
116
115
112
109
109
113
111
112
108
109
109
100
105
108
111
111
113
113
109
107
103
97
103
99
101
106
106
117
113
113
107
104
107
112
108
106
103
99
96
96
104
102
91
81
78
92
86
92
89
93
107
111
111
105
109
107
104
98
97
101
101
111
113
115
125
124
121
118
119
121
129
131
144
142
144
145
147
151
161
157
156
160
163
160
161
163
166
170
171
174
174
174
178
175
173
168
172
167
171
175
179
184
188
185
194
191
179
186
181
184
181
168
161
163
175
172
171
169
161
166
166
171
173
175
170
172
178
182
185
185
187
185
181
181
181
187
182
173
172
172
173
173
178
179
175
185
185
182
188
190
192
188
199
201
204
211
215
218
202
203
202
212
217
222
225
219
219
217
217
219
221
222
231
232
238
238
234
243
246
250
249
250
239
243
232
234
230
232
228
239
235
232
220
224
228
238
242
242
247
250
249
238
228
228
229
232
232
239
245
234
229
225
224
218
219
220
214
212
212
209
210
213
213
219
225
223
229
233
235
233
230
224
228
229
226
221
224
228
220
211
214
213
210
205
201
196
188
190
186
185
184
186
184
192
187
197
204
215
214
221
226
227
227
225
232
229
224
230
235
232
231
229
228
235
235
237
239
238
245
249
257
257
249
256
259
257
255
242
251
250
249
251
254
261
265
271
270
270
267
262
266
273
267
270
263
260
270
275
283
279
279
277
278
276
270
271
267
278
276
279
282
278
284
287
297
295
291
287
283
291
295
285
293
283
278
274
278
274
281
285
292
287
286
285
277
276
282
280
282
286
284
283
283
285
283
285
286
285
288
299
298
300
301
294
293
296
288
283
286
292
296
291
295
289
289
276
282
290
295
293
298
296
298
295
290
282
296
295
290
286
296
296
289
291
289
292
297
297
298
296
292
284
275
276
270
267
260
262
262
256
253
263
267
262
261
262
252
255
249
252
252
253
255
258
249
240
245
248
250
259
261
258
259
255
256
253
243
244
235
236
230
224
224
220
216
216
215
212
206
201
195
193
186
187
181
174
182
167
172
175
180
171
167
167
168
170
168
164
163
165
163
165
162
166
166
161
169
160
172
177
173
175
186
179
178
166
170
177
177
178
184
178
177
168
172
175
165
167
157
151
152
149
154
153
165
167
166
160
161
170
168
167
169
167
167
163
154
154
162
154
158
155
148
147
145
148
143
130
135
128
119
121
116
114
116
119
120
121
128
134
124
116
120
126
125
117
127
126
132
127
136
134
121
103
97
94
98
93
92
89
87
95
96
95
91
94
96
90
95
100
91
86
76
76
71
74
72
67
68
72
76
75
87
92
86
85
80
78
73
81
86
91
99
97
104
109
112
124
131
129
133
133
133
129
134
139
142
148
147
150
144
140
139
134
129
129
124
133
128
123
124
120
119
118
106
109
106
104
101
107
102
112
113
115
108
104
100
100
102
95
92
100
95
98
97
92
99
87
94
92
91
96
102
99
90
91
94
88
101
94
99
100
102
83
75
80
83
85
96
83
89
85
86
85
85
92
96
99
98
91
97
95
96
95
102
103
99
98
95
101
111
106
108
113
111
99
102
97
91
80
82
78
78
85
90
89
88
94
89
88
83
73
81
85
91
95
100
110
110
96
95
101
97
99
102
94
103
97
95
100
92
91
97
99
103
100
101
102
97
100
98
98
103
108
107
101
92
82
79
77
76
79
72
70
56
59
61
59
61
63
68
75
82
80
92
89
101
102
103
101
105
103
104
111
113
119
113
104
103
101
103
95
86
90
87
88
83
85
80
83
90
82
82
82
77
78
83
88
86
85
83
79
70
74
73
68
69
66
72
72
70
72
76
81
79
82
91
84
85
82
86
85
84
78
76
78
86
83
80
80
76
77
71
69
63
62
59
64
61
69
69
74
80
79
81
77
83
90
87
77
78
79
72
79
83
89
89
88
92
98
84
83
81
85
87
80
82
93
98
92
85
79
76
83
84
80
85
85
91
91
88
78
79
82
79
80
80
68
68
61
63
57
55
60
58
57
51
42
45
42
43
40
42
40
42
38
36
48
58
60
61
62
70
68
68
66
61
60
57
61
49
50
47
50
47
42
44
35
36
39
32
26
20
15
15
17
20
22
19
26
33
41
37
38
41
47
59
60
71
61
53
44
48
54
49
46
58
59
48
39
35
43
40
39
39
50
39
39
37
42
48
49
48
56
57
51
60
65
63
68
60
63
62
68
72
71
73
69
66
66
65
68
65
59
50
41
48
52
51
42
39
43
38
29
29
28
23
20
18
21
21
25
32
33
23
26
31
35
39
37
35
45
45
49
46
52
56
63
54
58
54
55
68
75
83
81
79
83
83
81
90
93
89
90
90
106
105
103
100
94
100
99
93
89
88
83
75
74
76
62
73
72
70
71
57
56
54
58
65
67
68
68
59
54
56
55
52
54
61
48
55
58
60
56
57
65
56
57
54
51
56
54
55
50
56
55
47
46
48
42
42
44
52
42
49
42
44
54
43
47
45
45
51
47
42
44
51
45
41
41
45
49
52
62
70
75
77
74
76
75
73
73
72
60
60
66
70
71
66
69
71
69
59
54
53
47
46
36
37
32
28
32
18
14
13
8
16
15
8
21
19
21
20
14
11
18
16
20
19
19
13
13
16
14
19
20
22
18
15
17
22
23
25
28
29
29
32
31
28
23
26
28
22
17
23
25
27
41
41
35
39
43
37
38
36
35
36
36
43
45
51
54
47
44
38
46
48
50
57
62
70
78
75
77
74
82
74
64
61
54
51
41
38
38
42
43
35
37
40
44
48
53
54
60
55
53
66
63
62
61
54
45
43
32
27
26
22
14
25
31
30
30
34
36
30
23
26
26
22
28
29
35
46
49
51
49
51
64
62
55
58
60
58
65
71
58
65
68
68
69
73
63
61
57
53
52
55
57
57
56
47
43
42
36
37
42
48
52
54
50
45
42
44
43
44
46
40
47
42
41
25
28
36
28
30
32
35
34
25
28
28
17
22
26
18
19
12
13
8
11
16
19
16
12
13
14
19
22
19
16
21
15
8
15
16
30
27
27
18
10
18
16
10
15
16
18
13
14
12
14
19
16
19
14
12
21
11
15
16
20
30
37
42
57
61
69
69
65
64
68
72
67
69
67
64
60
56
49
48
48
43
41
51
50
55
56
61
63
64
77
79
76
73
69
73
82
86
90
85
89
88
82
82
84
87
83
81
84
89
99
106
107
104
103
102
96
97
96
99
104
103
97
104
99
96
104
108
115
107
115
124
118
121
117
126
127
126
128
130
127
123
119
120
123
123
119
120
121
121
125
118
125
118
109
105
103
108
118
112
117
120
118
119
129
140
142
141
145
149
149
150
143
152
151
158
152
151
152
155
154
158
149
147
154
145
142
141
139
133
132
127
126
122
118
108
115
114
113
103
98
99
101
94
93
88
88
86
85
83
79
72
69
68
58
60
53
54
56
52
53
51
50
67
69
66
59
56
49
54
55
55
63
61
62
70
72
70
68
65
63
59
61
59
64
62
63
67
78
83
83
92
89
90
89
91
88
83
81
82
88
89
89
79
86
76
76
74
70
73
77
70
74
72
64
69
60
54
46
58
57
50
39
40
37
29
26
23
24
23
28
21
16
11
22
24
19
23
30
45
48
42
44
45
44
42
36
31
27
33
48
53
57
61
62
69
78
86
84
93
96
99
105
104
114
114
115
115
114
120
126
124
124
126
114
115
120
126
121
123
124
135
136
126
130
133
131
131
128
130
131
137
137
134
138
138
132
133
133
140
145
141
136
138
137
132
136
127
128
127
124
114
113
111
121
120
118
109
114
110
96
100
95
92
94
83
73
77
75
71
70
72
66
60
63
61
60
58
58
52
49
49
54
50
41
45
46
38
37
44
44
48
43
36
33
34
39
44
46
46
51
54
53
49
45
47
43
43
32
33
31
30
26
29
37
37
33
33
42
48
40
48
58
46
47
42
48
45
45
39
47
43
38
34
31
27
41
39
40
40
36
33
34
46
45
41
54
47
47
50
52
41
47
46
45
36
47
41
44
41
43
42
49
38
40
49
47
42
42
44
41
46
47
46
57
64
67
67
66
60
48
46
47
47
50
56
58
52
45
40
35
35
25
22
22
19
18
22
20
25
28
28
37
29
23
32
45
48
41
43
51
50
46
47
44
53
53
57
56
62
62
61
68
67
67
67
55
49
54
62
61
66
68
70
67
73
69
63
63
59
55
57
60
64
72
72
69
74
81
78
83
82
79
77
77
71
69
73
71
75
78
87
85
84
91
82
93
95
92
89
88
87
86
84
80
74
77
71
79
77
72
77
73
74
69
72
74
80
88
96
93
89
83
83
83
91
87
78
73
68
72
65
57
50
54
54
50
45
44
42
38
40
35
37
29
33
27
27
27
26
34
34
44
41
48
42
38
41
42
41
41
30
30
28
31
26
29
33
44
49
48
51
53
51
55
57
60
59
57
56
54
56
62
59
61
58
62
56
50
54
52
57
51
60
59
57
50
45
45
46
49
54
52
59
61
65
65
61
55
53
50
51
47
39
32
35
35
30
28
29
38
35
31
34
33
22
25
23
25
27
23
15
14
12
22
15
24
28
32
32
39
45
43
43
47
45
35
37
40
55
53
57
55
53
58
64
69
70
68
62
60
57
58
59
47
48
49
51
61
58
61
57
53
58
53
54
57
54
60
49
44
46
53
56
65
59
56
58
50
45
55
58
55
53
58
51
49
53
47
44
40
41
34
41
38
35
32
41
48
48
47
44
49
50
47
37
35
36
38
36
45
54
58
52
51
45
42
47
51
40
38
39
36
36
44
42
34
28
16
12
16
12
19
25
22
16
16
23
28
32
39
29
30
22
23
25
32
31
33
36
40
56
57
52
43
41
43
34
29
24
26
22
23
32
24
21
21
21
27
34
34
36
44
42
51
48
44
49
53
51
43
35
33
31
25
33
25
24
21
14
25
25
30
32
22
28
24
22
25
28
27
21
25
26
31
28
17
15
19
16
21
22
13
16
27
31
37
31
25
19
18
22
26
27
34
33
27
31
26
17
11
21
18
27
36
32
43
41
49
55
63
60
65
62
56
54
54
59
60
48
47
48
56
64
56
56
54
51
44
41
39
40
38
35
43
39
43
36
41
38
45
39
28
33
46
46
41
36
26
27
21
25
22
21
26
29
27
23
15
21
30
30
22
18
18
17
12
10
18
27
32
27
19
27
20
12
16
23
33
27
26
22
23
30
17
16
15
13
20
25
27
19
26
31
24
35
31
34
25
26
22
24
20
13
15
12
17
15
13
15
12
19
15
8
9
12
10
18
17
15
16
8
16
20
16
21
25
19
18
16
20
18
22
24
21
16
24
20
16
19
17
17
26
27
38
37
40
44
46
43
49
48
50
55
65
76
79
83
89
93
87
99
96
89
85
85
100
105
112
112
109
112
104
103
103
105
102
106
106
106
106
109
115
114
112
110
109
99
99
102
100
104
98
82
79
70
75
71
74
73
70
72
74
74
74
70
67
65
63
62
60
51
56
60
61
67
71
74
72
70
69
70
73
71
66
54
57
50
58
59
62
63
56
59
57
54
46
42
42
45
48
38
36
25
19
16
14
17
14
24
34
42
45
44
40
38
38
46
44
44
43
43
52
48
47
43
38
44
51
45
42
47
38
36
42
36
42
50
48
45
51
56
53
60
60
66
70
75
72
71
78
71
70
68
66
73
72
73
73
77
84
85
87
91
101
104
112
110
107
110
107
106
108
112
111
108
108
111
103
101
94
86
91
93
92
87
79
69
72
69
68
69
67
59
60
56
54
58
51
65
52
48
44
44
48
49
58
64
54
53
41
41
52
57
57
48
47
43
47
44
43
38
28
29
24
29
20
15
12
22
28
26
19
18
12
14
20
20
36
42
36
31
26
40
39
43
45
47
45
42
42
46
44
42
37
37
36
43
25
33
38
38
37
31
38
42
43
42
50
53
60
54
54
63
59
59
58
62
70
65
65
63
54
51
55
54
59
57
64
69
68
59
60
67
62
56
67
69
70
68
75
73
76
91
94
93
91
92
91
84
81
80
83
89
84
79
78
87
85
79
80
64
67
69
63
68
69
71
66
71
65
75
82
79
78
74
69
68
69
73
77
77
74
76
83
87
92
89
86
91
90
95
99
102
109
108
103
103
93
88
87
88
101
107
95
103
107
112
110
111
118
113
110
103
103
100
102
95
91
96
101
99
106
108
114
116
121
119
130
133
130
127
123
123
123
122
130
131
130
131
131
133
137
143
142
147
150
136
138
142
139
136
142
148
153
158
155
151
146
146
145
145
144
158
153
153
154
163
175
172
169
171
175
184
186
190
186
190
190
192
192
198
204
205
205
206
207
214
220
226
219
219
220
214
219
219
214
218
212
223
221
217
220
219
214
209
211
214
215
212
216
207
213
203
202
207
199
195
188
184
187
189
181
178
175
175
188
189
194
190
190
192
191
197
197
205
205
205
207
203
203
197
192
189
202
203
201
202
197
194
185
193
202
203
206
201
201
205
193
199
189
184
191
191
195
202
204
200
205
196
190
189
192
197
195
200
202
203
203
206
213
206
195
199
193
185
189
194
189
189
187
192
191
189
192
199
205
199
204
207
208
212
209
207
199
212
219
220
218
219
225
229
232
237
236
236
229
230
224
214
216
221
235
235
238
231
243
243
244
247
243
242
240
242
247
255
255
260
251
245
248
248
244
241
232
240
233
249
253
252
254
253
246
252
247
247
248
241
236
228
236
223
227
228
225
223
236
240
241
242
245
243
240
240
242
240
234
236
236
242
240
241
251
251
251
244
252
253
252
256
257
257
250
249
251
241
235
232
230
233
230
234
242
241
240
251
251
257
253
256
246
239
243
236
241
249
251
251
255
262
256
250
257
255
262
272
268
263
270
268
263
264
256
253
255
253
250
256
254
257
260
263
255
255
251
246
256
260
260
258
255
254
249
247
247
247
249
254
259
264
264
265
269
278
280
280
283
283
287
291
303
293
294
300
290
284
273
276
275
283
286
291
284
270
269
270
270
261
260
265
264
268
263
268
272
263
259
263
263
271
273
283
286
276
281
285
284
280
290
281
283
282
277
278
272
279
278
280
278
280
285
281
281
274
257
251
249
253
252
252
259
262
252
256
264
254
254
256
257
249
244
244
239
246
248
254
251
255
254
261
260
268
258
249
257
257
254
251
254
256
250
256
256
261
261
259
251
262
255
255
254
254
254
250
242
245
243
245
245
249
250
243
245
251
251
260
266
268
263
266
264
269
265
272
278
275
271
278
277
275
274
268
260
254
248
246
242
242
244
242
237
239
227
233
242
253
256
266
262
257
258
258
256
258
246
231
224
229
229
225
213
211
204
208
208
207
202
209
210
200
200
197
194
203
205
206
198
194
191
193
191
195
197
206
211
209
205
213
204
206
205
208
206
206
197
192
190
183
180
182
178
176
177
177
182
179
172
169
170
169
176
176
185
179
178
166
170
170
168
175
181
181
188
181
183
178
180
185
190
192
198
212
209
212
213
215
214
219
223
220
218
217
225
223
224
225
221
219
222
222
219
228
227
227
220
221
236
236
229
226
229
229
243
234
235
242
238
226
220
219
221
216
216
211
214
212
210
200
196
189
193
198
205
211
215
217
221
230
232
239
239
244
245
248
244
251
245
251
247
260
267
262
263
265
256
253
257
260
260
260
252
251
251
258
247
244
242
243
241
247
231
234
229
224
224
227
230
228
233
225
220
227
224
226
220
224
225
228
226
227
214
207
207
208
203
208
206
189
193
194
196
202
211
219
212
210
209
211
206
200
197
200
204
198
198
200
190
185
184
181
183
184
183
192
187
190
196
204
204
205
213
209
209
210
208
204
208
198
205
208
203
215
221
223
222
225
227
227
239
238
229
226
223
219
219
224
219
212
219
224
226
221
225
223
218
219
220
221
226
232
242
238
249
261
261
262
260
253
252
251
256
249
241
236
227
221
229
222
222
220
212
214
216
223
217
225
226
221
216
210
206
203
207
200
200
197
200
195
204
200
204
207
206
209
207
213
202
212
205
205
203
199
203
198
192
195
189
194
195
190
196
201
190
185
184
181
179
179
170
166
174
163
169
161
153
157
160
158
159
160
157
162
157
155
157
154
165
163
167
168
169
164
168
173
175
182
179
180
175
179
179
185
189
189
197
196
192
196
198
198
197
208
213
218
210
217
218
212
213
209
215
210
208
208
213
213
208
211
214
216
214
213
212
205
203
204
205
203
198
194
192
189
188
187
195
197
196
192
188
182
175
179
176
183
186
183
187
180
182
177
176
180
179
170
168
172
175
176
173
165
166
155
153
157
158
164
165
158
153
150
162
159
161
164
165
168
166
161
166
162
156
167
165
160
155
170
159
155
150
145
135
133
135
124
138
139
144
141
140
144
146
141
139
135
140
133
133
128
126
127
113
116
110
116
121
126
129
133
133
133
134
135
138
140
141
149
154
154
153
158
158
151
160
167
177
180
180
178
170
170
168
179
179
178
181
179
172
168
171
168
172
171
164
153
150
148
145
146
144
144
149
155
155
152
161
169
159
148
140
143
140
143
144
148
140
141
147
149
151
143
146
143
137
143
144
131
141
140
135
131
134
135
124
126
133
125
131
121
121
123
120
113
120
116
112
113
111
118
109
109
99
95
95
91
82
83
71
64
63
69
75
73
80
73
70
72
66
67
71
74
68
61
58
51
50
51
56
55
57
56
63
62
56
64
65
57
54
57
66
69
70
66
76
91
98
103
108
114
117
126
125
119
120
114
108
110
111
101
95
91
87
87
85
85
92
93
95
98
93
93
95
99
101
105
107
107
105
106
104
99
96
96
91
86
87
84
73
83
84
82
81
84
81
82
73
68
64
61
61
64
67
61
68
73
70
64
66
77
80
86
88
90
92
96
89
88
84
79
70
65
63
60
50
57
57
60
67
76
91
94
97
103
96
90
85
93
90
97
92
94
92
85
84
98
98
103
102
100
102
101
103
108
97
92
95
89
95
86
92
89
94
95
90
89
88
92
90
100
98
102
105
116
114
122
124
121
127
127
114
110
116
115
116
126
133
137
134
135
124
131
126
136
137
137
139
132
127
120
119
111
107
109
101
92
86
89
89
88
90
82
78
73
77
70
66
66
64
53
53
52
57
52
70
66
68
68
56
47
52
50
45
42
48
48
52
52
46
44
47
53
51
48
45
41
47
40
45
40
52
44
45
48
59
70
69
72
68
64
71
74
76
77
78
70
67
66
69
61
54
47
42
33
32
40
47
55
45
37
46
47
44
39
35
38
34
39
36
34
26
17
24
19
22
27
30
27
28
23
22
28
30
37
29
31
28
27
17
18
14
15
22
29
28
29
26
21
19
20
21
18
27
32
36
38
39
34
36
37
36
27
30
32
27
35
28
27
25
29
34
35
33
34
42
40
46
53
47
46
56
55
50
42
45
44
53
48
49
63
58
64
68
67
63
54
55
54
52
59
54
50
48
43
43
48
48
44
44
42
43
43
40
29
34
36
35
34
32
26
16
17
22
11
14
9
12
13
11
16
15
13
14
21
29
32
26
23
28
35
34
33
38
43
45
43
43
47
51
41
43
46
46
53
47
41
44
46
52
51
60
59
58
58
62
55
61
60
65
56
65
69
65
70
69
74
70
63
58
51
48
45
46
47
43
39
40
44
45
42
50
46
41
36
44
48
48
34
30
36
35
32
35
26
28
17
12
14
19
25
23
22
21
13
10
12
15
14
12
12
14
16
21
28
26
29
36
34
25
23
26
33
28
26
27
24
28
31
27
28
22
34
23
18
27
19
21
13
19
19
16
21
32
38
42
35
35
39
41
50
47
45
49
41
44
42
39
37
34
37
39
34
34
33
33
40
40
35
41
50
56
62
65
64
69
68
67
72
78
86
92
97
94
97
83
98
90
94
91
92
89
94
96
104
114
111
111
114
106
102
103
103
108
112
119
123
117
121
117
114
109
115
110
118
123
119
122
120
114
122
128
126
123
120
119
124
128
121
122
121
123
116
110
109
112
110
106
109
106
112
120
124
120
122
115
118
115
113
114
111
108
102
105
102
106
106
104
106
112
109
106
100
103
104
114
110
112
112
111
107
112
120
116
113
110
107
116
108
110
115
122
121
125
126
128
124
124
116
111
108
109
105
108
102
100
92
89
88
90
93
96
101
105
103
99
94
90
93
96
93
90
94
91
89
86
83
91
87
82
88
89
96
97
106
112
105
105
109
109
105
106
110
117
114
108
110
106
101
98
98
103
102
94
93
89
81
73
74
73
66
59
56
53
60
70
68
60
60
60
61
60
58
54
51
50
44
43
41
41
34
42
50
56
59
55
62
69
77
76
69
71
74
70
72
65
62
67
63
62
69
70
67
65
75
77
78
81
86
87
83
80
85
87
89
87
80
83
91
94
102
104
103
108
113
112
114
111
110
103
102
109
107
105
105
111
117
114
111
114
117
118
116
114
111
105
108
106
102
101
103
101
107
108
109
106
102
109
107
107
95
88
87
85
87
90
91
93
89
80
85
70
66
68
71
74
78
79
94
100
101
98
100
93
91
92
89
87
93
90
90
96
95
98
97
99
103
101
92
90
85
91
90
86
79
87
74
79
81
78
75
76
83
86
89
86
71
74
82
74
76
80
86
85
73
72
72
59
58
52
50
56
56
45
51
53
50
46
43
50
42
39
47
46
46
46
39
28
26
34
35
39
32
29
26
28
30
31
32
36
35
41
44
42
39
40
37
35
37
28
33
36
42
41
43
52
51
42
45
41
33
30
30
29
38
35
40
43
46
31
26
28
30
29
30
37
32
29
25
29
23
33
34
30
40
44
43
41
41
42
41
43
31
21
14
12
13
19
23
31
23
19
10
16
21
33
36
35
31
34
26
30
32
30
28
21
27
27
34
28
24
27
27
18
16
14
10
20
19
14
16
17
13
17
21
17
27
29
39
49
60
56
62
58
50
47
46
44
41
42
22
20
12
19
14
9
17
11
6
11
19
29
17
17
14
11
16
13
15
23
28
22
23
33
32
32
39
40
35
42
39
47
54
49
55
52
51
55
54
53
48
45
47
49
53
53
39
38
39
33
27
20
32
32
31
33
48
51
49
39
37
27
31
33
38
39
38
42
42
33
40
37
32
31
29
29
36
31
28
31
36
38
45
41
43
39
42
44
43
35
41
35
31
31
32
32
26
17
12
8
18
28
25
24
15
9
22
9
19
27
23
25
20
25
23
22
25
25
25
27
29
32
32
29
32
43
48
53
60
50
49
53
48
62
66
67
62
66
71
78
82
84
75
80
81
86
73
62
67
59
58
63
68
76
77
73
69
78
71
69
74
79
68
68
70
65
65
70
70
75
75
76
77
78
72
75
64
66
58
65
63
60
54
55
44
41
36
35
36
31
34
33
35
40
44
48
47
44
49
45
49
51
56
64
66
65
62
56
50
42
53
48
44
45
37
38
29
28
49
44
42
46
47
49
46
52
54
51
42
39
39
42
39
30
33
37
28
29
18
23
16
20
17
17
19
21
28
28
24
28
34
34
35
34
29
24
16
17
15
18
21
22
13
19
8
13
18
20
17
17
17
22
16
16
21
17
23
22
21
17
10
12
28
32
35
36
39
37
33
41
49
50
54
46
48
49
46
51
54
54
61
59
55
56
53
51
47
61
62
57
53
55
51
55
56
60
57
50
53
53
59
48
47
42
38
39
32
26
27
39
39
39
43
40
45
37
51
47
49
51
45
47
40
49
53
54
56
53
49
43
40
36
47
46
52
45
45
45
44
48
49
45
43
49
43
39
33
23
36
42
46
45
48
50
50
57
57
51
53
54
51
54
56
63
54
48
46
43
43
33
44
32
32
33
38
36
29
28
23
11
11
9
18
25
27
28
20
34
45
40
59
58
55
54
47
51
51
51
48
47
43
55
43
47
51
58
49
50
39
36
35
36
35
35
38
40
34
31
30
31
24
24
24
23
24
31
35
36
22
26
16
10
11
18
29
37
39
39
46
54
56
53
58
60
59
64
50
60
56
61
65
69
75
77
69
70
54
53
53
53
45
42
35
45
46
59
53
52
54
46
49
39
47
44
36
37
40
32
32
43
37
27
23
16
23
26
18
13
24
31
31
37
47
41
48
47
50
50
56
57
57
57
64
67
66
66
61
62
63
56
55
57
58
63
61
61
54
57
54
55
43
49
47
56
53
55
36
38
36
30
36
28
26
39
45
41
38
37
28
25
21
21
16
9
18
28
31
36
39
38
38
43
49
52
57
47
42
37
33
34
31
35
33
30
27
28
19
20
19
20
24
24
22
37
40
42
33
33
34
34
30
24
20
17
19
16
14
21
18
14
24
15
19
23
23
22
18
23
19
25
28
28
32
39
32
27
28
20
18
24
16
12
11
16
16
22
25
24
26
33
26
35
33
31
32
22
18
14
11
14
17
13
16
15
8
15
15
8
22
26
31
26
21
32
33
30
27
31
23
24
25
18
21
25
30
22
34
22
25
25
26
25
26
18
12
16
16
20
14
13
17
11
16
18
15
17
18
16
25
22
20
25
26
32
40
32
37
35
34
28
25
22
28
23
19
21
33
30
41
44
43
39
42
44
45
45
42
44
49
51
50
53
55
53
46
39
40
52
57
56
49
44
37
31
30
28
28
23
25
26
30
30
32
35
42
39
50
47
45
42
34
24
25
24
24
21
18
17
16
18
17
15
14
17
21
18
21
26
24
23
15
12
10
9
13
10
14
19
22
27
30
22
24
35
52
51
58
64
78
80
73
78
80
80
86
85
86
90
94
93
98
98
93
90
86
94
89
80
88
92
90
88
84
86
85
78
72
70
72
75
87
93
85
88
87
83
86
83
78
75
79
63
63
71
75
71
66
63
54
55
48
53
57
56
58
66
70
71
68
67
67
66
65
70
80
71
71
72
67
60
61
51
53
49
47
41
42
37
28
17
17
16
10
13
16
13
16
13
10
15
13
11
12
23
26
27
21
21
19
21
14
13
17
15
15
25
32
31
28
36
47
53
46
39
50
47
36
33
44
44
29
37
38
47
47
45
48
48
39
39
39
39
44
46
54
48
53
51
50
49
50
49
46
60
53
53
53
61
72
75
81
77
72
81
83
87
76
71
76
80
71
77
84
90
85
84
90
88
83
85
75
73
83
77
79
87
89
82
86
91
86
75
75
79
83
91
97
98
94
87
96
103
117
110
117
117
112
111
105
113
104
96
91
90
99
104
119
126
124
134
135
140
137
130
129
135
135
129
132
130
127
129
124
125
134
135
131
129
133
134
129
128
117
124
126
127
125
131
134
135
144
140
135
133
137
136
131
135
136
140
140
141
144
132
133
125
126
131
133
138
146
150
148
143
140
137
142
144
147
149
144
149
147
148
150
155
156
154
158
157
157
152
150
155
154
163
157
153
151
154
156
153
148
148
145
142
148
144
139
140
149
139
143
134
134
141
146
148
154
151
150
144
141
141
138
138
138
131
132
125
132
129
134
141
142
147
148
150
148
161
167
169
166
174
170
164
161
168
175
173
173
164
156
156
156
169
172
168
166
163
162
163
161
163
162
165
164
171
174
172
176
182
188
187
184
182
178
172
176
182
183
183
179
188
172
181
185
181
182
182
186
189
183
184
178
181
182
184
186
191
194
194
204
209
206
202
198
201
196
194
202
193
186
188
194
189
184
178
181
174
172
176
182
175
171
171
168
170
158
151
151
147
155
160
164
156
155
155
169
175
181
187
185
181
178
167
173
172
178
185
178
180
184
197
204
203
202
194
192
194
189
189
181
183
180
185
178
174
170
180
179
174
172
177
171
167
171
178
178
181
191
196
196
204
200
198
198
207
203
197
189
195
201
210
215
212
213
203
204
199
201
201
208
198
203
210
205
202
204
204
204
208
212
204
206
204
193
197
200
207
205
203
202
201
200
208
216
222
228
231
227
237
247
247
243
245
243
252
246
246
242
239
233
235
234
228
227
226
222
225
223
231
229
225
229
242
246
251
257
260
254
246
246
250
247
248
255
262
264
267
264
264
259
256
258
256
253
255
256
252
256
259
253
258
258
258
263
266
260
260
259
254
255
248
245
242
237
229
224
217
212
223
221
217
213
221
222
227
233
241
242
248
247
252
253
260
258
250
244
249
247
236
241
233
234
226
234
231
231
231
226
223
217
221
218
219
215
214
220
227
228
231
230
233
218
222
230
233
225
221
220
226
217
213
223
212
216
212
218
222
216
212
199
202
201
199
187
187
190
184
179
170
173
171
179
181
177
178
185
180
173
166
158
152
151
157
156
155
160
154
155
152
150
153
157
156
165
169
169
172
167
165
171
160
159
158
165
161
163
165
167
163
162
166
169
161
163
169
166
159
167
160
157
161
153
156
153
158
152
147
150
157
164
169
162
156
158
169
162
165
168
169
160
160
159
150
152
147
143
136
142
149
147
149
146
150
145
145
151
149
150
142
146
152
151
163
154
165
163
168
167
164
161
154
149
135
134
132
136
129
138
147
135
134
138
130
123
128
125
130
132
134
138
134
127
132
136
125
119
108
105
99
107
116
119
131
120
117
117
117
117
112
110
110
106
105
99
92
98
98
86
83
87
94
91
89
90
89
80
78
70
82
94
101
100
98
93
87
91
97
97
91
81
82
82
73
71
69
67
70
73
65
72
83
87
88
84
84
86
86
87
80
95
101
102
93
88
96
88
93
96
104
96
98
101
93
94
81
83
71
67
65
68
68
64
67
68
74
74
71
71
70
79
83
87
73
76
82
77
74
73
73
81
84
85
82
83
77
71
69
68
69
78
89
77
87
82
79
79
67
71
81
75
69
81
78
79
79
79
77
83
88
93
94
97
100
95
103
106
102
105
106
115
115
106
110
112
116
113
115
116
114
110
121
129
128
127
132
131
136
138
143
141
140
147
142
145
144
146
136
133
125
122
113
117
115
118
119
121
127
125
131
130
140
133
135
137
137
137
133
134
128
121
125
117
116
121
120
119
116
108
105
111
110
102
99
96
94
92
99
88
86
100
101
111
109
107
104
109
113
110
109
112
120
120
121
117
124
124
125
125
121
127
134
142
143
143
128
131
132
128
132
139
140
136
126
127
122
117
122
126
131
133
135
129
125
130
139
136
137
142
144
148
150
147
140
135
131
132
141
142
156
161
174
180
182
176
167
169
166
166
170
179
180
186
187
192
188
191
196
207
219
220
226
224
225
234
239
239
239
240
244
247
250
247
252
240
243
247
238
238
246
246
247
247
244
229
234
233
227
221
232
234
248
252
255
254
239
242
245
243
242
241
243
234
231
227
218
220
226
226
226
222
214
217
218
216
209
205
207
214
208
207
205
208
215
212
213
213
216
213
208
206
214
211
218
222
219
227
218
213
210
212
220
221
225
223
222
211
211
204
195
198
194
203
208
226
229
224
226
224
225
224
219
216
213
222
225
221
221
222
220
216
224
227
231
227
225
227
223
220
219
215
223
214
215
218
217
219
223
226
221
225
230
229
225
229
224
221
214
220
212
205
196
196
203
196
204
202
193
186
201
205
193
191
188
191
187
190
191
188
185
182
184
180
176
167
170
170
169
165
158
159
161
158
152
157
147
142
138
136
144
150
149
153
144
145
152
150
149
153
154
152
157
148
148
144
141
152
153
154
154
160
159
163
150
139
140
139
135
133
133
125
137
129
139
138
138
141
136
141
138
127
128
132
124
130
137
132
130
131
125
124
119
117
117
122
119
116
118
117
108
112
109
97
98
102
95
88
85
94
97
92
96
92
97
101
94
87
80
79
80
88
92
90
92
96
92
88
91
100
108
103
101
110
109
106
111
114
103
99
90
92
86
90
85
90
88
83
84
81
81
89
88
95
101
105
109
112
115
109
114
112
113
111
112
105
110
111
111
103
99
107
113
115
113
114
113
106
106
102
106
111
114
106
114
105
104
102
103
108
103
92
91
90
87
81
83
87
90
83
91
97
92
99
101
109
100
102
101
105
105
99
102
96
96
101
104
108
92
94
93
87
83
92
98
94
94
99
104
101
91
95
100
96
107
104
108
105
106
98
91
91
91
89
93
96
96
94
90
88
90
87
80
82
74
75
72
79
75
70
65
75
74
72
73
69
60
60
57
58
47
51
56
50
48
48
56
53
51
53
36
37
39
39
40
40
40
38
30
26
33
23
19
13
21
28
28
25
25
28
36
32
24
24
20
17
12
13
14
12
14
16
12
10
29
26
18
17
30
39
37
35
34
41
35
40
44
40
40
36
33
36
37
38
44
50
45
46
43
42
37
43
38
34
38
41
42
35
38
48
46
55
49
47
40
41
51
46
47
46
44
52
56
54
54
50
47
41
44
42
40
49
50
59
56
53
58
58
54
51
54
53
42
43
46
45
38
41
36
38
46
38
42
56
57
45
46
60
65
61
67
69
66
63
62
62
69
69
71
70
73
79
89
91
85
94
89
85
81
85
88
84
86
89
84
82
74
74
81
78
73
68
74
67
59
53
56
53
51
53
48
54
56
56
57
55
58
58
57
69
69
73
65
66
70
72
76
73
68
70
65
69
70
66
68
75
73
79
68
70
67
62
67
69
63
63
63
58
57
51
51
48
43
43
45
51
48
49
53
57
63
69
66
64
67
54
47
44
38
35
32
34
40
44
42
48
46
44
44
51
49
42
38
25
24
31
29
24
28
18
19
20
32
36
29
29
29
23
28
28
19
25
23
22
26
22
21
19
19
23
31
27
28
35
43
50
53
43
39
27
28
29
32
32
29
29
28
29
32
24
13
23
14
18
17
12
13
19
22
18
14
15
13
14
15
18
18
11
20
18
23
31
26
28
22
22
18
25
20
27
24
29
34
32
28
17
22
22
22
27
28
20
21
24
17
26
23
17
15
16
27
30
28
31
28
29
28
34
27
18
18
20
19
24
26
23
29
30
21
27
24
18
16
15
18
21
26
27
24
23
22
33
31
29
23
30
26
33
28
25
32
29
21
20
22
18
17
21
26
21
19
20
18
27
26
29
35
36
28
26
32
38
33
27
18
19
25
19
26
23
26
26
27
29
32
38
46
45
57
65
56
64
66
59
60
58
52
52
53
51
48
47
47
45
38
46
45
42
44
49
45
46
45
38
42
40
40
44
46
56
54
59
61
66
72
82
78
71
64
60
58
55
50
43
42
38
45
42
39
39
51
55
64
61
74
65
58
62
60
54
62
70
63
66
55
66
66
65
65
59
65
64
65
67
64
73
79
78
77
77
71
82
87
85
84
77
76
73
73
76
70
76
71
60
50
53
55
48
49
45
51
49
59
68
75
79
79
89
91
93
93
94
100
88
79
79
81
80
75
81
94
87
88
88
83
75
78
70
75
75
69
69
69
74
62
59
59
68
58
60
56
66
68
65
62
69
73
78
88
87
87
90
79
74
71
69
67
65
71
73
73
75
77
75
69
63
60
60
67
63
66
66
66
62
57
60
63
48
49
42
50
50
40
44
47
44
46
38
38
26
33
30
29
30
33
38
39
44
47
46
40
41
30
22
15
20
11
16
15
16
14
15
15
18
27
27
29
26
28
25
22
25
24
39
34
35
37
33
24
10
8
18
18
15
16
15
16
17
28
33
31
20
22
16
8
19
23
18
14
27
28
29
44
39
37
46
47
53
60
55
57
54
60
68
71
71
73
83
87
89
89
94
98
103
105
108
99
101
102
102
98
105
110
105
103
109
112
123
109
113
117
131
133
135
130
136
136
138
142
137
135
141
130
130
124
133
133
130
129
131
133
127
127
135
133
124
129
129
126
130
128
127
125
116
119
119
119
113
114
115
112
119
128
132
135
140
144
136
143
144
135
136
137
141
138
142
137
146
143
143
144
135
130
129
121
115
122
121
120
116
116
122
121
121
113
123
120
112
105
108
103
97
92
84
85
75
67
63
66
54
52
42
45
38
34
26
25
19
20
17
21
24
26
27
23
25
23
29
37
41
30
30
23
22
22
28
33
24
23
25
21
14
13
17
14
18
8
13
26
23
27
30
33
22
21
12
15
18
19
23
29
33
46
42
43
52
61
53
49
44
55
53
50
47
43
43
48
38
43
45
36
59
57
56
55
61
58
66
58
57
58
49
44
47
56
52
46
38
38
36
29
41
35
29
24
21
15
14
14
17
17
24
31
27
24
29
27
23
17
18
13
11
8
19
23
20
23
23
25
30
32
26
16
19
16
19
11
13
14
21
12
22
29
26
28
25
10
11
21
27
30
36
33
37
40
35
35
40
37
39
32
26
36
36
36
43
39
44
43
35
40
48
50
60
48
42
41
39
41
30
23
22
14
19
15
22
18
18
13
15
12
14
24
16
13
12
18
24
20
17
14
12
12
16
18
32
30
33
39
37
35
31
30
31
26
15
16
17
16
14
9
10
16
16
21
25
31
24
15
18
20
25
22
20
21
26
32
33
28
27
20
19
15
22
31
30
35
40
35
37
39
38
49
45
40
39
46
47
45
43
51
52
44
49
66
52
53
57
59
59
64
55
65
66
68
67
75
71
69
68
69
68
68
68
69
72
69
68
67
72
78
77
74
70
62
64
70
70
76
75
75
77
68
79
70
66
51
48
50
49
63
68
75
76
78
73
84
81
77
79
72
72
74
74
81
76
82
80
87
74
71
71
85
89
87
96
93
90
83
84
85
82
80
78
78
84
77
79
81
82
80
79
83
85
82
76
75
70
68
69
68
69
69
56
63
59
51
56
56
60
68
66
65
57
52
51
47
57
54
45
36
38
44
40
38
34
38
41
45
44
54
64
72
72
76
73
77
74
70
63
53
48
51
40
38
38
43
34
37
41
44
50
63
72
53
56
63
69
64
62
66
54
63
62
64
64
62
64
69
73
83
85
77
75
81
73
70
66
76
67
70
79
79
72
66
74
76
77
80
89
87
97
89
84
78
79
80
84
84
81
85
91
91
98
104
104
108
113
114
110
111
108
97
103
98
104
101
96
89
86
89
89
97
93
97
100
100
92
95
94
93
94
92
93
91
96
100
104
104
116
122
130
132
133
137
133
137
140
136
128
138
138
146
149
150
155
154
162
158
162
160
164
169
170
161
155
161
165
168
160
162
155
153
154
151
166
166
155
154
159
152
152
158
159
160
160
160
171
178
169
166
164
153
148
145
146
144
148
148
147
146
145
149
143
158
152
154
166
172
173
172
173
179
173
167
170
170
169
167
163
163
172
164
166
158
149
139
135
138
138
137
139
130
130
125
127
129
127
125
122
123
122
120
114
117
124
122
123
117
122
118
114
113
110
104
91
93
98
91
90
93
86
81
85
83
83
87
81
81
81
86
82
77
70
74
73
75
74
71
84
88
91
93
84
84
84
85
88
91
86
78
73
73
73
75
75
73
83
85
83
86
83
83
76
80
77
71
75
74
84
91
103
106
105
107
119
129
129
129
141
135
133
138
137
128
130
129
136
135
129
124
123
125
121
119
125
126
126
127
128
126
127
126
125
129
125
124
112
113
107
111
103
108
107
105
102
100
91
94
92
93
97
91
83
81
81
80
78
76
76
77
67
72
69
67
64
49
52
54
58
61
60
58
52
45
35
33
36
37
39
38
37
39
42
48
48
49
53
54
51
58
61
64
78
83
93
89
87
98
103
109
102
99
88
92
86
86
85
89
89
86
94
96
97
96
100
101
103
98
98
97
91
83
81
84
86
84
89
94
95
84
88
80
77
73
72
70
59
62
71
71
73
66
60
57
60
63
67
58
50
52
53
54
58
55
51
48
52
57
67
58
63
58
62
71
66
67
63
56
62
59
65
65
73
65
66
66
63
79
84
81
86
96
100
93
90
89
92
91
95
90
95
93
90
94
100
100
93
92
88
85
87
83
81
75
70
67
59
64
62
67
63
64
73
75
80
77
83
93
97
95
93
91
84
92
93
84
79
79
77
80
70
70
71
71
79
86
82
80
84
73
71
73
81
80
85
85
86
81
77
74
78
73
78
74
85
92
92
86
86
75
75
73
84
90
85
76
73
74
76
77
77
85
92
89
89
86
89
94
93
90
104
98
97
95
89
91
85
85
87
92
86
87
93
92
85
87
89
80
89
93
94
100
99
102
99
97
102
100
94
105
114
112
107
110
104
105
107
110
120
127
124
125
117
123
120
117
115
109
109
109
115
115
126
123
115
111
106
110
113
118
128
130
120
119
124
124
130
116
109
97
93
92
87
90
87
86
84
80
68
70
70
63
65
64
66
62
65
56
58
63
65
62
64
64
60
59
58
62
64
69
63
58
63
69
64
56
62
54
50
48
38
36
29
35
36
36
36
36
28
32
32
30
22
17
23
11
18
15
20
21
16
20
19
29
24
27
27
30
27
23
19
19
21
14
18
18
20
19
19
20
25
22
21
25
34
39
40
32
36
43
41
26
23
29
34
30
26
21
31
37
28
33
34
37
40
32
35
38
44
39
46
57
55
49
50
53
71
58
66
63
61
63
62
63
59
57
56
65
62
59
57
57
53
61
52
46
46
54
45
52
48
48
50
50
47
50
45
40
43
45
44
52
58
66
69
70
87
87
87
84
84
87
97
93
84
86
91
90
89
93
93
101
91
87
87
97
95
83
81
75
75
79
84
82
80
84
79
77
85
79
80
76
75
78
85
92
86
97
91
82
76
74
64
66
61
60
63
68
63
65
55
59
49
47
49
57
57
63
65
64
61
68
68
66
73
69
75
80
76
82
79
82
78
85
78
77
73
84
80
86
89
92
92
92
96
91
90
80
83
72
75
81
85
82
85
77
74
77
83
79
80
85
85
85
85
74
75
79
79
89
96
96
95
89
91
94
97
91
84
91
93
90
89
86
86
88
95
91
98
88
87
93
97
103
102
108
111
114
111
116
116
118
121
117
111
117
129
127
125
129
133
133
135
131
133
135
131
137
143
149
148
151
153
151
157
149
152
147
143
144
148
154
156
150
141
140
133
128
127
122
117
114
116
114
105
110
107
107
115
114
124
126
125
136
138
138
130
139
150
151
139
141
142
134
136
140
142
136
128
125
125
128
130
135
138
136
138
135
132
136
131
133
125
119
121
118
119
118
124
130
131
133
136
131
142
147
148
159
155
154
150
154
145
135
125
131
126
124
112
116
113
108
107
114
107
115
107
109
112
105
105
105
102
99
104
105
106
106
109
106
111
104
101
100
103
95
103
99
95
91
98
103
104
107
111
110
105
101
112
112
111
113
118
107
102
103
105
109
103
103
96
89
86
95
98
95
93
95
95
95
101
96
94
95
88
80
86
82
75
78
67
58
47
37
43
40
39
40
41
38
42
35
40
38
33
34
18
20
23
18
14
22
27
30
26
32
29
25
29
27
20
22
16
15
13
13
21
11
5
15
14
21
24
25
18
19
16
19
17
15
8
17
22
19
22
16
19
20
26
28
25
33
30
24
21
12
16
14
12
6
11
14
15
18
16
20
20
16
17
20
30
31
36
36
30
36
37
33
29
31
36
22
33
29
30
26
30
39
42
51
51
55
54
65
62
62
68
73
72
69
70
63
64
55
58
51
53
53
52
56
54
61
55
48
42
41
39
39
42
36
31
23
27
25
24
11
12
14
18
20
21
26
31
34
36
30
37
35
40
38
37
38
37
41
40
42
42
35
42
44
48
52
50
48
54
64
62
62
56
45
45
52
47
56
59
59
60
69
76
73
79
87
96
96
99
96
92
101
103
106
113
123
122
119
119
124
123
121
112
107
105
88
85
91
91
94
95
85
77
82
85
85
85
87
88
97
98
102
93
101
98
96
98
99
103
100
101
104
101
102
96
75
70
68
69
74
68
66
70
67
74
81
73
69
70
67
78
77
75
68
67
58
55
53
54
60
64
74
72
79
85
93
85
76
70
74
72
73
80
87
81
83
85
81
71
73
77
81
87
93
96
94
96
101
94
100
98
100
101
97
96
99
99
104
110
103
102
93
91
91
85
78
71
69
72
71
64
63
74
70
76
77
81
77
74
70
68
69
66
71
66
64
64
68
58
53
47
47
39
32
41
36
44
39
45
37
39
43
36
27
32
32
37
41
48
57
49
45
36
40
38
40
52
55
51
40
36
42
43
43
55
52
49
52
52
50
54
44
49
42
47
50
55
54
59
61
67
63
68
69
64
68
71
73
75
71
71
69
60
59
64
63
61
60
60
49
48
47
44
39
36
34
34
37
34
24
27
35
36
29
34
40
30
25
24
17
19
24
21
25
23
26
36
51
54
58
54
48
46
42
46
49
51
52
49
53
43
49
48
57
56
54
49
53
54
55
58
58
62
69
70
82
84
92
93
92
90
78
70
72
80
75
78
85
86
81
88
90
83
81
85
79
82
92
91
89
87
88
83
79
81
78
70
67
73
78
87
81
80
76
69
62
68
67
58
50
54
54
52
59
52
58
67
71
60
52
45
45
53
57
58
56
55
47
51
50
47
45
45
36
34
29
31
25
25
30
21
25
27
28
24
25
25
18
20
18
24
24
18
13
14
11
17
20
21
29
30
34
48
48
50
47
53
57
60
67
66
65
65
61
62
62
72
68
62
61
53
50
50
58
61
65
62
60
47
54
57
52
62
59
59
55
48
45
49
42
46
47
60
53
49
49
49
52
47
51
52
55
57
66
69
61
62
61
66
76
74
77
77
72
75
82
87
89
91
89
90
90
90
93
91
86
90
85
72
75
76
77
76
78
90
97
104
102
109
109
112
115
107
118
119
127
127
116
124
126
139
143
138
129
126
142
141
140
134
139
133
131
130
130
119
121
117
119
127
124
114
115
115
119
117
124
113
113
109
107
110
103
103
98
95
107
111
115
113
114
125
127
120
121
122
119
124
123
116
109
96
91
94
94
87
86
85
76
78
76
78
85
80
81
78
84
88
85
97
94
96
97
99
100
96
87
87
88
83
83
86
93
90
87
83
82
81
83
80
88
83
89
82
80
86
80
81
84
88
98
100
97
90
84
82
79
79
81
82
78
80
77
83
96
101
101
90
89
91
87
83
80
87
92
88
92
95
86
82
86
89
101
103
107
104
99
101
98
94
92
100
93
99
105
100
99
101
94
93
103
103
103
108
109
115
118
116
109
112
105
101
103
99
95
95
92
99
96
101
106
110
106
98
102
104
96
105
103
95
89
85
91
100
100
97
87
83
78
70
72
75
74
69
77
83
87
87
92
88
81
80
73
70
73
76
70
80
90
88
92
84
88
85
88
89
95
86
82
89
91
82
91
97
97
93
95
100
98
97
103
109
112
108
108
112
111
119
120
128
129
119
119
122
125
121
118
131
135
129
125
124
126
125
122
120
120
133
126
123
118
122
123
127
132
134
136
130
128
124
120
122
115
118
116
122
130
127
127
136
132
130
119
109
106
112
112
112
113
115
103
105
100
103
97
104
101
102
109
108
99
92
91
94
89
96
94
94
94
97
89
86
86
94
83
92
90
84
77
75
66
72
76
79
79
73
82
73
66
77
85
81
68
67
66
72
69
70
61
68
69
73
87
89
83
84
93
94
95
105
104
97
91
92
87
78
84
85
80
87
76
74
71
55
56
51
49
41
43
38
39
38
28
26
21
22
23
22
19
20
18
23
18
20
16
15
12
18
19
9
14
23
28
30
36
36
41
36
23
29
35
39
29
32
26
29
23
33
31
33
27
34
47
54
52
49
51
54
54
54
55
46
54
50
54
58
63
63
68
74
75
87
88
89
82
86
84
78
79
69
70
69
67
71
67
68
65
60
52
53
45
40
34
35
46
46
54
53
59
56
57
60
56
58
48
48
49
48
55
50
49
44
45
39
42
43
45
34
37
40
39
41
37
35
36
41
34
32
27
26
34
31
25
29
30
36
46
47
48
53
49
44
51
48
46
46
52
53
56
53
54
48
56
54
58
61
54
61
63
75
79
82
92
101
103
96
96
104
105
115
106
116
122
119
118
121
129
135
126
136
136
137
145
149
163
168
168
170
170
172
170
165
173
176
179
180
185
181
187
189
183
189
190
197
202
205
213
207
203
206
207
204
208
214
222
215
214
206
205
210
215
214
221
224
218
225
230
231
231
238
239
233
226
219
220
217
208
214
209
210
208
200
201
201
197
196
203
200
193
197
196
198
192
191
192
190
180
181
178
174
158
151
154
154
154
156
164
161
178
181
184
183
183
183
177
184
173
171
174
170
188
191
183
193
195
188
190
188
181
180
183
191
191
198
189
187
182
183
184
173
174
174
177
186
188
188
183
173
172
167
169
170
180
183
182
182
180
185
182
183
184
180
182
180
173
171
174
177
184
172
170
174
179
180
187
185
185
187
178
169
165
163
166
174
175
177
169
167
163
161
155
156
153
154
158
157
168
167
168
167
167
158
154
149
145
158
161
160
160
154
154
153
153
153
147
146
151
143
138
126
125
126
123
123
120
129
129
127
119
122
127
127
129
126
123
133
135
132
139
139
130
131
131
129
134
134
145
149
144
143
147
148
145
153
158
144
140
146
159
160
162
165
156
161
155
151
154
149
151
150
155
152
147
142
149
142
141
148
153
158
167
159
156
159
165
164
163
162
155
152
158
152
161
160
164
158
162
170
173
181
174
167
172
176
178
181
180
182
181
173
173
174
167
160
166
160
145
151
158
161
163
160
164
173
169
166
164
164
162
167
163
166
160
163
161
161
170
175
176
178
179
177
187
186
190
184
183
187
191
190
185
183
188
190
205
208
204
202
208
213
219
221
221
219
224
226
228
221
223
225
229
225
228
227
229
231
233
243
249
243
243
246
254
261
265
270
264
261
266
263
267
272
272
262
265
262
258
258
259
260
260
254
247
239
242
232
237
239
228
226
223
214
214
219
224
226
227
241
237
238
231
236
234
230
237
242
245
246
244
242
244
238
243
244
249
252
252
258
256
263
270
270
267
265
261
263
256
265
258
265
257
257
256
256
259
258
263
269
275
277
280
286
284
280
289
292
288
283
277
276
271
275
284
279
279
283
282
289
292
299
298
298
296
286
281
281
288
288
290
293
311
312
317
319
316
311
318
313
310
303
303
295
296
300
300
295
298
295
299
297
302
300
297
292
288
287
290
296
298
311
320
318
318
324
319
316
317
320
322
319
318
322
321
335
328
322
327
326
333
336
337
332
329
332
328
330
331
339
342
342
344
340
337
329
327
332
327
319
323
323
325
327
320
323
321
327
331
331
325
328
325
319
329
334
332
327
335
342
357
360
356
354
353
344
350
346
350
350
347
343
337
332
347
344
342
342
333
330
328
329
316
312
301
294
291
294
291
292
290
286
286
288
289
291
292
301
298
298
296
293
295
292
292
294
285
280
278
283
286
286
290
288
293
299
294
299
296
291
293
294
288
293
302
311
315
325
335
333
340
330
324
318
314
303
290
278
277
273
271
285
291
283
280
279
268
274
285
282
285
287
292
294
293
286
291
284
277
277
274
270
269
280
279
284
279
282
283
282
290
295
299
303
306
309
303
303
306
305
301
303
309
314
313
314
322
321
315
311
314
308
311
318
322
324
323
330
334
336
337
333
332
327
325
329
326
323
321
319
326
325
323
320
318
330
328
327
326
329
319
316
313
312
309
308
304
298
297
303
306
310
315
315
317
329
337
336
331
322
321
320
318
325
327
330
327
326
331
329
339
337
338
333
330
344
341
339
338
336
329
326
331
331
320
317
313
309
315
316
318
313
317
319
320
326
328
335
339
337
324
321
317
323
323
322
326
327
324
329
337
330
325
324
320
308
301
305
307
317
324
316
322
325
331
337
345
343
338
339
342
344
341
350
351
357
360
359
354
356
353
348
353
349
352
342
343
350
354
351
348
343
337
341
339
330
337
340
337
332
339
340
333
335
324
321
314
312
313
314
312
317
313
310
307
303
305
303
297
279
277
284
285
277
286
281
273
279
279
276
270
268
268
270
265
262
266
271
263
263
262
263
262
263
260
258
262
271
275
282
280
274
274
281
279
276
268
264
259
257
259
267
258
256
269
275
266
271
266
257
254
252
252
253
249
246
250
254
258
265
262
257
256
259
260
258
260
256
249
244
244
245
258
252
248
250
254
260
263
255
259
262
266
264
261
266
264
267
269
270
269
269
261
256
249
253
248
248
257
263
268
270
272
272
273
276
281
278
277
277
275
274
266
261
263
250
247
248
258
256
260
252
239
249
246
235
241
245
244
256
248
237
222
225
224
224
223
217
224
228
232
237
240
243
231
227
232
229
222
237
241
242
243
238
234
237
237
234
240
240
245
251
251
246
259
250
250
254
258
259
248
240
241
246
243
238
239
246
258
263
269
272
278
267
266
267
266
259
253
243
252
260
245
248
252
242
240
245
247
252
251
257
257
255
251
259
261
255
252
248
242
235
218
215
213
214
222
226
228
222
218
220
218
216
214
215
220
225
223
223
224
225
221
222
227
226
227
237
226
234
225
239
246
246
251
252
256
264
259
261
268
279
274
273
269
266
270
273
275
277
267
263
255
256
255
254
259
255
256
251
257
249
255
251
249
252
244
237
243
244
243
251
259
248
248
243
233
228
223
231
229
226
225
235
245
246
259
257
261
261
259
266
266
259
262
258
271
263
265
266
271
261
263
264
252
267
273
267
278
274
274
269
269
263
269
261
260
264
273
275
277
284
276
267
272
274
279
281
280
282
270
255
268
279
273
267
271
271
269
268
265
267
269
273
281
291
300
301
303
307
315
313
311
316
311
310
308
314
310
311
304
313
317
309
310
314
313
309
304
307
303
299
302
298
289
300
302
310
300
300
298
288
288
285
285
283
286
291
291
284
285
285
283
287
290
293
294
282
287
287
285
278
270
266
269
267
267
269
262
271
281
286
291
288
285
285
277
284
277
286
287
291
289
293
296
302
303
308
318
314
317
310
318
320
326
316
321
321
320
318
317
314
312
313
310
309
299
304
305
301
291
297
296
292
290
290
290
294
296
304
294
294
290
284
292
283
288
287
282
290
294
279
286
290
295
291
288
292
298
294
292
285
288
299
279
282
278
265
254
250
251
246
248
256
245
235
235
235
233
234
235
239
245
246
253
252
255
256
252
248
252
248
244
245
249
249
249
251
258
256
257
250
250
256
261
255
243
238
243
235
237
238
246
248
244
245
249
247
252
251
256
254
258
251
250
259
261
253
251
242
241
244
245
251
253
246
247
252
259
258
261
262
254
261
256
260
264
265
261
266
271
273
265
270
269
268
265
267
260
258
272
279
279
280
281
276
284
281
282
290
300
295
295
302
302
303
316
321
323
325
321
319
327
330
342
341
342
336
332
326
322
325
333
324
321
327
323
329
331
327
329
325
329
326
322
318
318
322
320
316
319
312
315
309
303
303
305
307
299
306
309
309
322
321
327
332
331
327
333
328
319
324
325
327
330
327
325
334
336
334
342
349
350
338
343
341
344
349
359
359
358
369
362
373
373
374
374
379
390
388
391
388
383
387
382
382
384
390
389
386
382
388
389
399
394
392
394
395
401
404
407
403
410
409
407
415
417
409
413
417
415
418
421
429
425
422
424
426
430
424
427
433
432
439
439
439
444
441
449
447
445
452
451
457
455
452
448
456
451
453
453
450
447
450
450
454
462
460
450
449
439
435
437
438
440
458
465
474
478
474
470
467
463
460
460
467
466
467
465
460
454
459
463
473
476
472
465
469
461
462
462
468
477
484
491
503
505
502
495
485
485
483
481
479
482
482
482
486
490
485
485
486
487
485
500
496
495
498
495
499
500
503
502
493
496
486
480
484
478
479
481
481
473
471
468
465
474
477
482
489
488
486
493
495
503
502
508
501
497
495
505
506
512
522
519
520
523
521
525
529
521
522
508
503
505
500
503
497
494
486
493
486
486
475
469
470
471
472
476
478
474
468
468
477
476
472
473
471
470
471
466
469
469
468
461
464
465
467
460
452
453
451
457
461
465
459
462
460
459
459
462
467
468
480
487
487
481
482
483
482
489
492
499
486
489
488
495
490
491
490
496
486
487
486
488
491
503
504
504
505
505
500
501
489
484
487
484
482
482
480
485
490
489
494
497
497
487
481
475
477
473
476
476
472
475
485
486
482
480
479
483
482
481
480
486
484
484
490
496
505
496
502
504
498
497
505
507
520
530
527
531
532
533
538
538
539
541
533
530
523
526
529
536
530
531
530
529
529
541
543
547
545
549
547
547
542
548
547
548
554
558
567
568
560
565
561
555
558
554
558
562
563
563
557
561
557
551
552
555
552
561
563
553
562
554
544
540
537
523
525
522
514
517
514
525
527
541
549
541
536
533
531
527
524
525
530
527
529
527
532
523
514
515
509
512
525
538
541
544
545
544
540
539
538
536
540
539
541
547
550
550
555
554
561
561
571
572
576
584
588
582
581
582
578
576
584
581
580
580
580
580
573
564
567
563
563
557
551
548
549
549
543
552
549
548
551
544
536
544
542
545
549
555
543
542
542
544
545
541
537
534
537
537
538
546
549
551
552
566
561
558
551
557
563
567
556
552
552
557
553
544
547
541
540
538
535
540
543
546
538
541
546
543
551
543
539
537
533
535
535
528
520
506
504
509
498
496
488
485
491
493
489
490
481
485
489
488
487
484
473
466
460
465
468
465
457
463
469
466
461
465
459
459
464
459
464
468
463
460
463
461
463
465
457
446
439
437
443
433
428
429
429
430
430
439
438
438
446
445
449
445
443
436
434
438
434
443
444
439
437
426
423
439
432
431
427
427
426
429
431
436
436
439
441
443
445
443
456
448
439
436
446
450
454
449
443
435
434
437
430
429
430
424
425
432
429
433
425
433
430
440
445
446
449
444
437
449
456
452
435
430
423
437
435
436
434
442
431
429
438
438
450
450
460
460
454
450
456
460
459
465
472
470
469
464
468
466
465
472
478
482
482
477
474
472
469
465
461
462
460
451
450
441
437
431
433
430
434
438
441
443
445
444
448
439
440
439
436
433
424
440
440
440
448
450
451
450
450
452
454
448
444
441
436
439
437
434
429
428
425
421
428
421
432
439
437
437
446
450
452
454
447
442
441
437
436
444
450
449
458
462
468
469
473
476
474
472
467
462
455
451
446
446
450
451
453
462
463
448
443
445
455
453
456
458
463
457
464
468
470
476
480
482
479
476
472
474
471
480
485
496
501
505
506
500
492
497
496
489
483
486
482
482
483
478
473
475
480
479
474
475
482
487
491
492
491
490
485
485
483
479
486
471
469
469
470
472
468
473
484
492
492
488
479
481
476
490
502
503
499
502
510
515
502
493
498
497
497
508
522
522
532
533
531
536
540
540
548
561
567
562
570
564
560
572
571
569
565
560
572
569
561
556
547
538
547
550
537
540
536
537
535
539
535
545
541
531
524
521
521
513
511
516
522
520
513
504
504
498
501
512
515
523
526
526
516
523
517
523
517
522
521
523
527
524
520
522
517
522
521
529
523
522
526
524
523
530
530
523
520
529
525
516
532
520
524
515
521
515
515
513
526
538
536
543
540
538
541
544
545
550
551
556
550
554
558
557
561
561
568
574
577
576
587
588
599
600
599
597
601
598
600
597
600
607
613
614
608
612
604
605
598
597
603
612
622
633
632
629
629
634
632
636
633
626
623
624
629
629
635
631
629
628
616
619
615
610
607
605
606
605
604
608
607
603
604
603
601
596
593
595
590
580
583
578
581
574
576
579
573
571
582
583
585
579
583
591
584
589
580
576
567
571
575
575
578
582
588
584
585
592
595
592
599
598
598
606
600
603
604
598
597
596
596
600
591
593
585
590
594
595
595
599
601
597
601
597
597
588
583
580
581
583
582
580
582
584
585
579
576
584
582
596
595
584
580
579
580
581
583
586
580
582
582
589
588
590
581
574
571
568
570
571
571
565
574
577
573
578
579
573
574
567
568
560
567
564
569
561
553
553
558
561
561
562
564
568
568
570
564
562
563
569
571
566
571
575
576
578
577
581
578
587
583
591
593
589
583
586
592
589
589
584
578
578
581
574
576
576
572
577
578
565
564
561
559
558
558
554
549
554
548
545
549
552
551
553
549
552
559
559
547
543
544
542
541
529
523
528
530
531
532
531
530
525
516
525
525
528
523
535
544
546
548
548
543
541
539
544
533
540
538
529
531
531
533
535
540
535
534
540
545
542
546
543
543
544
547
552
550
550
555
556
552
556
557
554
559
561
561
557
563
560
563
561
554
555
550
554
557
556
558
562
563
563
560
557
560
558
556
552
547
550
550
562
570
573
580
584
577
580
588
585
590
591
592
588
595
592
579
586
592
582
581
578
578
577
576
580
569
575
573
569
576
575
574
571
576
588
591
594
588
597
601
610
607
605
609
608
609
606
599
592
593
577
570
580
577
581
587
594
596
596
605
608
597
598
602
606
607
599
599
591
591
592
589
592
589
590
596
605
598
592
595
595
596
591
604
596
591
591
586
585
579
581
584
586
589
590
600
600
600
601
600
596
603
598
590
591
589
590
590
595
592
599
601
601
610
610
611
604
605
602
607
601
605
608
617
624
636
633
634
640
631
625
621
623
620
618
619
622
627
628
626
641
641
644
637
641
640
636
639
631
630
637
637
630
634
632
631
642
639
639
633
629
631
634
627
631
623
628
632
635
630
634
639
640
644
644
644
660
657
649
635
632
634
633
636
634
641
642
637
628
636
636
635
638
638
636
636
631
632
624
626
628
630
633
630
621
629
619
617
614
614
614
620
622
620
620
609
612
607
607
621
623
618
622
619
612
618
622
627
620
614
617
612
612
614
615
618
615
614
618
618
618
627
626
624
632
638
639
630
629
627
621
612
606
605
609
616
617
619
623
629
629
621
621
618
610
613
606
606
605
603
606
606
604
610
621
619
619
609
609
613
607
600
594
591
598
599
598
604
611
603
604
603
600
601
600
603
595
588
589
587
576
572
578
576
577
582
583
575
577
563
567
573
575
571
571
568
569
568
566
565
571
570
580
585
584
587
580
580
581
581
578
573
579
578
582
575
568
567
568
578
580
581
582
577
586
586
582
584
588
587
583
584
587
588
574
567
559
562
565
564
571
562
561
556
548
549
555
553
556
557
561
560
560
565
569
575
584
578
581
579
583
581
588
603
597
593
594
593
583
582
585
587
591
588
585
585
581
581
591
592
587
588
590
581
580
579
586
579
575
555
563
565
553
550
551
547
539
535
543
545
541
536
532
529
536
535
523
523
524
528
536
535
530
533
538
538
536
526
525
521
516
526
515
515
517
519
518
514
506
507
504
505
510
509
520
528
528
526
526
533
538
538
538
553
558
558
555
551
551
554
553
563
558
560
569
566
570
565
564
567
570
575
580
577
573
580
569
569
556
558
564
566
563
557
554
560
561
563
564
562
556
555
559
561
565
577
577
585
583
587
581
585
583
578
569
575
573
567
575
580
581
583
581
582
586
588
589
588
589
593
599
596
598
591
590
590
592
588
585
587
581
584
589
590
580
571
565
563
570
571
574
575
567
577
576
574
574
563
556
551
544
541
542
542
547
550
545
541
542
545
543
537
539
538
526
527
522
515
516
521
520
512
516
529
514
519
525
527
524
526
517
517
531
530
533
523
524
532
535
542
542
539
544
540
540
543
532
538
537
532
536
535
541
540
546
544
547
557
548
562
568
568
568
569
565
561
565
567
571
568
572
582
576
575
571
576
580
588
595
590
585
581
572
575
578
580
581
576
579
577
583
579
587
590
594
596
590
602
599
604
600
612
622
625
616
630
635
636
630
623
621
621
626
625
628
629
630
638
629
630
631
635
638
639
636
642
634
645
652
661
665
658
651
647
647
654
651
657
664
661
663
666
663
656
657
656
657
651
645
646
635
636
639
643
641
640
652
648
648
641
645
644
642
638
641
632
627
617
615
618
618
620
613
618
618
619
609
617
617
620
619
625
632
629
636
639
640
649
651
652
647
651
660
665
659
653
659
655
651
655
659
669
672
673
690
695
691
696
694
689
695
693
693
692
702
696
694
684
682
678
677
682
690
697
689
697
704
687
691
695
702
696
702
708
715
718
719
721
726
728
722
718
726
731
725
729
724
725
721
729
740
729
725
725
721
721
723
715
719
722
724
716
713
711
723
721
721
725
726
731
730
731
722
728
721
721
721
715
716
716
709
709
701
707
710
702
709
709
708
717
718
714
710
699
700
699
699
690
689
684
682
676
677
681
681
673
657
669
675
677
677
680
682
684
685
681
682
672
665
665
661
658
644
643
647
649
644
646
635
647
652
658
653
651
662
664
670
661
660
661
662
665
655
655
660
667
662
662
672
666
660
664
661
663
656
651
652
650
638
635
629
619
628
630
629
629
634
640
634
635
632
640
640
639
646
643
643
643
654
652
654
652
646
657
664
676
675
669
669
666
676
671
666
660
660
663
658
666
667
662
657
660
653
649
642
653
655
649
650
650
644
642
636
631
627
637
637
643
646
636
639
640
640
638
631
634
642
639
638
637
638
641
652
648
645
640
637
648
655
657
656
660
650
649
653
648
650
652
658
659
657
648
643
642
642
638
649
655
647
657
652
642
639
634
635
631
628
631
644
642
645
652
656
652
643
645
647
644
643
644
642
646
657
648
656
657
656
659
663
663
667
666
660
665
669
676
680
675
677
685
689
697
697
699
709
704
697
701
706
707
706
713
710
712
706
707
716
714
718
715
717
714
716
725
730
732
724
718
716
710
706
699
695
705
702
696
694
696
695
689
686
687
691
695
697
692
702
708
707
709
701
699
698
694
701
702
699
700
704
706
704
713
710
712
710
703
699
697
702
698
697
704
700
700
694
694
691
692
689
683
673
683
677
682
682
680
670
671
668
667
663
662
662
650
660
667
661
655
648
646
654
650
654
655
652
662
660
664
675
681
686
683
681
683
684
688
694
699
705
712
715
718
711
703
701
709
710
709
717
711
717
729
730
726
729
727
722
724
726
729
730
734
724
722
720
724
735
732
728
723
718
712
704
702
703
704
695
704
704
703
706
710
710
715
726
735
723
726
728
734
727
734
739
741
745
741
738
741
746
750
747
741
737
737
735
724
725
721
715
715
713
718
723
731
734
722
725
725
726
715
708
713
709
716
722
714
706
708
709
713
709
709
708
707
709
707
706
704
708
711
703
700
694
697
713
703
704
709
705
695
691
698
690
695
692
700
705
707
711
718
721
720
720
716
724
719
713
723
721
731
734
732
740
747
745
756
750
747
741
747
749
745
742
740
733
730
724
735
732
746
754
752
750
745
747
747
745
748
763
763
769
765
765
769
764
769
773
773
778
767
766
765
759
758
765
766
766
765
768
763
770
767
772
777
784
788
786
790
786
782
783
790
791
784
793
802
800
800
803
815
828
830
831
838
842
851
851
852
855
861
873
878
873
873
861
854
849
853
862
867
867
865
873
865
858
861
866
872
878
885
881
873
873
874
876
871
882
884
885
883
878
879
881
875
872
871
871
871
870
883
880
874
883
884
883
884
875
872
883
888
885
886
893
891
904
916
919
922
916
918
925
934
920
920
922
920
913
918
919
929
934
941
944
954
964
963
966
975
977
977
973
971
968
967
959
956
947
945
951
948
947
946
945
951
960
951
950
951
953
960
970
965
967
972
966
966
966
966
966
959
965
970
977
978
971
964
962
966
957
954
959
949
940
943
946
940
939
928
935
935
940
941
954
957
961
964
964
966
973
979
984
983
978
980
998
1001
1001
991
990
994
999
1002
1002
1010
1007
997
994
999
995
989
994
995
995
993
993
996
1000
994
999
994
994
999
1012
1017
1019
1018
1022
1020
1013
1007
1010
1009
1017
1013
1024
1016
1012
1013
1006
1015
1000
995
978
982
977
980
979
985
981
978
980
975
978
980
980
981
990
992
991
992
999
1000
1002
1008
1009
1001
1005
1011
1014
1013
1004
998
1003
995
985
984
985
981
970
962
959
957
963
958
958
960
960
957
956
955
961
955
962
961
961
962
962
969
975
977
988
993
1013
1009
1012
1018
1020
1021
1021
1030
1028
1029
1029
1021
1015
1014
1012
1000
994
985
995
999
997
988
984
987
984
986
985
995
998
998
997
1002
995
993
989
987
982
977
972
963
960
957
954
954
946
943
939
948
950
951
947
940
942
944
941
942
947
954
955
955
950
952
944
953
940
937
937
936
928
929
927
929
937
937
933
933
934
931
935
937
931
923
917
918
928
924
908
911
914
923
922
921
924
922
927
930
931
927
917
925
918
914
902
888
885
883
892
881
874
861
859
854
863
869
869
860
857
866
862
861
862
851
842
842
840
840
849
857
859
847
845
845
846
851
854
846
838
844
843
847
849
844
846
840
842
836
843
847
855
859
850
849
849
852
843
845
843
839
840
831
833
831
828
824
822
817
810
814
812
814
812
813
822
809
798
791
792
792
792
795
801
799
795
799
802
801
798
806
816
820
822
818
820
824
826
837
844
843
839
835
838
837
831
833
840
840
847
846
839
842
838
834
834
839
836
835
821
820
824
819
825
821
832
829
830
832
836
843
838
834
845
847
853
849
850
842
843
845
843
848
857
859
860
874
878
874
873
882
879
871
869
866
861
864
857
852
851
846
840
849
853
848
842
849
854
852
850
837
839
842
842
839
838
835
826
833
827
822
811
806
804
805
799
797
796
798
797
799
810
811
816
813
805
810
821
821
824
816
808
809
812
814
812
814
814
820
830
833
831
838
835
833
834
831
836
832
838
831
829
832
821
816
817
821
815
815
808
811
820
823
819
812
803
799
796
802
796
798
792
796
798
801
812
811
818
818
817
818
818
818
818
814
817
821
827
817
818
816
827
828
830
833
840
844
837
832
834
839
830
824
815
823
819
828
830
829
831
829
837
835
836
840
845
841
849
858
856
861
857
850
849
850
840
842
848
836
837
833
823
823
821
824
831
831
834
823
818
816
816
817
812
807
807
800
796
796
802
798
797
800
797
795
805
802
797
795
791
786
801
793
798
810
812
813
812
815
808
809
816
822
828
831
827
826
828
826
828
826
825
816
816
813
810
811
801
797
800
799
803
797
792
793
804
803
802
808
803
803
801
790
791
784
787
785
788
794
793
784
781
784
790
795
807
822
824
827
824
812
811
814
809
819
825
829
823
812
814
813
809
802
800
800
803
801
811
803
798
792
785
790
790
782
787
779
776
764
770
780
789
787
786
783
786
782
780
777
773
777
777
778
781
789
799
804
803
805
807
808
810
802
803
799
793
786
791
798
796
790
788
790
792
799
798
796
799
808
809
810
812
812
820
817
821
821
820
826
816
822
834
829
830
823
825
823
820
813
813
818
818
807
804
799
791
793
793
781
772
765
763
773
771
771
763
766
763
755
754
755
749
755
750
741
742
741
737
733
735
745
746
741
744
746
752
750
752
749
736
727
726
719
709
709
707
705
706
703
709
712
717
712
706
709
707
702
696
695
693
695
701
705
709
710
710
704
709
711
710
702
697
699
706
716
718
729
738
739
739
735
741
745
745
748
744
753
754
749
741
741
739
739
733
733
730
739
734
730
727
723
726
726
726
727
720
720
720
730
733
741
733
740
732
729
729
729
731
733
720
719
717
715
707
711
707
711
709
712
710
716
724
720
721
714
717
725
732
729
730
730
732
726
729
725
719
718
721
724
733
731
728
733
731
738
735
729
738
735
736
733
736
737
740
741
731
731
731
725
729
728
735
725
730
735
736
735
734
736
728
729
721
717
706
710
709
711
706
700
703
696
690
681
678
687
685
687
686
676
684
680
684
692
683
679
675
670
669
661
665
671
673
679
675
674
676
674
667
668
662
673
678
675
668
662
670
669
667
669
661
659
662
665
665
654
658
653
658
655
647
645
649
654
651
653
652
653
655
654
655
663
662
663
664
664
661
667
660
647
647
642
646
644
650
652
652
652
648
666
663
664
662
657
654
653
657
650
648
650
650
640
642
647
642
639
631
643
655
657
660
657
658
649
646
641
633
627
619
623
625
614
617
618
618
616
612
609
611
610
612
616
619
625
624
631
626
621
610
608
609
620
631
622
621
621
626
624
627
627
622
621
618
626
619
621
628
626
629
627
620
620
614
614
608
598
594
589
596
584
590
582
574
565
563
563
559
559
563
556
549
545
543
544
540
543
539
544
530
531
533
550
551
556
555
560
558
564
556
565
562
562
568
576
565
558
550
550
547
553
559
558
555
550
552
557
551
553
546
543
544
549
537
536
537
535
537
535
534
530
530
533
535
541
545
539
538
532
531
536
537
541
546
538
539
545
547
559
547
544
529
536
533
526
520
526
536
527
528
521
522
521
527
522
528
529
529
528
533
538
537
538
551
556
549
547
557
556
560
570
565
568
565
556
567
575
579
577
579
575
577
569
570
570
573
568
563
566
564
562
558
562
561
556
556
568
572
579
584
591
600
593
592
593
596
590
589
590
588
590
590
590
594
595
604
608
597
598
601
604
609
606
610
602
603
585
586
581
586
599
602
592
589
585
585
589
586
587
577
574
574
561
560
568
568
571
571
565
564
570
559
562
561
556
552
547
546
540
544
541
544
543
545
545
547
557
563
558
558
558
551
560
559
557
553
550
546
552
558
556
553
552
551
547
550
554
562
556
563
556
552
544
551
559
557
556
555
555
553
556
554
546
553
556
557
558
558
551
555
569
569
574
576
578
586
592
586
587
586
582
593
591
585
586
579
591
594
590
592
588
586
592
592
592
585
592
588
586
588
585
584
590
592
592
600
598
594
593
598
599
603
603
593
591
594
582
585
582
585
590
586
581
568
569
567
568
572
570
561
550
540
544
544
546
552
543
541
544
533
533
533
535
543
551
549
553
552
555
545
550
549
553
546
551
561
561
565
567
571
570
571
575
577
578
572
569
571
574
586
594
594
587
586
578
578
582
584
591
602
603
604
596
594
587
588
595
600
600
606
601
592
592
578
574
569
565
559
560
562
558
550
554
554
555
556
547
541
550
553
562
557
561
558
565
577
576
572
565
563
554
547
546
538
535
533
526
527
525
527
524
523
524
526
534
539
543
548
546
541
541
544
549
544
550
560
563
570
578
579
572
573
576
577
581
579
588
583
574
573
573
575
571
571
576
582
595
591
591
604
597
600
608
606
606
605
601
608
617
604
610
614
619
618
619
615
617
628
624
627
630
631
636
640
639
637
640
642
645
643
632
633
627
622
620
631
628
626
626
625
624
616
619
626
623
624
636
633
631
625
621
606
607
614
615
610
608
611
613
609
618
624
628
627
629
630
644
638
628
625
624
625
624
620
619
618
619
620
613
616
623
619
627
625
624
621
628
626
631
636
641
642
643
646
640
644
642
638
643
642
639
638
646
640
641
645
644
636
640
634
638
640
642
643
640
638
647
631
626
623
617
613
613
616
613
622
628
620
624
629
626
624
616
622
611
614
615
611
610
606
607
611
608
607
611
616
613
611
617
622
628
635
644
638
641
648
644
646
650
653
650
652
656
654
661
664
661
657
663
659
647
645
641
651
664
660
660
666
668
668
667
669
669
668
665
656
656
663
670
668
660
662
671
673
661
659
662
669
675
679
676
677
681
674
666
659
656
656
652
647
658
669
666
671
665
662
656
652
643
636
649
644
644
662
663
663
654
648
657
657
653
653
657
661
657
651
639
640
644
643
647
657
657
656
659
656
659
672
669
668
666
667
665
660
664
653
654
648
651
655
651
656
650
645
643
637
643
642
635
636
636
638
635
641
640
640
624
617
619
621
625
631
631
630
631
623
628
622
631
632
629
630
629
618
613
612
619
621
607
612
606
601
598
600
600
597
593
590
595
583
582
584
583
592
591
590
587
593
589
591
588
589
584
588
582
583
594
600
599
592
586
588
587
582
588
590
596
585
588
586
586
579
578
572
576
577
565
571
575
570
569
571
570
577
576
579
578
574
574
573
577
574
561
561
554
552
545
556
555
559
554
553
553
561
563
569
574
573
576
576
576
576
576
567
570
574
573
572
579
583
578
576
580
583
578
574
581
579
573
577
578
572
564
562
562
561
578
574
577
584
592
591
589
594
586
587
585
590
590
592
598
600
600
613
623
618
627
624
637
640
637
637
631
634
642
640
637
635
633
633
630
630
630
627
623
623
630
623
620
627
625
622
624
630
626
628
633
632
633
631
630
634
628
634
634
627
628
635
639
638
644
638
643
652
647
649
653
647
636
634
623
621
626
632
629
637
633
621
620
615
621
619
624
623
626
629
634
639
631
635
643
635
649
645
646
639
638
627
620
622
618
620
624
627
623
628
628
631
628
629
624
619
617
628
632
634
633
641
651
648
646
643
642
648
649
646
656
652
655
661
656
657
667
671
671
682
677
673
667
666
658
662
663
669
686
683
681
682
688
677
684
689
686
685
683
678
677
687
693
692
691
678
682
675
663
668
675
666
660
670
666
658
642
649
657
659
660
657
650
659
659
661
667
669
668
679
685
679
677
683
683
683
667
668
672
670
669
670
673
675
685
692
700
712
713
710
707
706
709
706
700
717
717
718
717
715
714
706
707
711
703
710
705
703
704
704
707
705
710
712
720
716
716
720
722
722
732
730
727
725
727
722
718
719
716
715
708
705
696
701
702
698
696
693
693
698
690
690
691
694
695
697
697
697
697
687
691
703
707
715
719
723
724
715
714
708
704
708
711
707
709
714
705
701
697
699
689
682
676
682
682
694
694
695
698
700
694
696
694
696
694
702
704
706
714
721
718
718
722
732
731
735
739
743
753
757
760
756
760
756
750
755
755
764
762
759
763
766
766
760
760
762
765
760
754
752
753
750
758
751
747
733
725
730
731
739
743
748
746
735
742
747
741
733
732
734
724
726
726
719
