0
19
20
30
37
27
28
32
36
29
28
34
39
45
46
44
44
45
53
51
54
51
48
41
42
38
42
46
45
37
35
34
32
40
28
34
28
30
27
40
36
28
15
17
17
13
20
14
20
17
13
14
18
22
16
17
16
14
16
23
26
25
29
31
36
37
53
53
54
55
49
49
54
50
51
57
52
55
50
49
38
46
50
52
45
45
44
46
43
40
45
44
50
46
38
44
41
40
43
56
60
60
57
51
60
61
56
58
58
67
64
68
73
76
76
74
85
76
68
67
61
62
72
81
84
88
83
87
95
86
94
104
106
108
107
99
94
93
95
93
95
92
88
88
92
97
101
96
102
103
103
102
100
99
95
91
92
82
83
91
88
100
104
104
97
90
88
87
81
82
88
97
97
102
105
100
89
104
105
113
114
114
113
104
98
99
101
92
98
102
97
89
97
102
107
106
109
103
87
86
83
85
85
91
92
95
101
103
113
112
106
109
109
109
99
109
112
113
103
102
103
104
102
106
105
105
100
104
102
95
87
97
100
102
88
93
81
83
76
77
71
73
89
87
90
100
106
104
97
98
92
92
98
101
102
94
86
83
87
87
98
95
94
97
89
91
93
93
87
83
80
76
73
86
83
83
89
86
90
95
95
97
98
95
83
76
69
69
61
65
67
71
59
50
53
57
66
71
75
69
78
78
78
74
80
88
93
104
93
94
91
93
98
104
105
109
104
109
111
114
117
114
118
117
125
123
115
121
126
136
141
135
131
133
123
110
110
112
118
114
123
128
136
147
149
158
164
158
153
152
154
145
144
146
136
134
136
137
135
131
138
146
148
145
136
142
141
142
152
147
152
153
147
147
152
146
148
158
159
157
162
163
166
163
168
160
155
147
146
144
142
137
138
137
135
133
137
139
142
139
141
156
168
171
173
175
176
182
187
181
179
184
195
192
193
190
186
190
188
187
179
180
187
182
182
188
192
200
209
210
205
210
191
193
181
181
184
179
181
188
183
185
185
187
195
210
206
213
215
217
218
221
235
242
238
243
253
245
248
249
245
248
241
251
255
251
244
243
241
240
243
246
240
237
239
238
231
231
235
227
228
226
229
232
223
223
231
224
218
213
207
211
212
213
213
222
223
225
223
225
234
231
228
226
227
229
224
224
219
222
226
225
230
240
243
251
254
247
251
258
255
253
252
252
257
256
247
244
237
251
256
253
253
254
255
262
263
272
272
281
285
286
287
291
291
289
285
281
284
284
285
279
285
285
288
296
296
300
300
295
297
294
303
306
312
313
312
316
313
322
325
324
316
326
321
314
325
326
320
315
312
315
316
308
313
312
304
311
308
310
322
331
332
335
344
335
328
314
313
301
308
299
299
308
308
307
310
316
313
320
307
321
320
327
334
332
336
334
339
342
340
341
334
323
319
317
318
312
304
311
318
325
324
320
331
338
331
327
330
325
330
341
351
354
355
352
347
346
347
358
359
359
367
369
367
361
369
369
362
355
353
353
346
346
349
356
350
344
346
342
347
346
341
350
363
369
368
375
383
391
391
387
386
383
393
401
401
399
402
405
396
385
383
377
378
379
385
382
382
380
379
386
387
385
380
372
378
396
402
403
406
404
398
403
404
397
395
393
399
389
386
382
377
381
382
392
398
404
399
400
393
399
388
392
387
382
379
385
394
401
405
404
399
395
396
403
402
394
388
389
394
399
409
397
396
394
390
385
387
385
387
380
389
384
386
384
389
390
392
398
390
383
378
387
395
393
394
393
391
395
395
393
394
399
408
411
404
407
410
420
419
417
417
415
412
416
405
406
408
414
418
421
423
430
428
423
420
420
420
414
411
419
420
414
410
415
406
408
397
406
408
410
407
405
403
399
410
401
406
395
400
396
402
392
398
393
387
382
371
376
380
379
389
378
376
379
383
393
391
394
399
405
404
408
413
417
420
416
417
419
419
428
421
420
420
416
411
404
406
412
408
401
408
409
411
411
416
413
420
426
434
428
433
428
440
439
436
447
442
437
437
434
436
438
437
443
441
439
443
442
442
434
437
441
438
440
444
445
439
441
442
440
430
424
423
420
421
428
415
413
404
403
413
428
423
424
426
414
421
415
409
399
401
402
408
404
409
407
412
410
410
415
416
409
416
417
412
410
417
418
414
414
409
413
413
409
409
412
414
411
411
408
411
410
413
413
424
422
419
422
419
418
413
415
412
406
409
402
404
405
398
396
403
401
401
402
402
401
408
403
401
400
400
391
399
408
417
418
422
426
430
428
430
432
424
428
429
421
410
407
410
403
401
394
399
409
411
402
402
401
402
400
396
394
399
397
404
402
406
406
407
411
412
406
405
408
408
413
417
426
420
422
423
416
414
417
413
424
426
427
422
415
419
422
427
428
434
437
444
442
439
433
430
428
438
439
436
437
437
434
441
443
435
439
426
425
419
421
416
421
431
428
426
412
411
409
408
402
400
399
401
400
397
403
400
401
398
399
394
386
388
386
390
387
384
392
397
397
398
400
408
406
402
405
397
395
389
393
396
394
384
395
397
396
392
391
395
391
395
393
395
398
406
413
417
416
422
419
418
407
402
407
405
407
404
410
415
414
415
425
429
431
424
432
435
437
430
419
426
425
421
426
432
433
433
441
439
440
432
435
441
453
462
462
457
455
463
465
470
465
470
474
472
466
458
466
466
464
461
460
457
459
456
450
454
454
442
444
436
439
424
417
406
395
400
403
398
404
396
404
399
396
393
392
407
405
408
410
407
406
411
417
412
402
405
401
401
404
410
410
411
399
403
409
408
396
399
406
399
405
402
399
393
391
396
400
397
406
407
403
406
400
403
412
409
403
408
408
403
407
411
410
407
396
389
386
380
375
372
370
366
357
353
355
360
352
356
356
357
357
349
346
340
337
333
331
324
331
332
323
324
325
325
324
333
337
323
325
328
326
323
325
319
322
320
331
330
332
330
336
331
329
321
324
328
333
329
325
320
323
330
333
336
330
334
338
333
324
330
334
337
336
336
334
340
348
344
347
358
351
348
350
356
356
353
351
361
361
361
360
359
364
363
359
354
365
368
371
369
370
368
367
359
370
374
365
374
378
375
374
375
379
384
385
388
392
386
384
387
400
402
403
403
400
400
398
406
403
398
387
388
379
375
377
388
387
380
382
379
369
367
370
367
364
363
360
360
358
348
351
346
339
345
350
351
354
357
352
355
361
366
369
369
371
358
364
365
367
372
377
374
373
373
366
375
382
384
390
397
401
396
401
399
399
390
385
384
379
382
377
373
382
379
383
378
379
389
391
395
397
399
402
400
391
396
397
401
405
402
392
383
376
378
375
372
384
382
392
391
385
380
377
380
379
385
379
375
374
370
375
370
370
379
388
387
384
372
370
382
383
383
390
395
388
390
392
386
386
389
397
401
405
402
403
398
400
406
402
401
396
398
401
405
405
405
403
396
393
399
394
392
389
387
395
402
399
401
407
410
410
417
417
418
416
409
408
411
407
410
410
416
413
404
407
408
409
397
396
402
403
411
411
416
412
410
410
406
414
419
407
399
397
406
405
409
414
419
423
419
421
424
433
423
419
421
428
434
431
437
431
437
443
448
449
448
446
440
441
447
444
437
438
436
428
426
431
447
442
443
444
441
448
448
448
451
451
454
456
457
462
459
455
462
469
469
482
484
481
472
482
489
490
492
490
493
490
495
489
490
498
498
496
493
499
507
498
491
484
484
484
485
485
485
489
486
475
474
466
459
454
453
457
464
465
457
464
467
471
467
464
458
460
460
456
461
461
467
468
481
482
477
483
475
469
472
465
462
464
468
465
467
462
457
457
466
467
464
463
467
463
457
461
455
446
449
454
444
446
446
442
441
444
441
434
440
442
432
432
439
439
434
434
433
427
419
427
442
445
437
431
428
431
429
424
429
423
416
415
410
414
410
411
409
405
406
402
398
396
395
396
406
398
391
396
385
384
384
394
391
390
390
391
387
389
390
384
380
374
373
368
373
378
379
387
386
384
382
376
371
362
357
354
350
349
350
354
351
339
343
342
346
347
343
338
345
347
344
344
338
331
333
324
333
339
336
340
343
349
354
348
345
349
345
343
347
352
349
351
356
342
341
344
342
343
344
337
342
337
344
341
334
332
329
334
339
339
329
327
325
323
323
318
321
322
324
323
322
326
333
334
336
343
351
347
344
335
344
342
341
344
338
340
337
332
330
331
336
338
336
328
329
329
325
315
322
323
330
324
322
329
320
318
309
300
299
309
316
311
313
311
310
330
338
340
339
347
347
349
345
342
344
346
352
356
347
341
348
352
351
353
356
350
344
333
326
329
330
332
330
333
333
353
349
347
351
352
360
363
362
361
358
353
349
354
358
359
358
363
367
367
364
374
364
361
362
366
366
366
362
365
372
369
357
364
367
369
364
357
360
347
342
349
341
348
349
345
350
342
340
349
343
348
352
356
346
346
340
342
340
333
335
330
331
320
317
324
322
322
320
317
314
317
322
328
318
317
319
317
311
315
314
314
318
320
324
319
311
306
307
301
305
304
298
297
298
292
291
289
286
289
296
293
294
298
289
291
290
293
289
286
291
289
293
304
311
311
322
323
328
334
339
336
338
344
346
352
354
358
353
366
364
363
358
359
354
353
347
344
346
344
351
350
348
346
337
346
346
335
334
355
360
361
355
364
356
357
356
355
351
353
349
341
340
346
346
331
330
335
324
325
319
328
336
333
335
330
337
328
327
333
336
333
330
325
331
329
338
340
345
345
347
348
358
353
348
351
352
353
356
362
364
366
367
358
359
363
367
366
372
372
371
372
375
378
369
372
374
376
396
389
392
393
401
407
423
410
414
408
400
399
395
391
391
402
405
399
401
405
404
404
410
409
416
425
417
427
426
434
433
424
415
415
418
426
430
431
425
430
435
432
429
433
432
432
427
429
439
445
450
446
449
456
456
462
463
467
465
472
470
462
463
461
462
461
465
460
458
467
468
464
466
470
470
469
460
457
461
463
466
468
462
457
459
457
460
452
452
459
462
465
467
467
452
451
449
452
458
462
450
447
441
444
440
439
435
440
451
458
472
472
468
464
466
469
462
456
460
458
453
450
451
455
457
452
451
459
466
472
470
467
468
460
456
452
451
448
449
457
460
459
456
451
450
448
453
451
446
449
461
459
466
469
469
461
454
451
442
427
424
433
433
445
445
451
449
453
452
455
459
457
463
473
481
487
486
487
488
482
494
494
493
502
494
494
490
484
485
491
483
481
485
481
483
473
471
472
478
485
485
481
485
490
499
488
482
475
480
472
476
477
470
471
472
465
471
470
468
467
465
461
470
467
469
462
462
457
461
461
458
455
450
457
451
454
459
446
446
446
447
446
440
440
432
435
438
441
439
445
439
451
456
460
456
458
448
450
456
453
451
446
448
440
448
452
450
454
458
458
452
450
449
438
427
426
425
430
430
427
418
422
422
422
421
422
427
435
436
436
428
428
433
435
443
445
432
428
422
430
426
419
413
425
425
416
413
407
407
404
400
401
403
412
408
402
399
394
389
389
386
385
388
397
397
400
399
400
388
392
389
389
389
385
381
387
380
381
381
388
383
385
390
389
391
394
400
403
404
397
391
391
392
395
397
395
405
409
406
399
405
407
407
410
408
401
400
394
396
397
401
401
409
402
389
389
388
393
389
387
386
385
379
374
379
373
369
365
359
351
353
355
355
365
373
377
367
361
362
362
364
359
364
369
374
373
372
376
379
378
383
384
391
388
380
380
380
374
363
353
358
364
362
363
369
371
366
362
354
351
355
353
348
348
345
347
345
354
351
354
351
343
346
338
348
346
350
340
341
349
340
338
343
339
330
328
327
331
334
338
345
348
342
348
351
355
352
353
350
351
354
355
366
360
362
370
370
375
383
377
365
370
373
372
369
365
359
352
348
350
356
353
353
349
351
351
353
346
351
337
339
342
346
336
328
325
323
322
334
336
340
333
329
339
340
339
344
346
354
343
346
343
344
342
347
343
344
344
346
347
348
347
342
345
336
338
342
349
348
344
343
344
337
329
326
319
317
318
316
309
309
308
308
308
320
319
311
315
322
324
337
338
351
353
350
349
342
348
342
335
330
330
325
324
328
330
333
337
342
340
335
335
335
342
346
345
354
358
354
351
347
350
348
349
345
347
347
351
358
349
353
349
348
351
350
346
337
334
339
340
336
344
339
336
350
349
359
361
358
359
352
351
341
337
341
345
344
343
346
342
333
332
337
336
336
336
331
331
334
330
338
342
337
338
330
329
320
336
341
338
342
335
333
329
336
336
337
342
334
341
343
346
337
343
345
352
356
354
356
356
362
359
356
356
357
364
365
368
372
378
373
369
371
366
368
376
380
389
386
393
395
388
394
403
407
408
402
407
405
402
405
406
406
398
395
396
396
395
385
373
366
365
368
365
368
375
364
361
360
362
359
367
372
371
375
372
365
361
372
377
370
377
382
386
390
378
379
374
370
362
358
359
348
346
339
339
339
340
347
349
355
346
341
341
336
337
339
340
346
332
332
326
320
323
325
330
328
333
348
356
355
343
344
339
334
341
343
341
339
341
339
341
336
331
316
318
312
305
307
299
289
293
300
305
305
306
298
294
294
306
311
305
316
313
310
314
313
310
303
308
313
307
307
311
309
315
310
315
312
316
314
312
301
296
297
306
300
298
299
290
286
289
295
292
283
290
296
295
288
280
278
281
274
277
270
271
269
274
267
271
278
277
283
292
295
289
285
288
273
274
268
263
260
254
260
262
262
269
266
262
266
276
281
286
294
296
293
278
279
286
283
294
293
301
302
299
300
305
308
308
306
315
307
319
317
316
318
316
317
319
330
332
329
333
327
330
327
322
330
334
339
336
335
326
318
316
313
313
321
315
314
317
322
319
324
322
323
332
337
334
338
332
328
334
336
327
326
329
319
325
328
321
329
320
316
320
316
319
308
307
301
289
285
287
285
281
283
284
283
281
280
273
270
263
265
266
262
268
268
269
269
271
269
264
265
258
259
262
264
267
263
261
264
269
258
258
250
246
250
249
245
245
241
245
251
242
246
248
246
241
243
249
260
253
264
264
258
254
262
259
262
264
267
263
259
270
268
264
260
256
258
259
253
239
246
249
247
237
234
239
237
240
237
251
251
252
249
255
267
264
263
253
243
239
233
232
234
230
240
240
240
232
232
241
238
245
241
240
232
234
238
238
229
228
231
237
239
238
247
249
251
256
256
258
250
256
246
245
245
236
234
230
231
223
220
220
217
225
228
230
221
226
234
246
248
259
254
258
246
254
256
252
250
250
256
251
248
250
250
250
264
273
277
270
271
278
274
276
275
277
278
280
281
275
280
281
283
280
292
294
292
296
298
293
289
295
303
302
303
295
287
289
289
288
295
285
292
293
290
288
281
277
272
273
282
277
285
291
287
284
279
280
285
282
276
270
274
278
281
293
287
290
291
286
284
279
280
286
285
285
289
291
292
292
297
295
292
290
288
289
286
283
279
287
291
283
274
263
258
260
265
257
260
263
248
251
253
255
255
248
256
255
261
256
263
270
277
286
295
298
291
290
286
286
289
297
300
302
301
301
299
299
302
297
306
312
318
314
317
318
316
307
306
303
306
312
311
305
307
312
309
310
316
311
306
312
306
306
312
321
323
316
317
324
323
325
323
316
324
326
323
320
318
309
317
313
325
326
331
334
333
335
329
328
331
323
325
329
327
322
311
306
308
298
292
296
296
294
292
284
280
284
278
266
263
259
263
268
276
283
283
277
278
269
267
270
262
262
257
252
249
250
254
247
260
271
267
261
255
253
240
238
246
241
244
243
240
240
243
244
249
252
258
256
262
265
262
270
264
269
268
270
279
278
273
258
261
255
250
255
260
262
267
264
266
262
272
275
278
274
289
292
283
293
288
282
279
264
264
264
262
261
260
266
270
265
262
257
254
256
265
251
245
250
252
255
256
261
269
268
265
265
271
271
268
276
278
268
265
256
262
267
267
265
269
271
277
272
281
276
266
262
273
269
267
267
259
261
262
275
273
271
273
287
290
291
297
295
295
287
291
289
287
284
282
291
300
296
294
296
296
301
292
293
298
298
299
298
301
307
305
299
289
287
285
285
286
288
282
274
266
265
268
271
277
280
283
276
272
263
262
265
267
264
270
260
252
248
243
255
245
246
241
245
246
253
259
253
258
250
246
248
250
248
248
246
249
243
245
248
239
243
250
258
258
264
261
259
260
266
269
267
254
248
246
249
249
251
251
236
232
238
238
238
231
242
243
240
248
246
254
249
239
243
238
245
249
253
256
244
230
234
236
235
240
242
236
238
244
238
232
237
238
250
242
246
250
258
263
264
266
275
278
271
275
275
279
282
281
272
275
273
267
269
270
272
271
277
286
285
290
289
294
298
297
310
304
299
296
297
287
290
292
294
286
285
277
284
280
286
291
299
304
300
302
306
302
302
308
293
303
295
299
299
294
304
301
299
299
306
301
308
297
302
309
311
306
306
303
300
301
291
298
289
285
286
294
297
304
305
312
319
320
324
334
339
344
349
351
351
345
346
350
345
344
333
336
333
327
321
316
315
314
319
322
331
333
330
334
322
319
314
310
315
319
312
321
317
316
308
313
314
310
313
311
315
315
323
317
314
316
314
308
314
315
323
326
326
328
326
326
320
333
341
337
339
331
337
346
348
356
356
355
353
355
354
348
352
346
349
349
352
348
357
355
354
357
357
362
364
361
361
364
377
385
382
384
380
385
391
393
398
397
392
391
389
390
383
382
376
379
376
378
371
368
369
378
379
383
382
384
382
380
370
370
374
366
366
365
362
358
360
361
355
356
356
355
356
350
350
344
343
340
329
326
333
342
336
336
331
318
322
334
336
330
333
333
336
330
331
335
329
340
340
337
349
354
346
354
356
362
358
363
372
379
384
386
387
383
384
388
392
389
393
392
397
389
394
406
406
400
401
401
404
398
401
402
402
409
407
418
415
421
414
416
406
405
407
400
396
397
402
405
401
396
396
397
390
381
379
379
379
380
380
386
386
384
377
387
394
388
396
407
407
403
395
395
407
396
395
381
381
381
380
383
384
375
372
367
372
363
360
360
352
351
350
354
353
342
334
336
339
329
327
332
334
332
330
336
328
332
324
322
329
328
328
321
310
315
313
308
295
296
297
307
305
301
306
309
313
313
311
308
305
290
299
292
292
291
291
294
303
301
298
295
291
289
280
276
270
268
267
261
259
252
259
267
266
265
259
264
263
260
256
249
253
253
245
239
243
246
242
242
242
235
242
240
239
240
248
252
241
238
239
242
249
239
240
242
245
236
239
247
242
244
243
248
235
231
227
239
242
240
242
244
252
248
253
248
258
251
256
243
246
245
249
249
252
253
251
253
249
238
247
249
246
233
236
240
239
236
230
227
233
233
229
229
220
217
216
210
223
217
224
229
228
228
228
217
214
217
222
230
222
228
235
237
242
241
248
256
258
254
250
253
257
256
255
248
244
238
233
228
238
244
238
245
245
245
248
254
251
253
246
235
239
240
239
230
234
235
240
239
241
245
250
239
240
239
238
240
233
240
237
238
237
230
231
231
233
234
247
251
255
261
260
260
261
252
253
243
246
248
249
254
252
253
248
249
252
252
247
250
244
239
238
238
235
232
228
239
238
236
228
229
229
220
219
219
224
227
223
232
233
229
229
221
222
232
228
225
218
219
218
218
226
221
225
220
228
234
225
234
225
226
225
223
217
211
209
215
216
203
202
197
200
199
200
197
194
192
178
183
172
171
169
165
168
178
179
182
180
180
167
170
174
173
175
171
168
170
163
164
174
177
176
172
168
164
159
155
149
153
158
160
157
160
160
166
170
169
169
170
165
156
157
157
151
149
152
150
148
147
142
145
150
153
156
158
163
159
157
148
134
132
140
141
145
151
142
150
145
152
161
158
152
156
163
165
168
169
177
183
187
187
189
190
186
185
181
184
183
184
190
181
174
172
167
164
163
157
146
147
154
150
147
156
158
153
151
150
156
155
159
162
166
164
164
169
174
170
178
175
174
171
174
172
176
179
183
180
180
171
174
183
196
203
208
204
195
192
193
193
189
187
182
183
174
169
171
178
177
168
170
165
167
161
160
156
152
145
151
148
150
167
163
162
160
167
170
163
172
171
164
164
166
172
171
175
174
180
184
181
173
176
169
169
171
169
176
184
184
184
182
188
185
182
186
182
175
172
180
172
172
169
179
179
179
178
175
177
172
170
165
160
157
164
150
150
153
161
174
177
172
174
178
183
181
181
174
175
171
173
166
176
184
174
175
179
187
190
189
187
195
188
189
182
184
188
199
196
203
215
219
215
223
221
228
228
228
217
213
212
221
223
231
228
230
231
236
244
246
247
253
262
255
247
233
233
240
241
238
245
239
235
242
243
237
241
243
239
241
239
256
245
243
243
244
242
237
231
224
227
222
221
230
230
223
225
231
231
228
229
225
226
233
225
223
225
221
220
214
209
200
204
205
194
201
193
188
193
199
200
205
210
215
211
213
214
214
219
223
231
233
222
220
215
223
223
219
220
220
225
227
229
234
233
228
233
239
233
237
241
237
245
238
245
244
252
255
253
253
251
241
242
234
230
230
226
230
233
230
227
231
234
236
233
238
243
234
231
229
219
221
230
242
252
250
255
256
259
267
265
259
256
258
259
265
258
266
267
261
250
254
252
257
260
255
258
275
270
269
268
267
268
270
272
270
262
264
268
271
265
257
260
266
268
267
271
275
281
286
277
281
274
265
261
264
262
255
263
270
268
272
270
275
275
277
272
272
271
272
260
265
260
245
247
245
249
252
250
259
260
257
257
260
264
255
248
241
232
240
240
236
230
229
243
253
252
255
250
247
253
257
262
272
272
280
276
269
268
273
265
262
265
264
261
265
271
266
269
284
276
270
276
282
281
274
269
262
261
256
246
249
247
249
254
259
258
255
258
257
260
265
264
261
252
256
254
256
260
260
247
239
237
236
230
238
246
245
248
249
245
245
245
234
236
238
234
226
228
234
231
241
243
230
226
225
226
227
219
222
220
213
219
216
220
219
211
215
218
220
211
220
228
230
238
231
224
229
222
228
234
230
232
243
237
244
245
258
263
265
270
270
272
272
270
263
269
276
280
285
290
290
292
296
300
305
308
311
308
302
302
291
300
297
301
305
291
292
302
306
308
310
311
309
309
313
319
320
322
315
315
311
310
308
316
319
317
325
324
326
331
331
330
330
328
327
332
338
341
345
341
327
326
318
304
301
300
304
296
298
295
294
295
287
298
298
300
296
299
299
301
303
307
298
307
304
309
309
320
312
313
319
321
318
313
315
307
318
308
308
310
312
309
305
307
309
312
316
301
307
306
307
307
302
310
313
313
316
324
323
327
326
325
323
322
318
321
325
331
332
342
345
342
350
338
340
334
335
327
321
329
324
327
333
331
335
332
332
322
319
337
337
335
344
338
340
336
331
326
327
331
325
317
315
316
317
325
326
325
333
329
322
327
323
326
333
339
338
344
338
340
349
351
356
360
367
370
364
368
364
361
370
373
375
381
388
396
407
399
402
399
396
389
390
388
387
384
381
383
384
381
386
394
400
411
413
418
416
415
410
406
400
405
402
400
402
397
397
403
403
401
396
401
399
401
403
406
405
399
408
420
409
411
416
418
410
409
400
403
399
406
401
404
403
406
413
400
411
413
414
416
413
416
422
425
425
426
427
430
431
438
440
435
436
444
442
434
439
427
436
435
428
428
430
433
440
444
451
450
452
453
459
454
450
443
437
430
433
430
434
441
448
458
464
467
464
481
478
473
471
469
472
475
469
478
473
468
476
476
472
474
478
479
481
476
471
473
478
479
475
478
481
486
487
490
482
478
480
483
484
490
495
497
499
498
484
490
487
488
487
492
497
501
505
514
511
510
518
518
515
519
511
516
517
512
515
511
516
516
516
518
514
516
508
504
499
492
489
493
492
500
500
489
486
489
496
501
505
499
495
502
491
498
503
495
486
492
503
511
509
510
517
529
532
527
524
518
521
515
517
528
527
525
522
514
517
516
506
507
504
501
500
503
483
487
470
476
472
467
469
480
483
482
478
466
463
466
464
462
470
466
453
453
451
456
460
453
448
454
458
453
449
454
452
445
450
450
446
440
447
439
438
438
441
445
445
446
453
457
453
456
448
449
449
445
443
440
443
460
466
467
461
461
460
458
455
450
452
447
450
445
448
437
441
441
439
441
442
444
446
441
434
430
426
423
417
421
425
428
430
429
429
431
435
447
454
458
461
468
465
459
461
452
446
442
454
451
446
454
469
472
483
473
477
479
478
479
481
474
479
479
472
470
469
464
465
460
466
466
468
469
462
455
451
451
448
460
457
453
458
465
463
467
465
463
462
448
449
449
455
443
441
441
436
440
446
444
437
447
442
444
453
455
466
477
477
471
466
471
473
472
474
479
489
498
488
484
486
481
479
468
469
472
469
467
469
479
469
462
462
453
457
454
450
451
448
454
451
452
451
457
457
466
477
476
479
474
478
479
474
468
468
462
461
468
473
473
472
474
487
485
484
486
480
484
482
480
488
485
479
476
478
467
469
460
466
465
470
460
467
464
458
459
448
453
452
447
453
464
462
452
452
453
456
455
455
448
447
440
445
444
440
434
432
429
438
442
447
450
452
463
466
469
468
472
486
485
482
481
487
480
477
472
473
470
464
457
450
442
451
445
445
445
450
440
431
425
422
428
434
430
423
431
434
431
441
434
433
428
434
433
430
439
442
440
433
430
431
429
432
436
440
441
448
460
464
462
464
466
462
442
442
445
453
447
443
442
439
449
453
449
459
467
470
475
464
455
452
452
452
446
449
438
435
440
436
440
435
434
434
434
429
427
425
436
432
430
423
424
425
422
425
422
427
422
428
432
434
432
431
433
428
426
419
417
408
406
413
412
416
417
427
421
420
422
424
422
424
422
423
422
416
420
418
415
410
410
404
407
398
396
391
390
394
387
392
396
398
405
400
406
408
414
422
423
422
420
421
416
408
401
399
402
398
396
399
404
398
398
403
401
403
401
403
395
397
394
401
399
408
404
408
410
413
414
415
421
424
420
423
420
426
428
428
438
436
443
440
434
426
427
423
425
417
427
436
440
445
445
445
444
439
442
448
451
451
451
449
444
451
449
459
459
464
468
463
465
469
460
455
453
456
461
458
452
455
455
454
457
456
461
459
458
462
468
470
470
469
471
475
461
468
468
463
464
458
454
447
441
446
445
447
439
436
442
445
447
445
441
439
438
431
423
420
421
423
420
422
419
418
420
416
408
405
408
408
399
398
399
395
400
402
398
394
394
403
395
398
404
403
403
400
414
420
423
419
417
420
423
427
423
421
417
409
405
403
400
398
398
405
401
400
397
394
387
387
389
394
395
390
394
392
388
389
397
390
386
393
399
399
399
400
391
394
387
387
386
390
396
407
412
406
408
414
410
413
410
408
415
408
408
413
410
405
405
408
408
413
411
415
419
418
420
419
424
428
422
423
418
420
416
415
411
416
415
412
409
412
408
399
406
401
398
398
385
386
378
383
379
380
376
368
364
376
376
378
371
368
367
365
371
380
385
382
384
391
399
410
416
414
413
415
415
409
408
406
409
405
411
412
412
405
403
398
403
413
418
419
424
418
418
415
418
411
414
409
401
395
402
401
405
400
403
404
409
410
407
415
424
426
421
418
417
414
416
412
412
409
403
415
413
406
413
425
415
408
412
412
415
414
412
408
410
407
411
404
398
401
404
401
401
407
422
422
414
419
420
419
415
418
406
397
393
388
397
393
392
395
392
394
391
382
384
383
390
390
387
388
385
381
377
373
373
374
373
370
373
369
365
371
369
378
384
382
380
382
382
383
393
386
382
379
381
378
378
376
377
388
399
396
394
398
405
414
409
404
408
405
404
400
397
396
386
387
385
379
378
389
400
393
385
384
387
391
397
400
406
402
404
405
407
408
410
407
401
405
410
407
404
398
401
410
415
424
426
426
426
440
439
443
434
433
429
427
429
433
440
437
446
449
445
450
448
440
438
445
445
442
438
430
435
440
448
454
451
452
456
450
458
460
459
456
453
450
457
454
459
458
456
447
454
470
466
473
471
482
480
471
476
475
477
490
492
492
495
501
496
496
493
501
511
504
507
510
505
506
506
501
507
516
518
522
521
524
529
530
534
531
534
538
537
545
546
544
542
541
536
535
542
541
541
547
548
547
551
547
556
557
551
547
549
552
552
554
552
559
556
563
563
565
563
570
565
564
571
573
579
589
583
584
580
588
587
592
591
594
598
586
584
567
576
570
570
570
564
570
567
564
557
560
552
551
553
565
569
570
577
581
578
579
580
589
584
576
575
571
570
575
571
570
579
584
581
586
583
590
591
586
594
589
582
580
575
571
580
586
577
572
575
574
577
574
571
570
576
572
571
575
573
571
565
559
557
553
552
549
551
554
559
558
563
556
564
562
564
565
573
583
584
587
584
574
569
573
573
564
565
571
563
567
564
562
567
575
586
589
593
591
601
599
598
599
602
609
603
613
611
610
605
604
607
595
591
592
591
594
594
597
604
592
588
585
587
591
586
589
588
589
596
594
591
591
583
590
596
593
593
605
603
601
597
606
612
609
610
611
612
619
619
607
608
615
622
628
635
641
643
644
639
640
638
639
634
631
632
632
634
631
630
620
623
639
643
631
625
625
630
628
638
642
641
640
633
636
637
641
648
653
655
656
650
653
658
666
670
665
666
663
658
664
676
684
685
701
698
706
708
710
710
709
702
704
705
701
695
695
704
707
698
691
695
699
697
699
697
694
693
701
697
694
692
695
691
691
697
695
701
701
710
712
714
715
712
709
724
718
723
728
733
734
733
738
736
734
736
740
745
749
753
752
759
752
752
757
761
758
761
762
760
762
762
758
759
754
759
762
764
759
762
767
778
783
780
779
784
785
784
781
788
785
791
785
782
770
773
771
768
774
772
776
772
786
782
783
791
791
794
792
788
788
778
774
777
771
763
763
766
773
768
777
776
765
769
774
776
769
770
759
751
751
751
756
749
743
740
746
754
761
752
767
764
761
754
760
760
767
767
760
759
759
751
757
749
749
760
765
767
756
760
761
774
765
769
764
763
757
758
755
756
747
745
753
756
751
751
751
760
752
746
740
741
744
743
738
733
742
738
727
722
723
725
725
720
708
715
721
718
723
720
714
705
706
706
701
703
702
696
693
688
688
688
688
687
693
690
691
681
676
672
680
682
682
680
677
677
684
682
688
684
679
680
675
674
669
678
683
683
683
680
683
679
674
679
678
675
682
668
656
663
665
665
661
654
656
653
653
656
656
661
652
648
646
643
651
651
661
660
658
659
666
660
656
652
653
645
641
640
639
638
638
639
643
640
630
632
632
628
630
632
636
645
645
645
648
642
643
645
642
642
637
647
646
633
633
628
633
633
625
624
619
624
626
615
616
614
622
615
625
622
622
616
613
610
620
620
623
617
616
603
599
603
595
601
599
603
600
599
601
598
595
595
597
599
596
596
597
602
604
600
599
591
593
595
595
592
592
592
598
596
590
580
579
585
586
593
592
589
595
601
605
596
598
597
592
593
593
596
585
584
583
585
585
574
567
575
572
578
574
579
583
584
593
588
585
581
581
577
577
565
558
563
568
571
571
571
572
571
567
562
564
563
555
557
546
554
551
547
538
534
537
537
543
540
542
548
541
549
546
538
533
528
523
522
520
514
510
509
520
516
525
514
514
515
514
507
512
514
506
517
530
520
515
520
527
533
541
540
533
528
524
516
517
518
528
534
526
518
515
513
505
501
501
508
503
506
510
501
497
498
500
502
493
487
483
475
459
459
456
461
458
457
450
454
452
452
459
465
465
470
462
462
456
457
453
457
459
456
455
452
454
458
465
456
454
458
464
472
468
468
466
482
482
487
490
489
484
482
488
495
487
488
501
498
506
505
507
504
503
499
501
494
494
496
496
501
492
494
489
490
498
497
494
496
501
502
499
493
496
493
504
510
504
510
515
509
512
516
507
515
518
522
519
513
514
514
507
501
508
505
508
509
508
516
511
514
515
519
520
527
531
537
544
540
547
548
553
543
549
562
555
556
557
563
563
562
559
555
551
555
555
563
562
562
573
569
564
559
567
562
565
561
557
557
559
563
554
564
565
562
562
561
553
542
540
548
554
552
548
547
555
555
556
555
549
548
546
546
545
545
544
543
531
537
549
545
545
547
552
558
559
552
550
555
560
552
551
553
561
562
562
564
570
575
579
582
584
582
587
583
571
571
570
566
557
566
567
571
567
565
560
552
559
559
549
545
548
549
545
543
544
545
541
540
530
534
539
531
523
524
526
534
536
528
532
538
541
546
544
533
537
546
564
569
573
572
565
576
567
571
577
569
567
569
577
589
590
593
596
600
600
600
599
597
597
594
601
602
596
598
603
594
584
587
594
599
602
601
602
597
598
604
603
605
605
604
607
603
604
606
599
600
594
576
578
575
567
574
577
575
576
577
582
581
584
586
592
585
581
574
568
568
570
565
563
568
567
572
565
568
568
560
564
566
565
569
568
570
571
565
558
556
542
542
526
530
522
519
515
508
510
520
517
514
524
527
534
535
535
535
538
536
537
538
534
528
527
540
544
549
560
563
562
558
562
574
573
577
581
589
585
586
579
579
578
573
576
576
568
563
552
559
565
564
568
565
571
570
570
582
580
582
581
578
579
574
573
571
568
573
573
577
577
578
574
566
569
565
560
551
550
543
552
547
548
548
559
557
563
568
564
566
564
564
566
572
573
571
578
574
574
573
576
583
581
591
591
589
584
579
571
573
571
575
571
582
577
576
576
572
570
569
565
567
562
564
566
553
554
554
550
550
547
552
555
563
566
557
568
568
559
559
555
554
548
547
542
551
542
541
547
549
554
555
548
556
550
559
558
558
558
559
557
548
558
560
557
559
554
551
553
559
544
538
539
531
527
531
526
529
536
521
535
533
536
540
533
537
536
532
524
513
512
506
511
508
512
521
519
514
516
513
519
522
523
522
518
512
510
511
509
509
516
516
514
527
529
527
529
523
525
525
521
525
521
536
541
538
542
545
542
545
534
541
541
540
540
536
543
538
533
539
537
530
534
527
520
514
506
501
500
499
496
497
497
499
502
503
502
508
526
527
522
526
520
513
512
513
510
507
509
505
505
498
502
509
504
509
502
510
506
498
506
506
497
499
501
503
506
496
488
490
489
493
497
500
499
500
502
505
506
503
501
497
496
483
479
475
479
478
478
480
468
472
468
465
471
469
467
475
474
485
486
486
485
478
484
483
484
482
486
481
486
486
479
474
480
472
480
478
471
479
472
482
484
477
468
469
467
469
471
468
472
473
469
470
463
464
470
468
462
463
466
474
469
472
480
480
475
474
473
472
470
471
470
472
480
473
483
483
480
477
475
467
468
472
478
474
473
473
470
481
487
478
474
478
478
478
488
487
492
490
489
494
492
484
486
487
494
485
478
474
463
464
472
467
472
469
469
467
471
476
474
478
477
478
483
479
483
484
491
488
482
483
486
480
479
471
475
478
480
474
476
478
477
482
485
494
490
494
488
498
508
518
519
513
508
511
509
511
498
492
495
491
487
485
478
476
472
473
469
463
455
459
454
458
449
444
440
432
425
424
423
423
426
415
414
423
436
445
459
457
462
466
454
452
446
446
449
439
437
432
438
442
441
446
463
467
460
449
445
437
439
436
432
433
424
423
419
415
414
407
393
388
386
392
399
394
394
394
394
403
392
400
395
387
388
392
392
393
397
392
390
389
392
386
386
388
389
386
384
389
383
377
373
366
366
368
362
365
365
374
368
370
365
363
364
362
366
366
372
370
372
357
356
360
364
365
360
361
366
371
369
366
357
358
353
355
360
358
356
350
350
350
353
352
358
358
350
355
360
360
364
364
367
359
359
351
350
354
361
356
368
369
367
368
368
366
368
363
362
353
352
347
357
354
361
367
365
366
373
372
361
355
353
356
353
354
355
350
345
344
342
333
337
334
336
336
336
331
328
321
314
321
314
319
318
319
315
316
309
301
299
299
294
297
300
299
301
300
299
300
292
308
308
311
307
313
311
318
319
313
324
312
305
306
307
295
297
290
285
287
283
286
285
295
288
288
281
286
286
286
280
283
287
284
292
292
291
286
288
282
286
281
286
287
281
273
276
273
275
272
267
268
270
271
271
275
278
276
281
277
263
272
261
269
278
285
287
279
277
261
267
273
268
280
276
273
273
267
263
261
267
259
263
278
271
275
268
274
275
272
268
271
272
279
280
287
283
279
280
286
292
295
299
293
292
291
296
302
302
296
307
303
302
309
311
302
295
300
294
288
283
279
287
289
287
277
270
267
252
255
254
249
250
246
246
248
243
249
250
249
246
237
241
251
244
246
247
259
254
253
248
254
255
251
243
244
250
254
260
261
270
271
271
266
274
276
267
263
264
267
263
273
280
276
274
268
260
273
270
271
278
277
274
275
274
277
267
278
281
284
289
295
300
303
303
300
295
297
288
297
299
304
305
315
313
310
319
322
319
315
315
322
329
330
326
332
329
330
323
321
321
330
324
324
323
319
321
327
330
343
350
348
342
332
334
326
322
326
319
327
331
335
330
328
323
319
318
327
332
330
324
322
319
315
309
320
314
321
321
317
321
331
325
333
334
333
329
328
331
340
339
336
339
341
340
337
340
343
348
346
343
340
345
341
342
344
347
341
333
335
337
333
332
331
340
337
335
346
350
345
347
349
350
347
344
341
340
336
335
331
331
337
341
335
335
323
317
317
311
314
307
301
300
297
298
297
299
299
294
291
292
283
279
274
273
263
259
263
263
256
258
264
264
265
266
268
263
266
277
278
278
282
290
286
288
282
280
273
275
268
275
277
287
293
295
300
305
297
298
303
298
306
298
294
289
291
291
291
291
288
292
283
283
288
288
296
292
291
294
294
308
306
306
311
313
308
306
305
306
318
317
323
313
322
330
334
337
343
345
341
332
330
326
323
328
323
325
327
333
341
351
352
353
357
356
352
350
358
351
352
363
362
367
361
371
361
359
363
365
364
363
357
361
372
374
381
390
389
395
398
392
390
395
393
402
403
413
423
421
414
408
405
408
420
428
429
439
443
440
437
442
449
448
447
449
448
441
437
439
428
427
427
418
427
432
434
436
424
422
426
434
436
435
442
441
452
456
452
455
455
461
458
463
456
455
453
450
440
432
424
427
432
423
426
422
420
421
427
427
432
427
433
431
428
434
436
432
427
425
425
426
433
436
439
425
422
424
407
405
396
389
389
387
386
383
377
382
380
377
383
387
386
396
389
388
390
383
388
391
395
388
389
389
391
387
376
372
374
370
368
364
358
356
368
371
365
374
374
377
371
373
370
367
367
370
365
360
363
360
362
361
363
365
368
362
370
373
374
369
377
389
385
397
407
408
409
413
426
429
427
429
427
427
430
438
436
439
438
445
445
452
464
462
460
453
452
441
442
440
441
443
439
442
435
433
426
426
424
428
423
427
411
413
416
413
423
414
415
413
406
411
412
419
426
433
435
431
433
427
431
421
429
429
430
428
425
422
429
430
441
451
459
455
457
457
457
466
454
463
470
469
468
452
468
462
472
481
479
483
486
480
487
491
492
496
488
485
477
478
477
478
492
488
497
502
504
503
512
513
511
518
523
515
510
515
517
513
517
511
505
503
506
503
504
512
507
506
506
502
509
511
510
519
516
521
520
520
520
531
533
530
528
520
526
518
524
516
517
513
517
515
525
533
534
529
536
532
523
527
529
532
536
536
532
529
536
538
539
541
539
540
536
531
529
527
537
523
527
528
530
525
523
521
518
511
512
513
510
512
513
514
506
511
506
506
508
513
506
513
522
522
519
521
523
520
527
532
524
531
522
521
522
522
521
514
512
511
514
513
523
524
521
521
525
527
519
516
518
532
531
538
538
533
521
520
525
530
524
525
532
534
527
526
528
531
533
534
534
526
532
528
524
519
517
502
511
508
507
514
518
524
516
508
512
510
504
504
520
527
533
532
529
528
531
526
530
526
531
527
515
514
506
506
508
509
510
515
514
517
517
527
531
520
520
525
515
521
519
522
511
512
515
511
519
518
508
503
501
511
518
521
523
519
518
513
513
516
511
518
526
527
526
534
525
515
517
515
518
513
511
505
506
499
494
503
505
502
499
501
499
500
494
496
484
476
482
488
496
498
505
500
498
495
487
480
480
482
485
480
476
477
476
486
488
493
497
499
502
502
505
501
496
502
492
483
497
496
501
504
515
514
514
511
504
499
507
517
522
525
527
531
533
537
542
545
541
545
553
542
551
554
548
541
530
524
516
514
520
524
534
527
529
523
514
510
508
517
517
513
513
517
524
524
527
528
530
539
536
538
539
532
544
540
534
533
532
537
536
542
536
539
541
540
533
528
528
530
531
525
522
530
527
532
533
540
540
544
556
556
574
571
571
580
584
582
584
593
594
596
594
593
591
586
585
584
579
576
578
572
580
576
563
558
559
555
552
556
558
545
544
544
548
555
558
556
547
551
541
545
545
537
535
528
533
534
534
529
517
521
513
506
503
503
498
502
509
508
510
518
506
506
511
510
512
508
516
516
522
524
534
530
520
521
525
517
513
513
515
516
516
510
514
512
508
512
518
522
519
509
506
508
510
516
511
512
515
506
505
498
498
505
511
514
508
502
505
503
508
503
510
518
507
507
507
503
501
506
519
526
511
504
501
502
497
496
506
503
498
511
518
514
513
519
510
497
501
503
497
500
499
497
498
489
486
480
485
478
474
480
482
477
474
476
482
489
492
494
483
482
481
475
473
474
470
466
453
454
451
464
469
466
473
480
479
473
469
467
471
472
464
473
474
480
479
481
473
462
463
451
451
453
449
455
446
451
439
439
434
418
421
418
416
419
429
436
438
441
448
451
452
454
459
460
460
460
447
457
457
453
450
440
435
435
428
433
441
438
442
456
457
458
463
455
450
458
452
459
460
455
463
455
459
460
456
456
453
441
435
430
434
430
449
451
448
448
448
449
451
451
454
451
464
460
454
454
448
455
461
461
467
467
460
455
455
455
457
452
449
456
446
448
440
432
436
433
435
431
433
430
430
428
428
434
438
435
436
432
427
429
436
431
425
420
419
421
416
421
424
428
438
429
425
413
412
409
405
411
422
421
420
416
404
404
399
394
392
397
396
394
401
394
385
390
387
380
382
379
382
385
385
389
387
382
385
390
391
392
395
399
401
407
409
418
418
422
430
425
426
421
427
433
435
427
429
427
425
419
418
417
411
414
414
410
404
411
425
428
445
445
448
453
450
451
463
459
449
449
452
446
445
454
456
457
457
461
461
452
449
461
473
477
487
487
496
498
493
492
491
489
488
495
504
510
512
509
514
507
511
518
515
522
536
540
545
546
553
546
542
546
546
538
539
538
552
550
548
544
552
561
557
565
560
569
576
573
586
591
595
595
592
591
589
585
584
590
595
593
597
591
578
573
569
566
567
573
574
569
563
559
555
559
568
564
559
562
567
565
566
568
570
582
582
587
594
599
600
593
596
598
603
609
608
613
610
610
607
607
605
609
609
602
606
602
605
609
608
612
617
613
613
612
605
612
606
603
612
612
616
611
606
608
612
606
610
613
617
622
627
635
631
629
622
617
608
598
603
598
603
605
602
598
593
589
593
589
589
588
583
587
590
588
589
582
581
576
570
563
566
563
571
564
562
564
559
564
557
564
555
556
560
551
546
547
541
541
540
542
546
549
552
555
550
546
538
545
543
548
542
538
542
548
553
552
550
554
552
550
555
555
560
569
568
569
571
564
561
565
562
563
569
570
565
562
562
559
548
539
550
550
559
560
561
556
557
566
566
567
563
565
571
573
582
581
582
575
571
570
568
565
570
568
572
585
573
568
559
546
553
558
557
545
543
540
540
535
533
542
548
555
560
560
554
554
554
553
557
551
558
563
562
551
536
536
539
536
529
529
525
521
526
523
523
519
522
522
525
520
513
518
522
520
529
537
533
531
528
529
523
525
533
534
530
535
533
542
544
544
532
526
526
523
510
507
511
503
502
497
496
503
503
504
514
502
507
513
510
506
506
497
495
499
498
498
502
497
488
485
483
482
483
481
485
491
499
497
498
511
508
503
498
502
502
502
507
507
504
501
504
499
491
483
482
485
482
476
478
483
478
468
472
471
471
476
473
466
467
466
465
462
466
465
468
469
459
459
459
464
462
462
470
474
472
475
474
482
489
492
488
484
469
468
458
458
459
455
458
443
440
437
428
425
431
436
430
426
423
436
439
436
435
432
431
432
433
433
434
429
432
429
426
421
419
420
414
417
412
419
421
426
435
438
433
435
443
439
438
436
441
434
439
440
444
444
445
456
457
462
460
459
455
445
449
452
450
441
432
434
428
423
424
426
428
425
433
438
440
442
447
446
458
458
465
465
465
460
458
461
469
470
470
468
461
459
459
460
459
458
454
462
457
456
455
441
436
429
423
425
419
418
418
418
413
417
417
414
402
396
400
412
406
409
409
413
411
412
406
405
410
406
402
394
392
380
380
371
380
370
372
371
371
368
368
371
363
365
360
353
355
358
354
350
350
348
357
352
353
352
355
358
363
355
361
364
367
363
354
340
344
336
332
340
333
334
335
339
332
336
341
344
343
340
322
321
316
308
305
300
297
293
296
299
295
290
286
285
286
283
278
281
282
280
275
272
277
276
278
283
282
280
282
286
292
287
282
283
283
281
270
264
271
280
285
287
290
291
290
296
295
299
300
310
320
319
315
312
310
306
307
311
312
303
300
300
305
308
308
310
310
295
290
290
302
306
297
298
295
300
307
306
305
308
306
314
306
307
312
310
316
323
330
319
325
318
312
318
314
313
317
315
320
309
315
320
322
322
326
325
325
327
326
329
336
332
322
322
325
313
298
296
287
289
289
292
291
297
286
287
288
296
295
289
295
292
298
296
315
315
316
312
310
305
303
305
309
308
308
305
307
313
308
307
297
294
289
291
294
294
294
290
290
279
282
292
289
298
299
291
289
285
283
279
284
274
271
271
271
275
273
270
274
273
267
258
258
260
255
256
251
261
250
253
246
250
254
252
244
238
235
245
231
228
223
220
216
219
211
209
199
200
196
192
187
181
183
184
187
189
193
189
183
190
199
193
197
197
184
182
181
192
198
202
198
201
204
208
205
207
218
221
228
225
224
220
223
224
231
236
239
240
244
250
253
255
266
273
263
268
260
259
253
256
247
247
246
241
240
240
248
255
259
273
281
279
278
282
278
273
276
274
272
274
268
256
250
246
246
247
250
239
241
245
250
255
253
251
255
257
251
245
237
240
233
221
224
218
212
215
203
206
206
205
204
210
213
219
222
230
224
229
237
234
237
243
232
235
234
230
225
230
235
247
247
239
247
236
230
226
223
231
230
236
229
231
221
221
223
225
225
227
227
236
238
245
234
229
229
235
239
233
225
227
224
228
230
235
244
246
252
251
250
249
249
243
246
246
234
246
238
242
240
237
230
231
231
231
234
237
231
233
235
227
228
218
217
219
222
221
221
223
224
229
232
226
223
227
219
217
209
212
205
208
204
196
195
194
195
200
194
183
190
179
188
190
186
195
196
197
195
184
182
178
180
178
174
178
172
172
170
169
172
173
178
187
200
202
198
189
194
190
200
201
201
200
211
210
209
209
210
205
201
198
199
188
186
186
187
185
186
185
177
171
169
173
182
180
184
183
182
184
182
188
183
190
187
186
178
173
174
180
174
180
179
192
195
191
186
183
187
189
185
178
184
183
190
189
183
185
181
183
177
179
176
179
175
167
175
173
173
172
161
153
156
158
156
155
153
150
154
158
155
153
149
139
143
148
153
154
159
164
164
166
155
144
143
139
141
145
144
153
157
155
142
141
145
147
148
156
159
156
162
164
175
173
177
178
176
179
178
168
172
170
167
171
177
178
177
182
176
187
183
177
182
182
182
174
178
180
179
179
179
187
190
194
196
189
194
194
186
190
192
192
191
193
193
188
192
198
191
197
181
188
183
185
183
180
185
178
183
182
189
189
184
178
188
187
191
184
183
182
181
178
181
179
178
185
182
188
180
179
174
172
167
167
166
166
166
161
162
169
167
173
177
178
171
170
160
160
162
161
158
151
144
135
140
145
146
142
140
139
137
137
132
123
129
132
121
115
112
96
101
106
114
109
110
106
111
111
105
103
110
95
99
94
92
94
97
104
101
100
105
115
124
136
129
120
112
110
118
113
108
110
113
108
116
113
113
116
114
120
129
111
118
122
123
118
117
122
131
138
133
134
135
132
136
142
145
153
167
174
170
165
152
150
143
140
133
134
132
137
143
138
138
135
137
138
138
144
135
140
145
152
152
152
157
165
166
169
165
170
174
173
174
173
174
179
185
187
187
186
186
185
178
194
193
199
194
197
197
192
192
188
187
186
179
173
168
168
171
169
172
163
163
159
160
162
158
158
154
157
159
152
161
160
161
158
153
156
159
160
161
159
156
160
162
160
154
147
138
132
131
134
132
135
143
139
151
165
176
182
179
175
172
168
171
176
167
173
174
170
170
174
175
181
186
183
178
188
198
200
197
205
205
209
207
202
205
200
196
195
194
185
177
175
171
171
171
168
156
158
158
159
156
163
165
168
161
160
142
143
138
126
134
132
124
121
116
109
99
99
110
105
107
100
92
95
91
102
109
104
109
109
104
99
95
97
84
81
86
81
84
83
93
99
109
109
106
110
113
119
109
107
107
109
115
113
116
111
119
125
129
121
126
126
124
136
137
136
137
132
134
129
128
129
137
134
140
140
136
137
140
129
123
113
113
119
114
113
108
113
115
116
122
135
136
133
126
124
113
114
106
100
112
111
112
113
116
115
120
115
126
126
132
131
132
136
141
147
154
153
165
163
166
176
173
174
172
172
171
173
180
182
190
197
197
201
202
197
188
189
185
180
174
170
180
187
187
180
182
188
185
178
180
186
185
175
172
172
169
171
173
173
167
176
170
162
159
172
179
174
166
175
171
167
172
170
170
170
177
172
173
172
172
167
171
179
187
187
186
185
187
195
192
194
198
200
196
204
208
205
209
207
200
193
205
206
202
205
207
205
204
199
203
206
193
188
186
180
184
179
189
186
189
187
183
181
180
175
175
177
180
176
179
176
172
176
183
182
179
180
186
186
189
192
192
188
186
189
184
186
181
182
183
188
189
195
202
202
197
191
194
191
193
193
191
190
190
192
195
196
191
189
184
182
190
181
178
180
179
177
179
177
180
178
188
190
195
201
201
195
195
200
198
209
205
208
202
201
200
204
204
207
208
205
201
197
191
191
197
193
195
196
199
198
190
172
167
165
165
158
162
160
154
153
150
157
152
141
140
141
143
146
145
154
161
163
161
161
163
164
162
165
172
177
186
178
186
195
195
205
206
199
204
211
212
216
222
218
210
204
207
204
212
214
213
219
205
202
202
205
201
201
197
196
189
191
191
199
201
196
200
203
207
195
181
184
181
171
182
183
182
178
179
186
179
171
169
179
174
174
183
174
174
177
171
170
168
177
183
179
176
177
175
163
164
167
169
164
156
158
154
157
164
169
171
179
188
190
200
195
190
187
197
194
198
188
185
183
184
180
183
185
188
185
177
186
191
197
207
223
227
232
232
224
228
226
229
224
230
232
235
239
239
247
234
243
236
238
246
244
248
253
253
251
242
237
243
238
247
246
247
249
254
247
249
246
242
230
228
225
226
230
236
236
234
225
225
230
243
231
225
227
243
240
243
254
252
243
250
246
242
243
254
255
254
256
259
255
249
242
247
253
256
261
257
257
264
266
261
276
274
277
285
285
279
283
289
291
301
296
290
282
272
276
263
265
269
265
269
270
263
262
257
259
262
267
279
282
280
279
283
287
293
290
282
275
280
277
270
268
261
269
263
261
275
272
273
271
271
271
273
261
264
262
260
259
257
244
249
248
257
262
266
267
271
262
256
258
252
261
258
264
254
261
260
259
249
245
239
237
228
232
230
220
213
216
213
213
210
204
190
193
193
198
191
188
186
185
190
194
198
186
183
180
180
185
189
182
184
177
175
173
172
162
158
171
172
167
169
170
162
166
173
171
170
166
165
146
148
144
141
129
127
124
120
119
117
116
109
115
107
118
125
126
125
123
119
123
124
131
121
114
116
113
121
122
129
131
141
154
156
153
154
152
144
146
155
152
153
143
147
145
145
148
139
137
143
133
132
139
135
134
142
144
143
140
149
153
151
155
157
155
150
155
149
156
154
153
156
159
162
173
182
182
175
177
177
184
195
190
190
194
183
185
177
162
158
145
143
150
152
149
155
151
155
162
167
164
162
168
178
182
184
179
172
168
171
166
170
168
172
166
158
159
151
155
158
159
156
152
148
147
149
157
153
155
147
147
149
142
138
147
154
154
158
163
162
157
163
167
175
172
166
170
155
146
142
140
145
144
146
142
150
148
147
146
140
139
147
149
148
152
156
158
151
155
150
143
137
143
143
150
152
152
154
151
151
157
155
153
154
154
153
151
147
144
149
137
135
130
127
129
129
131
127
129
125
130
123
131
135
132
130
138
146
136
134
140
135
129
133
130
121
122
117
124
120
110
117
117
126
117
121
117
116
117
124
126
124
122
127
129
131
131
132
136
138
144
148
150
146
149
142
136
136
136
139
136
134
132
129
123
130
127
128
122
114
118
114
120
128
127
134
133
126
122
120
114
114
112
118
119
120
126
127
127
129
138
135
122
129
139
133
127
124
121
124
123
124
126
135
130
128
128
126
123
127
130
132
138
145
145
147
143
147
153
165
155
153
149
148
140
144
140
140
144
145
150
152
150
143
148
145
135
144
141
147
143
144
142
142
147
150
146
145
146
156
155
152
150
147
148
144
139
145
152
159
164
163
170
173
178
180
188
190
197
196
197
191
186
183
183
181
189
188
194
193
191
190
183
184
188
186
183
183
187
194
199
196
195
188
188
196
204
209
216
214
213
213
203
201
212
210
212
211
209
207
201
202
193
198
204
209
213
208
201
197
199
198
195
201
193
199
198
213
220
230
232
227
234
224
231
235
238
237
230
235
230
237
243
244
252
248
246
245
244
251
242
239
243
242
239
237
237
247
244
248
249
250
258
256
257
258
262
270
269
268
270
265
262
275
276
273
275
275
278
276
280
283
281
283
282
288
293
292
296
286
286
299
307
319
318
303
309
314
320
320
323
323
326
318
318
318
313
316
316
316
319
318
320
317
329
328
329
321
314
321
320
318
320
322
319
322
317
316
310
307
312
314
329
334
337
345
340
338
328
331
331
321
320
319
314
316
312
316
320
320
329
332
331
328
328
331
332
331
322
327
323
327
318
311
317
324
312
302
306
317
324
319
330
333
332
336
335
343
342
347
348
347
342
336
342
345
342
344
348
340
332
333
338
336
342
335
328
332
334
340
338
329
318
312
310
305
304
311
311
322
324
318
320
320
318
322
316
315
313
318
316
316
321
312
310
317
314
302
297
294
291
294
284
287
287
283
289
289
283
284
291
298
309
314
308
304
299
307
305
310
301
305
306
309
306
310
304
317
311
310
312
324
335
329
330
331
332
337
340
348
340
329
337
337
332
333
334
335
337
340
347
345
350
359
354
360
362
358
372
378
380
375
371
369
379
380
388
395
403
411
411
420
413
404
406
396
389
388
395
397
407
409
398
397
396
384
384
386
389
396
393
391
388
382
372
367
370
366
371
368
361
364
359
364
369
367
374
377
378
384
391
392
379
377
385
387
396
394
395
388
397
397
395
392
378
387
380
378
374
373
373
372
370
370
361
360
353
345
351
344
352
351
347
351
344
344
348
350
347
339
342
336
330
325
330
327
318
318
313
315
309
308
296
297
306
308
305
296
283
279
278
282
282
281
287
283
285
280
280
274
271
271
276
278
270
268
268
273
271
280
290
280
276
275
274
275
268
274
276
268
277
283
285
283
279
276
273
262
267
264
261
261
262
271
275
270
277
268
274
270
272
273
273
277
273
285
291
292
289
293
293
301
297
289
295
291
301
305
310
312
321
329
321
324
318
316
318
324
329
331
327
343
347
344
345
342
340
342
337
342
338
336
330
338
341
334
331
336
335
330
323
321
325
323
314
313
306
297
294
291
296
296
291
291
295
293
293
288
279
286
290
291
281
281
282
287
284
284
275
273
278
268
271
260
265
262
259
261
265
258
257
256
249
250
243
242
250
252
256
266
262
257
267
266
262
263
262
260
259
262
258
266
269
272
272
267
268
272
257
267
273
278
266
274
278
271
269
269
270
276
271
268
270
282
276
284
280
288
281
282
292
292
290
289
285
268
259
258
260
260
264
268
275
278
274
268
272
274
278
287
280
274
271
272
279
275
272
262
273
278
281
278
274
279
277
272
278
279
287
300
292
294
287
285
294
299
301
299
298
300
312
309
309
314
308
303
298
305
299
293
295
292
283
286
291
297
299
314
313
320
321
318
321
322
326
330
334
333
325
323
326
327
327
330
332
342
338
335
335
343
341
343
339
342
341
334
337
342
338
344
341
344
343
339
338
326
326
326
320
321
318
330
327
327
326
331
346
345
348
346
348
342
345
358
359
359
356
368
369
376
373
373
365
360
363
362
364
366
366
375
367
361
355
356
366
357
359
355
348
353
357
364
365
350
354
345
349
350
351
348
351
349
355
351
349
347
344
352
353
353
350
346
332
336
336
342
335
336
335
337
331
335
329
337
336
342
336
335
339
334
331
336
337
334
340
339
337
328
331
332
335
334
333
332
330
328
330
323
323
317
318
320
326
325
330
336
333
336
334
337
341
333
340
338
353
362
364
363
358
351
345
349
352
360
367
371
376
373
376
376
370
373
370
382
385
390
388
387
386
394
395
392
387
383
399
403
404
407
411
403
408
411
413
412
413
415
428
424
422
422
418
416
405
403
402
402
409
401
408
416
416
419
422
422
431
424
427
421
422
418
421
413
410
404
406
405
403
399
403
407
413
405
404
405
399
398
400
403
399
405
403
400
399
393
401
410
406
415
408
406
401
414
406
403
407
416
420
410
414
405
412
415
408
407
400
401
397
407
408
404
404
406
406
407
411
413
406
410
412
415
410
412
419
422
427
432
439
440
445
446
445
449
450
452
457
456
447
444
443
442
447
451
461
458
462
456
456
454
449
441
443
443
437
434
431
431
443
443
444
444
446
452
443
451
440
445
447
451
447
452
459
468
479
470
470
468
465
466
471
462
460
460
453
457
445
445
446
440
437
433
432
436
439
443
450
446
449
449
440
450
447
453
450
445
449
442
447
449
454
454
456
455
451
449
448
446
451
450
441
437
440
445
433
433
428
433
428
424
421
424
408
406
404
405
403
404
406
407
410
409
421
412
405
404
408
403
393
393
398
402
400
397
399
395
390
397
403
401
393
405
403
394
398
394
403
404
408
401
400
399
394
396
400
404
411
410
399
384
394
384
396
393
388
390
383
372
376
373
365
378
377
381
371
371
378
382
385
387
388
391
390
384
388
390
392
398
405
403
412
414
417
426
422
417
414
410
415
417
418
416
412
409
419
423
429
433
439
439
445
439
449
457
456
460
463
463
467
465
460
464
459
466
459
463
475
477
482
490
492
501
495
499
508
512
517
521
527
528
532
540
545
550
552
548
552
554
554
558
555
561
561
570
570
576
584
579
585
583
574
571
567
572
570
574
580
575
580
582
582
578
571
571
564
561
550
556
549
545
550
558
551
558
550
549
541
538
536
527
522
527
520
524
517
515
510
508
509
509
509
508
504
500
496
495
501
505
502
504
505
503
502
501
496
503
503
506
510
509
512
511
508
506
506
511
519
530
535
533
534
524
520
519
515
515
517
523
519
527
524
528
532
534
531
524
529
532
534
542
551
555
555
542
539
528
536
544
539
529
533
533
529
525
527
532
528
532
539
535
533
534
535
534
545
544
533
538
546
548
556
559
557
556
559
555
563
566
560
563
571
574
574
575
567
567
570
571
575
573
565
559
559
563
570
570
579
576
568
573
569
565
561
569
561
566
571
581
595
589
591
585
585
580
581
576
585
578
578
582
582
581
577
583
577
563
565
559
559
552
551
558
555
566
570
572
580
591
588
602
613
613
620
614
609
607
616
624
628
620
618
615
620
615
615
609
606
610
608
607
606
609
600
595
600
599
600
602
590
592
594
599
597
592
587
589
580
569
577
582
585
593
590
585
589
598
598
594
594
600
594
599
602
600
596
596
600
600
601
600
601
593
592
593
588
593
595
598
599
598
604
604
602
595
596
597
598
594
592
598
596
594
595
594
597
593
586
591
584
584
588
584
583
578
578
569
579
578
585
574
571
582
576
581
589
584
583
582
583
584
581
580
577
582
583
580
587
581
580
579
578
588
587
593
597
594
590
598
599
597
593
585
594
596
592
586
590
595
605
617
611
614
626
629
625
618
614
608
608
605
616
611
618
613
617
613
609
609
605
607
603
601
598
588
575
574
571
568
572
575
574
569
577
580
584
580
585
580
572
570
581
586
588
596
599
608
608
608
597
594
591
586
583
577
578
583
572
569
560
562
561
559
554
559
563
561
560
549
551
539
541
543
549
560
568
576
573
567
575
576
573
568
562
560
547
543
534
532
522
527
534
527
537
543
541
539
546
544
530
535
524
523
534
542
543
551
541
544
537
546
546
546
537
535
531
537
539
537
539
531
527
531
537
544
540
539
539
540
539
542
544
538
528
530
532
535
533
542
542
546
547
548
545
553
558
558
564
562
554
548
552
550
542
541
552
550
552
553
554
552
548
549
552
555
557
565
559
555
549
547
540
546
544
549
545
544
539
536
529
530
531
528
530
534
533
540
539
530
536
540
534
540
544
541
548
547
551
560
552
558
555
547
553
550
554
549
549
538
547
551
559
554
560
561
557
561
555
547
559
561
556
559
559
558
556
551
553
551
552
552
556
552
549
548
548
552
554
547
545
544
541
544
544
548
556
549
555
553
557
558
563
566
570
588
598
597
595
593
605
610
613
611
608
607
606
609
613
604
608
608
601
610
611
609
607
607
600
606
610
612
609
607
601
602
604
609
605
612
620
616
624
610
605
611
612
622
614
618
615
612
607
607
605
596
599
602
604
598
598
601
595
591
585
583
590
593
592
596
590
589
600
604
598
596
600
600
611
607
604
602
599
595
596
589
595
599
605
602
604
605
603
603
604
609
614
606
603
603
602
598
591
587
594
589
595
597
603
596
598
597
597
595
597
597
593
593
585
581
590
591
601
601
602
594
599
598
602
595
604
606
600
594
592
578
576
581
585
574
577
577
584
587
585
583
568
564
564
565
562
554
555
552
549
546
541
529
541
548
549
543
547
552
556
563
554
566
550
556
550
552
559
562
562
549
541
548
556
554
549
550
548
543
541
540
540
538
538
536
539
528
537
542
542
537
532
531
529
539
539
534
535
534
531
529
519
512
516
517
512
518
511
517
518
515
515
510
513
504
504
504
510
510
501
504
503
512
507
495
497
492
494
492
493
499
497
498
497
490
483
473
470
479
474
478
473
470
474
471
472
480
487
482
483
480
490
498
499
499
503
494
493
489
493
484
477
484
471
464
458
451
447
454
449
444
443
436
427
422
421
425
425
423
406
398
390
398
397
397
391
391
386
387
379
385
382
386
383
382
387
385
382
392
391
383
383
386
384
392
396
402
402
398
403
401
404
413
420
421
418
421
409
412
417
424
419
420
412
423
424
430
442
448
449
455
453
450
450
450
452
453
459
462
471
467
466
459
462
454
448
445
447
445
440
451
440
442
447
441
437
437
444
445
453
456
449
438
444
449
448
448
447
446
445
453
452
448
447
448
441
437
441
432
436
443
441
442
442
443
453
462
464
460
457
453
458
453
458
458
465
463
456
466
476
475
470
457
453
440
438
431
430
427
427
432
438
440
442
440
434
430
427
431
437
428
419
422
417
421
428
423
413
414
414
414
424
420
412
415
407
409
412
416
417
420
415
423
426
426
427
420
417
420
407
406
401
398
398
405
409
420
423
414
418
419
411
409
412
417
420
426
423
417
423
427
430
424
436
448
454
451
445
449
443
437
445
454
464
459
460
456
443
446
448
445
447
455
449
453
443
447
445
445
441
431
437
434
430
429
433
431
421
420
416
423
427
432
438
437
434
439
434
441
433
440
433
438
435
429
432
437
440
440
441
439
444
437
439
436
434
430
436
436
439
438
444
439
447
446
446
445
444
455
450
452
449
438
440
432
425
428
430
428
424
433
447
447
455
462
457
461
466
470
465
453
452
460
467
473
476
477
477
478
473
467
470
467
476
469
462
466
464
464
454
455
451
447
445
438
437
435
439
444
441
443
445
436
436
443
441
448
451
455
453
449
452
454
447
438
432
434
437
442
443
437
438
438
446
448
443
449
449
443
447
438
441
445
449
446
451
446
436
439
435
436
433
442
437
429
429
436
430
429
421
412
414
418
409
413
409
404
409
402
402
408
412
413
418
416
416
416
412
412
411
416
410
408
410
409
413
410
412
407
405
412
417
408
408
409
405
396
384
391
388
390
395
390
390
394
395
404
398
393
386
390
390
394
392
387
376
379
389
398
405
398
401
403
408
410
400
404
407
403
399
399
404
394
397
391
386
384
385
387
386
385
372
369
373
367
375
371
373
369
367
367
365
362
360
360
355
365
360
360
366
358
363
370
375
370
366
378
382
387
390
399
389
396
401
401
398
398
395
395
404
402
404
410
408
400
401
402
402
391
385
378
369
366
359
357
358
361
357
361
354
347
332
320
318
319
331
323
325
319
314
307
312
312
310
311
305
302
306
302
296
301
297
289
296
291
293
286
287
277
275
267
262
257
265
263
268
262
261
259
264
272
270
269
274
278
283
277
271
270
265
261
250
246
244
249
255
250
249
245
251
257
258
261
253
256
257
262
261
254
259
258
258
252
250
250
245
249
249
248
244
252
247
260
259
257
256
256
260
270
276
287
285
286
286
280
273
275
271
281
274
275
272
266
265
264
277
276
276
265
266
271
279
281
280
285
283
287
293
301
300
292
293
298
305
298
299
305
306
313
311
317
325
324
328
325
323
311
310
299
299
310
311
313
308
311
311
309
310
316
317
323
317
315
311
308
313
312
325
324
323
319
313
309
314
315
322
320
314
310
313
314
308
317
314
314
320
312
312
303
301
298
299
290
288
296
305
301
298
296
303
295
304
296
300
309
316
311
313
316
312
309
309
303
296
296
307
318
319
311
322
327
328
320
326
322
323
322
323
320
319
316
319
325
338
341
333
335
335
335
332
323
334
332
329
335
336
339
346
350
341
340
334
339
334
333
336
336
336
338
336
329
339
336
337
330
340
333
337
340
337
337
337
341
340
334
332
340
336
327
336
333
328
327
322
326
320
308
304
306
308
298
289
287
278
279
279
276
269
281
278
273
273
271
275
276
274
263
262
255
250
261
273
274
277
278
279
276
275
280
284
283
289
290
292
288
291
287
280
287
290
290
284
285
280
285
284
285
286
287
284
275
273
272
264
262
270
262
258
260
256
254
255
263
268
270
270
273
281
291
293
292
285
283
280
282
285
285
305
299
296
307
306
308
314
330
321
310
319
324
321
333
326
323
319
318
314
308
320
324
326
321
332
332
333
334
323
329
332
323
319
319
322
322
321
322
318
317
323
320
321
317
316
313
310
310
310
301
306
302
298
297
301
304
308
320
318
322
327
330
321
321
321
321
318
312
312
316
309
311
318
334
335
342
344
343
340
332
330
327
321
313
308
303
308
305
293
292
296
295
292
285
286
290
282
286
290
293
300
301
290
300
303
302
298
300
316
320
315
326
329
331
333
331
332
331
337
341
343
342
341
335
331
323
326
329
332
337
329
331
338
338
330
324
328
326
323
321
325
324
322
331
338
338
331
340
348
346
345
351
353
346
350
347
348
349
358
365
365
365
368
361
363
358
352
343
344
348
345
343
334
345
338
339
334
332
344
346
341
335
340
345
342
342
346
355
351
363
363
374
366
365
367
366
355
360
364
363
359
351
360
362
358
343
342
345
341
338
348
343
339
335
323
319
321
319
334
330
322
318
316
315
312
322
329
326
320
319
316
312
310
307
307
311
311
307
305
305
307
298
289
291
298
298
287
291
287
289
284
293
298
303
305
304
303
305
299
304
309
312
310
310
309
309
310
305
302
296
292
297
295
295
290
290
298
298
294
286
280
278
283
278
277
273
269
272
271
267
266
269
268
274
277
283
285
279
284
278
283
289
295
302
310
309
297
301
299
306
299
297
291
296
288
285
293
288
287
283
291
289
291
290
289
296
291
294
300
296
290
291
288
283
281
277
278
276
274
272
269
263
257
254
259
249
256
259
250
243
248
253
256
263
261
263
261
261
260
265
254
256
253
254
252
261
255
246
244
244
249
236
238
244
250
239
237
235
228
222
215
220
217
214
215
223
219
222
215
224
234
238
236
234
237
238
231
238
246
249
255
261
274
275
282
279
275
275
281
273
271
269
267
278
273
270
274
268
274
271
268
266
265
259
268
272
254
255
248
249
258
261
261
259
253
245
236
238
238
237
238
233
227
226
237
241
241
239
244
244
250
248
249
250
253
250
239
239
226
214
210
232
224
224
227
224
226
226
231
221
220
221
225
232
228
232
235
234
242
241
235
234
228
231
245
246
249
247
249
243
246
248
252
253
252
246
245
254
256
253
257
259
264
263
264
262
265
270
265
253
253
243
239
232
232
230
236
237
245
241
239
232
226
227
222
213
219
236
235
242
239
241
239
234
229
239
239
242
236
233
225
215
207
203
205
203
213
222
220
219
205
209
203
202
194
190
189
187
193
186
185
189
185
177
177
181
177
186
192
196
194
192
192
193
196
197
194
192
184
185
184
176
174
172
170
168
169
172
161
157
171
171
180
178
171
171
173
170
171
175
164
165
161
164
162
155
153
155
160
156
162
156
161
150
145
145
142
141
134
138
132
129
125
131
140
142
144
139
152
146
139
135
130
128
121
122
123
130
132
134
141
140
140
143
145
147
153
149
148
152
157
166
168
165
167
165
169
165
162
169
175
172
163
162
159
163
160
160
163
174
173
174
166
166
160
171
170
170
171
165
164
155
151
151
151
149
142
137
138
140
143
142
135
144
143
139
135
132
132
129
136
138
141
139
132
128
131
128
128
138
138
142
141
141
136
139
138
136
137
136
132
131
132
127
124
121
111
107
110
108
115
104
106
94
90
94
105
103
117
120
129
135
134
135
119
120
118
117
119
112
103
92
100
101
91
86
85
90
84
78
83
79
69
72
68
67
69
67
80
90
90
85
90
95
91
86
84
79
81
78
81
75
76
79
77
85
81
83
82
80
73
76
69
67
64
63
62
60
62
62
58
64
65
65
67
66
73
82
74
67
68
70
81
91
82
78
73
71
85
77
78
76
79
80
79
84
82
76
81
85
89
94
102
109
103
108
116
118
118
120
121
123
126
120
112
107
104
103
104
112
119
122
125
114
119
118
114
115
109
106
102
97
93
86
89
93
92
101
100
97
94
97
102
92
80
79
76
75
77
77
83
88
82
78
83
75
69
71
70
63
67
55
65
68
65
80
72
73
70
72
65
61
60
63
64
71
61
62
57
61
68
81
83
84
89
93
96
94
93
103
105
110
121
121
121
123
121
126
125
126
125
123
123
125
128
128
131
129
130
133
131
123
121
123
126
128
121
125
119
109
107
111
108
106
108
106
104
106
96
94
100
106
114
109
107
121
121
120
128
131
137
133
141
147
154
151
145
143
145
145
140
136
139
139
138
136
135
141
148
148
151
146
149
149
159
154
154
152
154
150
162
166
163
170
160
160
165
177
179
174
176
172
176
167
167
162
181
176
164
160
170
164
155
155
156
157
164
166
167
168
165
170
170
171
182
183
184
180
180
181
174
169
172
172
179
180
184
177
175
178
181
172
176
184
178
183
185
187
178
174
180
171
175
179
169
169
173
173
175
183
189
186
190
187
194
196
193
193
191
184
180
177
181
175
181
181
181
177
178
178
178
186
188
185
195
193
194
191
193
185
176
179
185
183
177
176
168
164
157
159
157
163
163
163
166
163
165
166
167
165
160
166
174
182
184
186
186
193
187
189
188
193
192
198
198
195
195
198
200
202
206
207
203
198
207
210
210
216
211
217
216
220
214
223
225
239
252
250
244
247
250
252
251
249
251
255
251
247
254
253
255
259
262
258
251
250
254
253
251
254
254
254
252
252
252
253
250
247
243
242
249
249
245
239
235
237
231
236
229
226
219
218
225
212
211
220
222
226
227
220
228
227
228
227
240
240
229
232
241
252
252
258
259
265
266
258
250
246
249
235
232
232
244
247
254
248
253
257
260
264
267
270
271
276
274
270
265
270
274
262
263
249
247
240
236
231
230
224
233
234
230
231
220
225
227
226
221
234
239
241
240
242
235
236
238
236
232
226
231
224
221
221
226
227
227
220
229
221
216
210
218
225
226
218
210
213
217
224
224
217
216
219
217
213
217
211
210
210
211
212
216
219
221
223
231
230
234
236
244
251
248
256
266
275
273
273
272
280
289
290
285
294
296
290
288
287
281
280
281
280
287
291
280
284
288
288
279
276
288
290
283
285
290
277
280
270
278
283
283
279
280
282
288
289
285
282
275
275
270
280
276
280
282
273
278
276
287
290
290
303
307
303
297
296
299
308
301
293
297
296
289
286
291
296
293
297
293
289
287
293
298
305
314
311
317
313
313
313
310
303
313
315
305
305
302
311
315
315
319
305
311
314
309
308
306
312
316
318
321
321
318
316
316
312
316
310
307
309
305
299
307
312
309
311
305
297
300
297
298
305
312
317
314
320
322
330
327
330
330
329
332
339
337
324
327
326
317
325
321
312
312
310
312
305
317
311
311
308
312
301
301
304
307
315
321
313
313
314
311
311
318
326
328
326
326
325
322
324
333
332
330
331
334
324
332
338
336
332
336
330
328
326
329
327
334
331
326
318
314
320
316
322
331
331
340
348
349
344
350
354
349
348
347
347
341
348
350
351
346
341
336
331
328
328
324
327
323
321
330
332
328
325
321
329
327
315
306
307
309
304
307
306
302
304
315
296
292
291
296
302
295
294
290
282
287
297
292
294
292
297
296
293
295
296
297
286
301
296
297
306
313
308
309
314
318
312
313
318
319
311
306
303
299
295
291
285
283
296
286
280
281
282
284
277
285
283
280
283
284
285
283
288
287
289
288
277
279
272
262
267
271
273
269
263
268
270
269
271
273
274
281
283
276
283
277
292
297
305
297
304
296
294
301
298
297
306
301
303
305
307
310
309
310
305
303
307
301
302
301
306
307
303
298
295
290
290
288
284
284
280
280
296
298
306
310
304
300
298
294
298
301
292
290
288
289
294
290
301
300
310
310
303
299
292
287
296
299
303
306
305
312
306
297
297
295
298
308
301
299
301
305
306
302
303
299
302
314
304
298
303
314
316
319
312
317
320
317
318
313
311
324
317
313
307
298
289
288
290
284
288
283
276
280
279
273
266
273
259
264
271
276
288
295
292
291
279
274
274
271
278
287
286
285
286
288
279
278
269
277
282
285
288
293
294
293
297
305
321
317
321
331
324
326
329
333
338
335
337
330
333
336
342
341
346
342
340
340
340
332
336
339
337
336
338
345
343
345
340
341
332
333
334
338
337
334
332
338
345
334
336
343
344
345
342
347
346
349
344
343
335
335
333
342
342
340
348
349
347
351
343
340
339
343
356
357
363
366
374
373
370
365
358
372
376
381
381
388
387
384
389
392
387
376
395
399
397
398
399
394
398
395
395
388
392
394
394
381
380
385
389
392
393
387
394
396
406
403
405
396
404
396
402
408
414
418
420
428
434
437
430
432
432
431
431
426
425
431
430
435
442
434
430
430
433
434
445
450
456
459
450
450
456
453
441
456
463
461
460
455
463
468
467
462
470
469
471
467
469
472
480
475
470
460
467
466
470
465
476
478
471
471
467
475
476
476
479
480
481
492
491
487
489
492
492
488
494
497
499
494
494
498
494
481
484
483
477
476
478
483
476
477
482
480
473
475
475
469
459
459
455
452
458
458
456
450
448
452
463
463
456
458
461
463
469
476
474
475
471
474
472
475
480
480
472
475
469
466
469
472
479
464
461
453
464
468
466
458
452
455
462
456
463
466
462
461
466
461
459
467
467
461
461
459
454
454
453
458
456
459
461
466
466
470
473
462
457
444
455
457
459
455
466
465
472
467
470
464
463
462
456
453
450
453
450
447
446
452
460
463
461
456
459
455
450
441
443
442
447
447
448
451
447
447
444
444
436
440
450
447
448
446
446
450
453
447
441
442
438
433
427
431
428
429
432
433
440
428
431
431
426
429
427
440
443
452
451
456
452
448
450
449
440
438
434
434
433
429
425
428
424
426
431
430
428
434
436
433
437
443
448
438
434
425
425
434
442
444
447
450
449
445
438
432
428
427
432
438
441
435
434
436
430
431
442
433
428
427
427
436
442
446
433
441
455
467
470
474
468
464
455
450
451
458
466
459
459
467
468
462
463
471
473
459
459
461
473
465
466
474
479
478
475
477
474
473
468
472
481
487
492
486
484
471
471
476
479
492
485
483
476
474
470
471
471
475
474
478
472
475
480
488
493
502
499
509
513
511
502
516
518
529
522
529
528
527
522
515
516
518
516
512
507
521
526
534
533
539
553
561
564
563
573
571
571
575
575
576
582
581
582
588
587
593
591
596
599
599
602
604
604
596
604
602
602
604
604
602
595
591
595
593
594
598
597
600
606
610
609
615
624
624
628
633
628
617
618
608
604
607
612
613
608
606
607
615
615
620
616
624
623
625
624
618
629
626
630
638
637
642
644
644
649
654
662
660
647
658
654
649
648
646
657
657
654
657
668
664
671
674
681
681
685
684
685
685
676
681
682
678
677
678
674
664
663
667
674
668
662
653
644
649
654
654
661
660
664
663
660
652
656
657
659
668
666
677
667
667
667
671
661
665
659
652
656
653
653
653
653
652
649
649
650
653
655
675
666
667
675
683
680
673
665
664
664
665
662
653
654
660
657
648
636
641
645
636
638
630
627
631
627
625
618
622
619
625
632
629
623
620
623
624
633
631
633
638
637
647
644
634
632
636
632
637
634
640
637
647
653
649
651
642
648
646
637
639
639
639
634
635
632
627
616
619
629
630
629
633
625
627
640
642
652
657
655
648
645
642
642
637
643
638
634
633
642
640
632
627
612
609
618
620
608
620
614
610
609
610
605
603
607
610
610
612
614
612
608
604
602
604
610
618
612
622
634
634
633
627
621
619
618
616
611
616
615
615
620
610
613
613
610
619
625
627
626
632
631
627
635
630
631
635
636
637
634
637
641
648
658
662
665
668
671
669
668
669
676
674
668
675
679
678
681
675
684
678
679
674
676
677
687
686
703
708
707
716
718
719
723
716
701
699
699
692
688
674
675
685
690
698
705
704
708
711
718
721
719
715
722
717
718
722
723
722
713
719
728
727
718
724
727
726
730
735
737
741
739
746
750
753
745
746
744
736
739
749
747
747
739
743
743
743
744
747
744
752
750
754
745
747
750
758
757
757
763
770
773
774
777
783
788
797
796
806
811
819
820
820
821
826
827
825
816
816
819
818
815
808
808
816
810
810
807
800
800
803
802
796
798
799
800
801
798
806
807
814
811
812
809
809
808
804
807
808
812
811
813
810
817
820
820
822
826
829
836
834
834
841
839
834
844
842
837
839
835
829
826
830
831
831
826
824
819
811
813
812
813
816
816
808
802
798
797
804
804
801
794
800
803
791
792
794
797
790
789
780
784
774
767
758
752
756
766
762
759
755
756
757
758
758
765
762
758
761
754
748
761
770
769
772
759
753
755
758
759
752
742
741
738
737
742
745
744
741
753
750
740
747
748
746
742
748
748
748
751
750
751
747
750
749
755
754
753
754
732
729
730
736
729
721
720
717
721
724
716
728
735
740
735
735
736
731
737
733
735
734
738
743
740
733
740
742
733
726
726
724
726
729
738
740
734
733
731
727
719
716
714
711
707
710
710
704
707
700
699
694
709
716
718
718
725
725
733
740
742
737
735
727
722
728
726
722
725
725
726
737
739
729
728
731
733
725
728
730
729
734
735
734
719
713
713
720
724
728
713
722
715
717
713
711
698
695
684
692
702
710
716
710
709
718
709
708
699
695
698
703
705
706
699
694
694
699
697
694
693
689
683
683
684
684
688
694
702
697
704
704
703
711
706
709
701
709
705
701
708
717
713
712
711
708
707
711
705
694
697
694
695
695
692
682
672
672
667
672
677
672
670
674
669
672
672
679
684
676
677
676
669
677
675
682
681
689
688
683
684
675
679
681
684
684
689
685
685
680
677
671
669
667
671
674
672
668
663
653
657
657
660
659
666
664
664
667
671
666
662
663
662
669
654
649
649
650
655
654
659
665
662
653
654
656
648
648
656
673
669
667
662
662
666
662
668
672
669
671
665
665
668
665
671
673
670
681
684
688
680
668
680
674
673
666
668
674
680
678
684
684
679
684
680
673
668
665
664
664
662
663
659
653
654
647
651
646
650
661
662
668
667
668
665
662
663
659
652
644
644
640
646
645
643
649
638
635
648
663
670
667
668
670
664
676
676
679
675
679
676
675
675
673
675
680
687
685
686
688
692
691
686
695
692
703
692
695
693
693
688
691
682
684
684
681
695
699
702
709
707
707
710
706
708
705
697
692
693
692
693
700
695
694
692
694
685
687
685
686
683
690
688
694
692
693
703
700
708
705
701
696
697
701
699
701
694
698
697
698
697
689
694
696
706
707
712
719
716
716
722
720
716
710
709
716
718
719
723
728
726
729
739
744
749
760
754
756
750
749
757
753
761
760
763
761
765
763
763
752
750
760
758
760
768
769
774
767
766
769
760
760
757
767
772
773
773
773
780
785
778
785
782
776
781
779
787
788
776
777
780
780
780
785
781
783
782
784
785
783
785
790
795
800
805
801
805
806
800
799
807
808
815
810
809
803
811
802
808
809
817
823
818
815
819
828
821
819
823
823
817
817
828
821
821
823
817
819
824
819
823
830
832
832
826
828
820
825
822
819
821
823
819
823
815
819
822
826
830
834
838
832
825
813
817
820
821
824
821
822
824
818
814
809
806
805
802
804
810
818
814
818
820
819
819
822
828
830
845
848
849
854
858
860
864
867
865
862
861
863
864
864
859
863
867
869
868
873
875
873
874
868
870
861
864
857
857
867
863
864
867
874
870
872
873
873
871
867
859
860
852
856
850
851
856
853
851
851
853
855
865
864
865
857
854
859
856
859
865
861
868
864
863
848
851
855
854
856
862
864
863
856
862
857
856
857
853
847
851
850
844
850
850
854
847
846
855
855
854
849
842
848
846
852
855
851
853
849
848
853
852
852
853
855
858
863
868
872
879
879
874
867
858
856
861
859
864
865
871
870
869
864
859
854
858
871
870
865
863
855
853
850
851
849
842
844
848
855
850
848
848
851
845
850
852
854
847
847
843
844
839
838
836
837
838
837
851
856
850
849
843
845
840
833
828
832
825
834
835
836
834
838
847
853
862
869
876
883
884
881
878
878
879
881
885
875
881
881
894
893
890
882
888
875
880
881
877
880
885
877
881
873
884
886
887
887
891
901
904
907
908
906
908
907
908
898
901
894
898
889
893
898
900
914
925
922
909
910
904
899
898
904
906
912
928
933
928
926
921
920
925
921
918
922
928
923
919
915
906
905
898
905
899
908
912
920
927
929
937
937
936
937
934
935
932
924
926
922
923
918
922
933
935
932
932
930
929
919
926
929
917
927
934
931
944
948
948
948
945
948
947
950
950
961
955
966
960
961
957
954
956
951
958
957
951
961
952
948
951
939
945
943
951
953
953
954
958
965
963
960
967
977
967
957
955
967
971
984
986
986
991
992
985
998
1001
1001
1001
1005
1006
1011
1008
1017
1012
1009
1003
1006
1004
1015
1013
1016
1017
1013
1015
1007
1002
1002
996
995
995
997
993
989
996
997
1000
1011
1014
1021
1026
1035
1046
1037
1037
1034
1042
1036
1035
1035
1042
1036
1027
1031
1030
1032
1034
1041
1041
1042
1040
1047
1048
1057
1067
1063
1074
1068
1060
1058
1056
1057
1066
1066
1060
1056
1057
1055
1056
1057
1058
1052
1058
1049
1052
1064
1060
1061
1056
1062
1061
1067
1073
1073
1077
1081
1096
1101
1112
1107
1106
1105
1102
1100
1104
1112
1115
1118
1117
1117
1107
1105
1105
1111
1109
1107
1113
1114
1118
1112
1109
1120
1115
1115
1130
1119
1121
1129
1136
1133
1130
1119
1116
1109
1116
1119
1108
1115
1118
1112
1121
1110
1120
1114
1127
1117
1112
1110
1111
1112
1097
1093
1100
1103
1100
1097
1104
1108
1109
1107
1109
1117
1120
1119
1123
1121
1115
1110
1126
1127
1119
1128
1125
1126
1126
1133
1125
1123
1126
1125
1122
1116
1112
1114
1120
1126
1116
1109
1119
1119
1124
1117
1125
1121
1105
1105
1107
1110
1116
1115
1109
1104
1102
1107
1097
1094
1101
1106
1117
1123
1124
1128
1121
1119
1118
1110
1112
1110
1112
1103
1102
1097
1092
1094
1096
1109
1112
1116
1113
1108
1111
1107
1105
1098
1094
1086
1086
1079
1076
1076
1074
1074
1067
1069
1065
1050
1059
1059
1072
1078
1078
1088
1082
1086
1090
1086
1088
1091
1091
1090
1085
1086
1088
1087
1080
1088
1100
1104
1092
1087
1098
1092
1097
1090
1098
1103
1098
1098
1098
1096
1096
1088
1088
1082
1082
1078
1080
1082
1086
1085
1091
1093
1095
1090
1097
1105
1102
1105
1106
1096
1104
1103
1103
1106
1105
1103
1102
1105
1103
1107
1106
1111
1115
1115
1106
1105
1106
1103
1106
1108
1114
1111
1112
1124
1112
1125
1135
1132
1128
1131
1133
1137
1146
1150
1148
1141
1143
1136
1133
1141
1145
1142
1141
1138
1133
1134
1128
1139
1136
1137
1138
1137
1138
1136
1135
1135
1139
1144
1144
1154
1151
1149
1146
1145
1146
1142
1136
1127
1120
1124
1114
1113
1117
1115
1120
1119
1112
1106
1118
1130
1136
1136
1137
1137
1140
1140
1133
1138
1137
1132
1130
1124
1127
1136
1137
1146
1145
1140
1135
1129
1130
1124
1123
1125
1119
1114
1123
1123
1139
1131
1131
1128
1126
1130
1125
1124
1123
1121
1120
1131
1126
1125
1125
1132
1137
1143
1141
1149
1147
1133
1132
1135
1135
1139
1137
1138
1139
1151
1162
1155
1145
1141
1140
1144
1146
1144
1136
1128
1133
1134
1142
1137
1133
1131
1131
1137
1128
1141
1132
1127
1124
1122
1123
1125
1128
1117
1118
1124
1122
1121
1120
1127
1127
1127
1134
1127
1119
1108
1111
1105
1104
1104
1099
1100
1102
1109
1120
1117
1104
1108
1100
1102
1097
1094
1085
1088
1091
1092
1092
1099
1097
1094
1092
1095
1094
1092
1088
1081
1075
1080
1085
1093
1096
1098
1094
1092
1090
1093
1087
1082
1077
1080
1085
1081
1077
1089
1084
1081
1083
1081
1075
1075
1069
1073
1079
1078
1072
1078
1071
1074
1078
1086
1082
1079
1072
1070
1079
1077
1074
1069
1075
1073
1067
1070
1067
1064
1058
1055
1059
1066
1063
1068
1071
1067
1066
1064
1066
1059
1067
1061
1056
1058
1049
1057
1063
1064
1060
1059
1066
1062
1062
1064
1068
1075
1075
1074
1075
1071
1069
1079
1085
1084
1079
1073
1067
1050
1052
1045
1047
1046
1043
1047
1049
1053
1055
1050
1047
1048
1044
1048
1049
1047
1051
1051
1053
1062
1062
1061
1053
1047
1053
1043
1044
1056
1050
1048
1049
1054
1056
1055
1062
1054
1058
1057
1061
1061
1059
1064
1053
1052
1049
1046
1040
1046
1046
1040
1047
1056
1056
1053
1053
1059
1060
1058
1062
1065
1069
1067
1066
1054
1058
1056
1055
1056
1053
1045
1043
1036
1037
1029
1025
1029
1025
1017
1012
1014
1015
1020
1026
1023
1030
1027
1025
1019
1015
1016
1012
1011
1010
1014
1016
1016
1021
1011
1024
1024
1024
1024
1026
1023
1039
1033
1036
1044
1032
1030
1032
1033
1030
1029
1040
1041
1038
1029
1022
1030
1034
1023
1023
1023
1020
1029
1023
1032
1030
1020
1018
1025
1016
1017
1015
1010
1013
1021
1015
1009
1007
1009
1006
1013
1005
1007
1001
999
1000
994
1003
1013
1017
1008
1015
1021
1020
1027
1026
1030
1030
1026
1032
1041
1043
1045
1041
1048
1047
1045
1054
1068
1067
1071
1086
1082
1075
1076
1080
1077
1071
1071
1072
1075
1078
1081
1088
1092
1100
1089
1088
1086
1086
1091
1088
1085
1080
1074
1069
1059
1054
1053
1050
1054
1060
1058
1060
1054
1057
1058
1073
1072
1075
1066
1060
1061
1060
1060
1056
1054
1043
1025
1029
1033
1034
1037
1035
1043
1043
1044
1043
1038
1036
1029
1020
1020
1022
1027
1032
1043
1036
1029
1038
1043
1038
1048
1048
1045
1039
1039
1045
1044
1044
1047
1047
1049
1054
1050
1049
1045
1044
1044
1040
1036
1039
1040
1038
1040
1041
1044
1037
1036
1035
1035
1031
1024
1020
1026
1035
1028
1036
1034
1039
1039
1047
1046
1048
1050
1056
1059
1051
1046
1042
1044
1037
1051
1041
1037
1031
1028
1030
1029
1034
1030
1025
1024
1020
1034
1038
1034
1024
1026
1025
1030
1024
1022
1023
1015
1011
1008
1006
1008
1012
1008
1007
1008
1012
1008
1005
1008
1008
1011
1007
1000
1002
1003
1002
1007
1009
1017
1016
1017
1024
1028
1027
1019
1018
1011
1012
1015
1022
1024
1021
1024
1026
1022
1030
1040
1046
1046
1047
1050
1051
1055
1055
1062
1059
1060
1061
1065
1071
1077
1066
1075
1067
1074
1073
1081
1071
1072
1080
1083
1096
1092
1098
1107
1102
1108
1109
1100
1100
1109
1115
1123
1123
1129
1122
1112
1112
1111
1117
1116
1115
1115
1112
1112
1115
1118
1120
1120
1121
1124
1135
1130
1134
1129
1125
1128
1124
1126
1124
1120
1128
1130
1130
1141
1136
1132
1134
1131
1135
1140
1140
1144
1140
1146
1148
1144
1138
1135
1132
1133
1134
1135
1129
1127
1123
1130
1131
1129
1124
1125
1126
1115
1121
1131
1128
1131
1129
1129
1128
1126
1129
1131
1132
1124
1129
1129
1126
1117
1117
1121
1114
1117
1118
1117
1120
1121
1121
1122
1114
1118
1124
1120
1121
1116
1109
1101
1102
1107
1111
1111
1121
1127
1125
1126
1137
1142
1138
1134
1133
1139
1136
1129
1138
1152
1159
1156
1162
1161
1166
1170
1174
1177
1175
1182
1182
1174
1176
1175
1173
1174
1169
1163
1164
1175
1163
1167
1170
1163
1157
1162
1161
1157
1159
1159
1160
1160
1155
1157
1166
1165
1181
1173
1169
1169
1168
1163
1167
1167
1160
1163
1161
1161
1158
1153
1152
1158
1161
1163
1167
1175
1175
1175
1177
1168
1172
1168
1167
1173
1174
1176
1181
1177
1183
1184
1185
1183
1190
1190
1184
1172
1173
1175
1160
1156
1152
1151
1156
1161
1166
1169
1166
1173
1171
1161
1170
1174
1185
1187
1180
1177
1173
1176
1177
1184
1189
1188
1195
1203
1196
1196
1193
1188
1192
1188
1192
1197
1202
1200
1198
1189
1192
1182
1184
1179
1183
1179
1181
1182
1183
1186
1185
1186
1185
1187
1182
1178
1184
1191
1193
1199
1189
1181
1177
1175
1166
1165
1167
1163
1168
1166
1169
1172
1173
1164
1165
1168
1158
1160
1160
1159
1157
1156
1162
1157
1161
1165
1158
1163
1162
1164
1163
1167
1153
1146
1136
1139
1143
1139
1132
1125
1120
1111
1122
1117
1119
1110
1110
1108
1112
1114
1113
1114
1122
1122
1122
1123
1125
1123
1122
1117
1127
1115
1119
1117
1111
1111
1115
1114
1110
1114
1114
1103
1107
1109
1110
1105
1108
1107
1089
1091
1089
1087
1085
1091
1085
1081
1071
1073
1070
1060
1065
1062
1068
1070
1070
1068
1071
1069
1066
1062
1064
1063
1057
1049
1049
1055
1052
1050
1044
1040
1041
1044
1049
1042
1043
1035
