0
13
12
22
18
27
36
31
33
32
31
38
53
47
52
54
53
57
64
69
66
64
73
57
60
58
60
60
66
56
52
47
44
38
41
50
46
47
52
44
48
47
47
45
44
52
50
55
50
60
44
38
42
45
48
45
41
43
43
35
36
36
37
43
40
47
37
35
27
30
28
24
24
13
10
19
16
21
26
27
29
26
26
22
23
9
18
22
24
30
24
35
37
37
36
41
38
46
45
48
43
53
52
55
50
51
62
62
59
69
69
68
69
74
72
76
78
77
80
76
83
83
91
92
90
96
96
101
89
91
92
90
97
104
111
104
96
96
105
107
105
104
104
105
100
93
94
94
98
98
98
105
112
109
106
97
99
95
104
100
103
111
119
114
110
109
112
112
112
107
106
109
102
109
107
104
102
102
103
110
109
106
115
120
126
128
114
120
121
128
117
120
120
122
112
119
119
114
111
115
109
117
126
118
121
116
121
122
125
115
123
123
121
116
110
111
122
123
116
118
122
117
111
113
107
108
118
124
122
126
129
123
123
119
111
111
107
114
126
130
131
129
125
120
120
125
130
130
131
137
136
132
122
124
131
137
141
149
147
146
146
144
153
157
157
147
150
148
149
138
142
144
144
145
144
140
136
141
139
135
139
144
143
144
144
141
142
145
145
142
143
148
155
141
139
140
143
148
155
154
145
152
157
158
165
153
152
146
146
142
142
141
139
140
146
157
156
151
149
146
134
128
139
137
135
123
121
109
119
121
117
123
130
136
141
143
157
150
141
144
151
160
153
146
147
147
156
165
165
167
170
173
168
179
176
174
171
174
168
181
184
190
193
196
197
197
199
195
183
183
190
194
194
190
189
193
184
179
176
166
172
174
173
174
173
174
176
172
173
175
176
169
171
171
172
170
166
160
154
154
148
152
151
150
147
146
146
140
142
140
144
150
151
153
156
158
157
158
165
159
157
159
166
167
165
167
165
167
164
155
149
140
141
141
141
144
139
135
137
143
138
135
128
117
113
119
118
121
121
117
112
116
126
123
124
121
126
118
113
110
116
113
114
114
119
130
127
127
132
131
134
129
132
135
140
139
140
138
140
142
145
137
140
144
152
161
158
148
143
146
140
140
147
157
160
160
152
152
150
154
153
163
172
175
178
178
178
177
179
182
183
181
183
176
168
162
162
157
162
155
155
159
149
145
140
148
136
141
140
133
132
123
123
130
128
130
123
127
121
122
124
127
130
128
124
118
117
114
116
114
114
115
124
129
132
132
135
130
135
133
126
133
128
135
142
139
138
134
124
116
126
133
125
128
130
128
134
124
127
121
124
120
122
124
119
118
118
106
107
107
107
112
109
110
115
121
119
111
112
108
120
122
125
121
119
129
133
133
131
128
123
113
119
112
110
106
107
107
106
103
103
97
92
94
100
112
109
113
116
112
102
95
88
86
90
92
96
95
92
92
95
93
93
96
96
91
97
102
106
104
109
107
108
102
104
107
104
115
114
100
95
92
89
84
86
88
95
96
95
100
101
101
111
107
106
100
106
110
108
105
109
106
110
110
109
113
107
92
95
93
88
89
90
98
103
95
83
91
92
86
71
72
68
67
77
76
77
73
71
75
64
64
63
64
60
58
62
59
49
47
53
55
54
55
51
63
66
62
60
59
60
71
81
65
58
53
47
48
42
44
43
45
46
45
46
43
50
49
47
44
42
44
40
54
56
58
59
54
55
49
50
39
29
36
35
40
43
43
52
52
57
48
51
56
62
69
63
61
60
58
60
51
47
47
50
53
57
67
54
52
63
63
56
51
53
58
60
49
38
35
39
42
48
48
64
64
64
67
70
71
68
66
65
62
57
54
55
50
49
45
49
52
48
48
60
57
60
62
62
67
65
66
60
52
47
44
40
43
39
37
38
47
42
32
37
33
40
50
50
54
41
45
43
40
38
39
39
39
35
36
27
22
16
24
19
21
29
29
31
31
29
38
42
27
22
29
22
33
37
31
39
37
38
31
29
27
9
21
14
13
12
15
25
15
13
22
28
31
28
26
32
34
31
41
33
38
30
32
33
31
31
25
22
17
13
14
22
16
20
25
21
19
23
25
17
25
24
29
33
29
27
36
26
32
35
32
40
47
49
43
40
43
50
49
46
48
49
53
50
37
38
31
33
31
28
30
36
36
36
42
39
41
44
43
48
54
54
60
55
49
50
54
61
64
57
53
45
42
54
56
54
60
60
48
46
47
41
39
41
37
36
33
31
31
26
18
16
11
19
17
19
16
21
19
28
16
14
14
16
18
22
20
27
36
32
33
30
29
36
40
50
58
70
71
64
66
65
61
60
58
66
72
81
81
76
83
79
63
54
44
40
43
40
39
38
39
37
41
44
42
35
34
29
32
19
21
33
31
34
40
40
44
53
53
43
39
38
37
41
39
50
40
33
29
27
25
24
23
24
24
25
23
19
14
13
14
13
13
31
30
37
31
36
41
46
45
34
36
28
27
25
23
22
26
34
31
30
30
25
21
18
20
23
32
30
32
28
12
11
13
12
20
26
28
31
25
25
28
18
23
23
22
16
18
21
19
27
37
38
34
29
30
25
36
38
35
38
36
32
25
27
28
30
24
31
34
39
36
38
39
39
38
27
30
29
33
36
32
31
22
24
19
19
23
22
20
18
35
32
35
37
31
42
46
41
43
36
34
37
38
33
34
37
34
34
32
30
30
31
26
23
20
25
22
8
17
23
27
22
26
22
31
34
46
43
52
55
54
58
62
66
62
63
68
69
63
63
66
69
70
74
74
72
66
68
70
68
80
83
87
86
87
77
76
73
72
82
89
95
89
87
89
81
88
101
102
113
113
113
116
117
114
110
112
110
112
117
113
114
116
115
111
113
114
121
119
113
107
107
114
125
128
137
136
135
139
142
143
138
133
129
130
137
132
143
139
139
144
148
148
144
153
160
163
150
153
155
149
165
167
170
173
171
165
164
164
152
161
160
166
174
177
173
167
159
162
169
175
182
183
183
177
173
176
172
180
174
181
186
181
182
185
188
181
181
195
204
211
222
228
233
220
222
226
226
231
228
229
231
233
240
236
231
235
236
225
223
222
228
227
225
218
216
207
213
220
229
218
219
223
221
223
226
219
222
217
214
219
214
210
211
214
218
221
223
232
234
235
239
247
246
251
246
250
249
240
239
241
231
238
236
229
231
227
222
217
218
217
211
215
218
221
224
213
218
213
223
220
218
218
217
223
219
219
218
214
214
199
194
189
189
190
192
191
192
195
198
192
188
185
183
191
186
188
186
185
197
198
200
204
199
198
189
185
193
193
196
191
188
182
189
193
191
188
188
188
198
202
206
205
209
208
207
196
195
186
192
184
190
195
196
199
201
196
195
193
191
199
210
205
211
216
205
204
204
207
216
214
196
203
207
214
217
222
235
229
231
232
224
226
230
230
219
224
221
227
223
220
221
225
229
224
231
239
242
236
230
239
235
236
233
234
233
237
240
240
234
240
243
242
244
242
243
250
250
257
262
259
268
263
268
275
280
270
264
263
271
272
268
269
264
265
276
277
278
286
286
286
285
290
286
277
281
285
298
305
311
313
312
308
300
298
296
298
298
297
288
288
286
276
271
263
263
264
265
264
259
250
248
247
249
253
257
254
258
259
256
262
267
263
264
264
268
267
260
263
270
270
266
263
265
265
276
274
282
283
283
283
280
279
278
280
279
265
268
259
260
265
271
268
266
268
272
270
270
269
261
261
262
252
252
244
238
235
232
239
232
238
238
236
242
241
237
234
229
232
232
236
232
225
245
254
255
265
265
265
263
256
251
251
242
244
241
248
259
251
252
253
256
254
243
239
242
235
237
227
222
221
225
220
221
227
234
233
229
222
218
225
221
224
224
223
214
213
212
205
201
206
210
212
217
211
222
220
222
227
228
227
232
224
216
219
217
219
223
230
237
232
230
227
227
215
215
212
198
197
207
209
211
210
203
213
210
208
208
209
201
214
219
220
219
224
229
232
232
232
237
227
234
236
226
229
237
229
236
235
223
221
225
225
223
222
220
228
230
230
236
238
237
235
222
223
224
221
217
207
208
206
197
198
198
195
177
173
175
164
166
156
158
156
149
139
154
155
156
157
163
165
154
152
146
146
145
142
148
143
138
128
134
144
149
153
146
148
148
148
156
160
158
149
158
151
150
142
142
143
152
163
166
162
159
156
148
144
130
129
130
127
127
129
132
139
139
142
142
148
145
151
154
157
150
145
147
155
152
150
153
153
151
147
144
139
141
141
150
145
151
146
138
136
141
150
146
140
136
133
129
126
127
129
131
143
146
147
139
140
143
150
151
157
150
146
146
145
151
159
161
163
164
173
174
171
171
168
171
165
165
169
170
156
161
162
157
160
163
164
177
174
177
177
179
187
199
199
194
197
196
215
212
212
217
218
218
220
223
224
229
224
224
227
212
212
209
209
217
216
212
213
215
221
223
228
228
228
228
223
230
235
239
237
237
239
235
237
241
233
237
239
235
234
246
250
252
257
262
266
271
268
261
260
261
269
267
265
262
265
263
262
260
256
253
257
262
271
280
285
284
281
287
285
274
275
283
280
277
274
278
275
282
278
283
279
285
280
278
275
283
282
275
273
272
278
274
277
273
267
269
265
262
266
274
266
266
263
265
266
261
251
259
252
261
250
253
250
248
242
236
236
236
231
228
230
243
238
231
224
224
221
205
200
192
197
208
219
223
228
224
230
236
241
240
237
225
225
219
219
223
215
222
229
222
228
241
234
233
226
231
226
229
227
231
225
220
213
205
203
206
192
209
204
207
206
203
207
208
206
205
215
216
214
219
221
219
218
213
212
206
209
216
211
213
207
205
209
198
190
180
179
179
180
187
190
185
174
173
173
171
159
156
162
158
164
163
156
153
149
134
145
148
144
139
140
139
139
140
136
128
134
138
136
131
127
129
114
121
124
129
125
119
116
119
111
103
103
109
112
106
105
108
110
111
109
104
98
102
104
104
95
92
93
106
96
107
101
103
106
96
106
106
104
110
108
110
114
109
102
105
99
96
103
107
104
107
106
101
103
105
105
103
101
96
85
85
84
91
83
75
76
89
86
86
89
86
78
83
78
75
70
72
59
70
72
80
74
68
72
77
78
85
91
86
82
80
87
85
83
83
85
77
82
94
86
86
89
85
82
86
83
92
81
82
84
85
86
88
87
88
85
86
91
85
82
79
77
81
77
74
69
72
69
64
51
57
58
62
70
75
71
73
76
62
55
61
56
62
64
63
70
67
77
79
86
68
61
56
50
46
46
37
43
51
52
52
34
39
39
23
24
30
38
30
31
33
31
34
40
37
36
45
42
35
32
36
40
41
42
46
51
56
57
54
50
58
54
53
59
61
66
60
57
55
55
50
50
44
43
55
51
59
64
58
61
63
56
47
31
36
40
49
44
45
50
49
54
61
56
57
63
74
74
85
82
76
78
83
91
96
101
100
109
109
102
94
86
86
76
81
82
92
90
92
80
79
81
81
87
87
91
88
89
89
89
93
89
95
92
95
97
91
86
84
84
93
90
98
97
98
108
113
116
115
122
121
122
119
113
116
121
117
114
111
108
116
110
115
112
106
106
100
99
101
101
109
113
123
117
123
131
134
135
144
146
153
153
146
146
147
148
150
154
160
163
159
158
156
160
156
161
166
166
160
158
153
160
169
159
168
165
170
176
179
175
168
172
181
175
185
195
189
187
183
184
180
183
183
181
170
161
157
157
154
158
165
166
163
166
168
171
171
169
165
162
171
174
179
182
183
180
190
195
197
196
199
187
189
197
205
211
207
201
204
212
217
212
208
212
202
193
185
191
187
175
175
185
188
188
195
197
199
201
195
199
200
202
203
204
196
202
211
210
206
205
209
196
198
205
209
205
208
203
200
209
209
203
201
207
204
201
196
195
196
191
197
197
194
200
203
204
208
208
204
197
199
200
204
196
193
184
185
181
183
184
182
176
174
169
164
164
167
169
171
170
162
166
159
146
148
147
145
138
139
149
147
141
143
141
147
146
145
138
131
120
122
117
124
112
109
114
107
113
105
100
101
103
102
98
102
98
96
105
109
113
108
115
116
120
122
122
112
113
106
108
105
114
117
115
121
120
122
126
128
132
136
153
159
158
156
169
169
176
167
167
164
171
175
166
160
165
162
169
174
172
183
180
179
183
178
167
164
158
152
155
159
153
153
153
162
163
161
162
163
160
151
146
139
138
133
131
129
122
131
136
134
132
130
130
133
133
135
135
132
141
144
151
149
141
142
145
147
152
159
168
167
162
168
176
181
176
163
160
169
174
178
179
193
182
187
187
186
199
196
196
195
185
179
185
184
181
183
181
175
172
172
175
179
176
171
165
161
167
167
176
176
166
168
167
167
169
171
165
162
161
157
156
154
154
157
158
161
167
164
170
168
169
176
166
168
168
179
177
188
183
179
173
174
168
167
170
163
169
164
166
172
177
173
172
172
172
171
172
172
183
181
189
187
182
187
198
193
192
196
191
193
196
193
204
201
205
199
198
197
204
214
217
216
215
223
226
225
222
228
232
235
236
241
242
259
256
254
243
238
243
251
248
241
231
225
229
219
209
214
213
212
218
215
218
230
226
232
235
224
229
231
237
235
238
235
242
242
230
229
239
240
242
240
234
237
243
247
239
239
242
233
227
229
226
225
231
231
232
235
242
252
254
253
250
251
248
253
246
239
244
245
249
251
255
250
265
265
270
277
274
268
273
279
281
274
282
281
281
285
293
289
287
288
286
284
288
289
296
302
293
284
281
283
279
276
282
284
288
295
299
298
293
294
288
290
298
303
309
303
292
297
289
288
296
298
287
288
271
275
281
274
265
261
256
249
255
251
255
258
250
250
248
253
256
249
244
249
245
254
251
245
244
259
274
271
273
272
268
258
258
253
250
251
247
238
234
235
236
240
239
230
232
234
234
236
235
228
242
240
238
242
244
243
244
249
254
255
252
247
256
261
264
272
263
269
277
275
274
273
261
267
269
276
273
279
284
284
276
262
259
257
259
260
263
257
260
258
268
270
268
268
263
264
266
267
265
263
265
265
266
270
267
261
264
262
256
252
253
257
259
254
255
251
246
246
240
243
243
233
235
233
234
232
232
235
229
232
227
243
247
252
247
249
244
242
235
233
238
232
232
225
228
241
250
257
252
246
249
261
260
249
242
243
241
243
247
251
239
236
231
224
219
223
221
213
218
211
205
208
208
216
219
219
218
215
213
217
217
215
225
222
230
230
231
224
219
220
228
228
223
232
227
233
227
236
230
225
221
213
209
202
201
201
200
198
195
191
188
191
189
195
197
196
181
180
172
171
177
176
166
174
184
185
179
178
183
180
178
174
175
172
178
165
161
158
153
146
144
138
144
140
144
129
123
131
129
128
130
126
121
134
126
125
123
124
124
124
119
119
121
125
117
120
120
119
126
118
121
116
110
104
101
103
107
106
97
100
102
92
90
82
81
91
89
86
102
94
87
88
85
85
87
87
82
83
89
89
89
90
86
81
88
82
80
93
90
81
88
87
89
93
86
85
96
97
102
102
116
114
113
112
113
114
109
112
112
122
125
124
119
116
113
110
115
112
114
124
122
119
131
144
146
137
129
126
133
128
131
125
131
124
112
122
120
121
126
128
129
131
135
128
130
126
122
119
118
122
116
124
123
127
130
127
130
129
131
139
144
138
140
143
137
130
133
125
118
123
123
124
121
124
117
112
111
105
103
103
112
117
116
120
111
104
104
111
124
107
112
115
117
120
121
114
118
120
114
112
114
107
121
120
118
131
133
139
141
136
131
131
134
129
132
150
146
144
140
147
131
125
135
129
128
132
129
124
122
123
126
127
126
135
131
136
140
139
144
149
150
136
130
133
136
134
135
139
136
134
140
141
144
149
149
152
150
154
157
163
161
171
160
165
156
152
154
146
146
147
150
160
150
152
146
149
147
142
148
146
146
136
139
147
143
158
156
156
164
163
165
162
163
169
183
184
173
176
180
177
180
181
185
188
188
187
182
178
175
181
176
177
183
184
186
187
185
183
188
176
177
171
172
181
180
179
189
199
200
204
208
199
212
208
223
223
217
221
217
213
206
198
193
191
193
204
207
202
200
207
197
201
193
186
183
180
174
172
174
175
177
167
164
160
159
161
152
154
148
143
150
155
159
169
180
181
182
188
185
186
187
184
178
181
175
179
184
185
174
175
179
177
176
179
175
170
174
182
181
182
184
187
187
186
185
175
180
184
173
168
159
168
173
177
184
187
183
183
186
193
196
184
177
186
179
180
184
179
181
179
180
180
187
197
197
201
208
206
202
197
197
202
196
189
198
203
206
206
214
211
212
207
203
207
203
206
210
210
208
201
192
195
193
192
196
198
206
200
200
202
204
215
204
212
212
210
212
214
221
223
233
236
235
245
243
252
254
251
258
261
252
250
245
251
252
242
250
248
246
244
238
254
265
269
264
256
255
252
247
251
243
239
235
234
231
231
228
221
219
210
211
212
212
210
227
228
229
238
239
236
227
218
215
222
225
226
228
228
226
227
229
230
231
230
223
230
230
224
232
233
233
227
219
217
225
223
229
223
220
224
224
220
231
229
226
222
217
216
217
211
205
208
215
221
231
226
227
231
235
223
232
231
232
237
240
236
247
253
248
250
247
254
254
247
248
248
248
247
251
250
244
248
248
247
245
244
254
251
246
251
244
234
236
246
248
243
230
222
229
226
223
218
215
216
210
209
199
195
196
196
204
201
203
211
215
214
217
213
211
214
212
214
210
213
215
220
221
217
214
211
214
214
211
221
223
211
212
212
215
209
208
202
196
195
197
181
177
176
180
175
166
169
165
166
164
153
159
159
165
165
154
169
178
180
179
178
176
168
157
167
174
183
189
189
190
186
182
189
196
199
189
188
189
196
182
179
181
182
181
181
185
183
191
191
187
171
168
171
169
166
165
167
164
168
164
169
168
165
167
175
176
177
186
192
187
186
189
186
182
180
183
177
171
166
166
177
171
178
172
182
180
179
170
166
161
165
170
179
186
180
162
164
161
165
158
158
158
154
146
153
166
163
160
163
166
170
171
172
180
182
188
191
188
188
195
190
184
180
184
183
188
187
188
193
195
192
198
196
201
194
194
190
185
179
177
172
173
174
178
184
184
182
183
180
180
185
185
188
190
188
184
184
189
192
183
189
203
214
215
208
215
214
214
214
213
203
204
205
202
198
193
200
203
202
200
202
202
204
207
219
209
216
212
214
204
204
205
198
203
205
216
221
231
223
229
241
234
233
232
232
227
224
226
235
246
249
253
265
272
274
282
282
283
277
268
271
267
258
254
269
277
275
279
282
286
293
291
288
276
278
281
275
275
271
275
271
270
268
272
271
268
256
262
262
256
248
248
240
240
238
239
249
250
244
232
238
246
253
249
259
262
256
265
267
276
280
278
267
265
254
254
255
253
248
240
238
236
228
236
232
244
251
253
247
247
249
240
242
251
246
252
254
250
248
249
252
246
255
262
267
267
265
270
263
259
258
258
260
259
260
251
247
245
251
242
238
233
232
222
221
219
212
211
208
204
195
200
194
201
192
192
189
193
191
185
177
177
184
181
185
183
193
196
191
189
182
189
187
189
190
189
193
195
186
184
188
187
189
193
196
196
193
197
202
207
201
205
215
215
208
206
217
215
216
221
218
221
229
228
225
227
222
220
234
234
230
235
235
243
239
237
237
230
236
248
244
246
248
249
249
247
249
252
242
251
249
252
241
249
242
244
245
256
248
250
244
245
241
233
235
240
254
247
250
250
252
250
272
275
261
261
257
251
242
238
236
239
243
237
228
225
219
216
219
221
221
229
226
232
233
235
234
239
239
241
236
235
240
234
228
225
221
225
225
215
217
210
203
203
203
199
209
208
213
213
204
208
216
213
219
215
214
208
205
212
215
233
233
241
245
247
244
246
235
229
227
223
230
224
222
217
214
221
217
220
215
217
224
229
227
228
216
217
222
222
222
217
218
217
231
242
251
249
252
248
240
237
237
244
255
254
243
244
239
246
241
243
249
256
265
273
260
261
255
254
254
260
274
273
272
268
263
259
265
274
280
283
294
292
295
297
295
297
301
303
297
295
297
301
294
292
288
289
291
285
286
281
285
282
270
262
262
261
265
267
262
261
266
265
261
261
265
268
273
280
291
283
286
286
288
285
286
286
281
285
286
289
292
297
297
297
290
295
291
296
297
297
289
291
292
300
294
298
305
299
290
284
290
285
281
283
283
274
270
269
271
270
267
264
275
267
267
268
269
264
260
245
245
233
234
225
223
222
223
212
221
221
224
226
221
212
215
212
212
216
216
218
209
216
209
207
209
204
193
188
191
188
180
175
175
175
178
177
171
164
173
171
169
168
169
167
168
174
166
155
154
158
162
160
152
153
162
171
168
169
167
170
174
166
154
142
144
142
144
146
148
145
151
148
147
153
161
164
176
171
172
172
176
168
174
174
180
176
182
179
178
181
172
160
159
165
166
172
166
162
159
163
158
150
154
153
149
154
165
163
163
163
159
158
157
154
153
144
140
145
139
149
153
159
156
155
155
152
154
158
159
151
153
151
152
148
150
150
157
146
138
133
134
133
135
143
143
156
157
157
166
156
164
163
157
159
158
161
161
161
175
184
180
177
171
169
180
183
183
186
185
188
190
200
205
208
205
206
201
199
193
188
187
188
188
202
196
200
206
205
204
206
206
210
211
225
227
216
218
219
212
216
219
214
215
218
212
212
216
230
226
231
234
241
245
245
239
234
231
240
241
241
235
236
236
245
254
265
262
256
243
244
259
254
251
247
259
259
258
265
270
267
268
262
265
266
266
265
260
257
248
247
257
258
266
272
272
268
278
276
270
273
268
270
262
256
255
253
243
250
246
241
246
240
253
251
256
257
256
252
256
255
262
264
266
264
262
270
263
248
248
245
245
233
235
234
240
244
244
237
238
240
234
243
246
253
252
250
252
254
252
260
254
250
256
252
251
255
248
250
248
253
251
247
242
240
231
234
240
237
234
223
214
215
213
206
201
197
201
210
216
223
218
219
227
220
230
229
240
219
214
208
202
212
214
207
218
218
221
224
227
226
227
223
234
229
232
228
230
232
238
239
233
233
239
239
237
241
253
266
270
274
273
273
265
276
272
271
268
263
270
267
267
263
250
247
246
247
245
251
258
256
262
261
269
264
271
266
259
253
258
263
264
260
252
241
241
240
243
242
245
245
246
243
246
247
251
248
245
241
249
242
237
240
241
249
242
244
246
250
242
249
256
268
268
270
277
280
283
297
304
308
303
296
293
292
291
284
282
273
280
289
294
291
290
294
287
278
267
274
275
270
273
270
272
275
280
279
279
282
286
284
274
276
271
266
262
261
260
263
264
261
262
267
263
268
260
258
267
275
275
279
292
295
297
294
292
290
289
286
295
291
286
286
284
289
301
308
317
320
318
314
317
307
307
301
300
295
298
287
291
284
283
291
283
269
272
275
277
273
272
281
274
283
271
265
261
259
256
261
251
254
255
257
252
255
262
258
249
254
249
252
254
252
251
253
259
253
245
253
245
252
257
256
266
259
255
262
261
261
253
254
255
262
261
260
260
263
264
275
273
279
274
274
279
274
268
270
264
262
255
251
249
245
256
262
263
266
267
278
277
280
275
268
262
252
252
246
241
243
245
246
261
261
266
261
263
265
263
271
269
274
272
265
263
272
277
281
286
285
288
286
280
283
279
276
271
274
268
266
258
254
251
256
251
250
256
258
255
258
256
253
251
256
262
265
270
270
273
267
271
272
278
281
289
279
275
276
273
272
286
283
287
289
295
294
288
297
300
301
303
301
305
308
300
296
296
289
284
288
280
281
282
284
287
280
275
273
271
271
272
270
275
268
271
269
274
282
287
281
275
273
273
275
274
265
264
270
276
277
285
286
289
305
302
299
296
300
302
295
297
304
303
304
315
313
315
321
320
309
318
323
324
326
329
331
329
330
333
338
343
337
337
333
331
330
337
337
336
333
340
340
345
341
343
342
340
345
340
335
341
341
338
337
330
326
319
319
319
323
320
315
318
320
313
318
303
293
289
277
292
296
291
302
305
297
294
290
290
289
292
295
300
301
315
315
315
307
308
312
310
316
309
317
319
319
322
316
317
324
325
328
322
322
320
312
313
322
318
317
319
322
326
324
329
332
338
343
355
357
355
354
358
356
356
356
352
349
357
357
358
352
358
357
361
364
369
373
370
378
375
376
374
365
360
361
360
363
360
370
367
373
376
377
378
375
375
382
381
391
391
396
402
400
403
410
413
415
411
414
412
409
418
417
419
417
421
422
421
419
424
424
423
418
417
421
424
418
418
419
425
422
427
431
428
426
429
427
430
428
432
442
448
446
450
444
438
440
439
441
434
431
419
421
420
416
431
439
438
426
423
427
417
420
412
400
395
391
384
389
389
390
392
380
389
388
387
391
391
389
394
395
390
380
374
377
381
370
373
381
371
368
362
369
376
379
376
377
380
377
381
373
373
378
368
362
370
372
375
369
370
370
379
368
368
371
370
364
368
352
357
356
355
361
356
355
357
371
373
372
381
393
395
392
392
396
390
389
391
391
393
392
396
392
388
389
386
396
397
396
396
401
406
418
429
430
431
417
425
414
414
417
417
412
412
415
413
421
430
425
421
408
406
413
409
416
418
418
416
410
415
415
416
424
424
418
417
410
416
416
421
423
423
424
423
424
416
416
408
400
402
404
407
408
412
419
418
421
415
414
410
413
417
412
422
417
411
421
424
416
419
415
424
423
417
419
426
430
428
427
417
418
420
421
422
429
438
440
437
428
426
422
418
414
408
407
407
414
418
417
414
407
404
387
378
376
372
369
367
367
367
369
362
363
360
369
362
361
358
363
362
362
363
362
368
369
380
384
373
368
368
371
363
358
355
343
341
344
353
358
357
357
357
353
362
359
365
363
362
366
369
376
379
379
380
388
390
398
406
404
399
393
381
376
380
366
363
367
365
369
372
368
364
379
373
372
371
368
361
358
358
357
342
341
343
342
341
336
338
338
328
329
331
327
338
345
339
334
330
335
331
330
330
326
326
324
327
320
316
317
319
324
309
312
308
310
310
319
317
328
322
326
331
331
332
326
331
340
342
348
348
349
356
360
369
356
353
357
358
367
375
378
372
371
363
351
350
347
337
328
326
321
323
330
333
329
330
329
331
331
331
337
338
331
331
322
323
324
313
316
314
317
319
321
315
322
326
327
328
335
332
339
343
346
354
348
340
342
345
360
356
354
346
346
339
341
354
358
353
353
357
357
351
350
351
349
351
337
342
347
347
350
351
348
356
357
363
369
366
362
366
360
356
355
353
352
353
354
357
343
340
341
337
333
329
334
334
324
319
315
313
307
305
310
309
318
314
313
303
308
312
312
304
301
298
294
296
292
299
295
300
296
285
284
288
301
306
306
310
307
304
307
309
312
317
313
320
314
310
309
307
307
316
313
311
314
326
328
326
334
334
333
331
323
332
330
332
337
334
333
341
327
322
335
331
332
338
348
350
357
363
368
371
374
377
374
373
368
365
363
362
355
357
357
360
363
359
352
354
355
356
363
367
369
381
372
372
372
367
364
361
358
337
337
336
335
336
333
346
343
346
352
351
346
349
344
349
361
366
373
366
355
354
361
361
354
358
360
360
367
362
351
353
350
348
335
334
338
334
328
327
327
322
314
314
310
318
320
319
318
319
321
327
326
320
320
316
317
321
317
318
316
311
318
322
317
325
328
324
328
329
325
324
321
325
315
314
323
327
329
334
331
335
342
342
347
346
341
328
326
325
331
338
327
333
333
338
334
332
330
327
319
320
315
316
313
307
311
311
301
298
291
287
288
283
282
269
268
259
253
255
242
241
238
226
227
230
229
232
225
215
219
227
224
222
221
233
226
225
227
230
235
234
234
239
238
237
239
237
227
228
226
234
251
248
263
263
258
244
238
245
252
245
252
249
245
249
255
258
266
266
267
264
264
272
264
265
260
259
264
257
258
260
258
258
262
258
254
255
253
253
255
259
261
268
274
282
289
290
294
301
296
293
298
301
293
296
292
293
283
287
288
297
292
293
289
298
294
293
302
309
310
311
306
307
306
306
299
306
319
329
333
338
339
338
334
327
337
339
341
347
352
342
342
351
348
348
345
350
353
355
342
337
330
338
338
335
333
330
333
339
340
334
333
336
334
336
338
336
334
330
334
336
339
338
343
345
345
348
353
354
358
358
360
349
352
348
339
340
339
335
341
347
346
338
339
343
342
342
333
338
336
335
343
343
341
345
354
352
337
341
344
343
342
339
343
338
332
325
317
316
317
314
321
318
319
326
336
334
338
331
336
342
350
356
348
339
341
343
348
338
333
336
340
343
348
352
351
346
344
347
346
339
339
335
340
333
338
337
337
338
334
342
342
351
355
349
358
359
364
357
358
358
353
356
353
358
369
371
367
360
363
364
355
363
367
370
366
378
381
380
383
386
384
378
379
372
379
382
384
384
392
394
397
399
399
409
400
389
379
382
378
380
379
377
376
384
385
382
387
398
394
392
394
389
384
385
385
387
387
391
399
396
399
393
394
393
386
394
402
399
405
402
411
418
424
422
424
431
439
441
432
428
434
431
432
424
418
424
426
432
435
437
443
447
458
460
459
456
447
437
433
434
430
443
445
441
440
441
441
436
440
438
431
434
424
422
409
406
402
405
405
407
405
406
409
411
407
412
406
406
413
412
407
400
400
407
396
387
386
387
385
383
378
371
368
363
365
368
370
372
379
377
372
382
384
391
385
387
386
391
384
389
394
386
385
384
387
394
396
387
391
398
400
407
406
410
411
420
417
413
412
413
411
422
420
431
431
424
425
421
422
428
424
418
426
429
422
416
424
429
424
424
430
428
426
418
415
406
419
430
433
432
428
435
436
425
422
428
428
420
414
412
405
404
400
400
403
406
411
412
411
411
417
413
411
399
402
405
410
405
393
394
396
391
384
381
376
370
367
364
373
366
369
372
372
370
365
372
371
364
366
367
372
369
369
364
364
364
366
358
360
352
355
361
357
367
364
357
356
352
347
339
340
337
339
332
331
334
329
322
320
320
323
324
328
326
319
320
322
316
311
306
308
308
316
308
309
312
311
308
304
310
314
308
308
302
289
289
291
290
295
287
303
296
297
293
294
291
286
283
287
285
288
287
291
290
292
289
292
293
286
279
286
279
277
281
279
268
277
276
274
288
279
286
281
271
267
267
270
284
284
294
294
299
308
295
299
306
302
304
317
320
323
326
317
316
312
310
305
298
307
313
314
313
311
324
329
331
326
327
328
340
331
331
320
322
323
327
325
329
321
329
334
338
344
343
339
337
342
340
331
326
326
332
335
330
324
323
328
333
326
325
335
350
346
337
344
336
343
343
332
325
336
323
329
325
332
331
319
317
316
317
311
313
303
304
308
311
311
303
315
315
317
318
311
309
315
318
324
325
325
326
323
326
337
334
326
317
318
320
324
321
326
330
321
316
316
327
327
323
333
335
335
336
334
337
335
339
334
339
339
340
348
351
346
343
343
335
336
332
322
323
331
331
334
339
335
331
334
330
331
338
328
323
328
322
327
325
323
324
328
330
336
340
339
339
344
344
341
345
347
343
345
341
333
328
327
330
330
331
335
328
315
314
310
309
310
315
310
307
297
298
305
302
297
308
308
303
302
303
299
296
288
286
295
295
304
302
311
311
315
306
310
307
305
307
304
309
295
288
291
288
286
283
280
273
278
272
269
264
263
267
265
262
256
262
260
259
258
264
261
264
257
248
252
255
255
257
261
263
262
271
277
277
287
293
291
286
292
291
296
291
281
282
288
290
282
271
272
259
259
267
268
267
271
278
279
274
277
272
277
278
284
281
273
284
285
288
289
291
296
298
289
292
298
293
292
300
295
292
288
289
289
288
285
280
276
281
283
281
278
283
280
289
285
290
286
287
290
290
289
283
282
273
268
272
274
268
267
267
267
252
257
257
251
256
252
251
255
262
259
255
253
259
266
269
278
281
282
293
312
307
306
299
299
301
299
303
297
289
292
295
297
296
288
287
284
281
286
289
292
299
306
305
298
303
308
307
301
305
308
315
308
299
301
289
287
279
283
287
286
273
272
274
275
284
287
295
292
299
288
283
274
273
275
271
271
281
285
282
283
288
286
285
281
274
273
275
272
280
275
278
286
291
287
287
287
291
292
297
297
293
299
313
311
319
323
321
320
322
312
315
320
324
328
331
339
338
336
344
340
336
328
326
325
324
330
330
327
320
319
315
306
306
303
311
316
323
323
321
315
312
302
305
312
305
302
308
314
327
332
326
314
318
324
324
331
330
328
330
339
341
342
341
340
341
343
337
333
343
346
344
338
336
333
330
334
340
343
334
336
344
336
336
326
318
314
318
325
331
329
329
324
329
336
337
340
330
335
335
337
342
356
351
340
335
336
331
325
330
336
338
342
350
347
350
352
353
352
354
360
365
356
358
357
355
357
354
358
353
346
337
335
339
330
326
324
319
328
326
325
329
334
342
341
346
350
349
342
337
337
334
330
331
328
324
321
315
316
318
325
327
324
316
309
312
316
316
323
329
325
330
332
336
332
336
336
337
345
345
352
366
373
376
373
371
367
368
371
369
370
370
362
359
355
362
364
368
368
360
358
367
354
356
351
352
352
357
366
368
362
361
355
357
356
368
364
361
370
365
373
366
368
386
382
391
386
393
393
393
396
384
381
386
387
393
393
396
392
399
396
399
403
395
396
400
405
406
407
400
396
398
392
390
393
384
384
377
378
377
370
384
385
387
390
389
401
398
401
408
414
404
407
404
416
414
427
426
423
429
435
444
446
453
459
461
468
466
472
467
467
470
473
464
464
453
459
461
453
456
456
459
462
474
464
469
469
459
464
468
476
473
466
464
467
473
473
461
456
453
447
447
456
463
462
463
471
485
491
496
497
499
500
495
502
498
497
504
504
515
520
522
521
535
537
532
536
539
531
523
527
521
519
520
515
520
523
525
530
529
530
536
531
536
533
536
551
553
548
546
543
547
553
554
547
540
539
545
548
554
554
557
559
561
568
568
569
576
576
583
587
583
587
600
592
598
608
608
614
622
618
621
616
617
609
605
613
615
612
619
629
636
631
623
620
613
615
623
603
607
613
616
613
614
608
607
603
597
599
604
598
599
603
609
607
608
602
598
599
604
612
612
626
629
622
622
622
618
622
619
628
622
626
628
626
625
626
623
620
611
613
614
622
621
616
616
615
617
620
621
624
619
616
614
615
622
622
624
626
626
625
626
623
622
624
616
618
621
628
631
627
624
625
614
619
624
631
636
638
634
633
638
634
638
643
636
634
633
629
620
624
625
623
623
622
618
611
617
625
629
622
609
602
611
609
608
604
601
609
610
610
602
606
601
599
598
588
582
579
579
582
590
604
603
606
609
606
615
621
616
606
606
605
606
612
599
595
595
606
612
614
609
606
612
616
611
613
622
626
629
631
621
626
617
613
613
611
616
620
620
617
617
613
604
608
611
606
614
623
620
620
612
619
625
622
620
619
622
631
631
627
622
617
621
623
626
627
626
624
630
631
633
619
627
633
634
636
629
632
629
636
636
628
626
636
634
628
618
615
614
610
607
604
602
602
603
601
605
601
595
593
586
581
582
588
593
596
596
593
605
606
599
603
602
603
597
591
600
602
606
606
605
598
590
590
587
580
577
587
581
576
575
579
581
576
581
582
579
585
588
592
598
602
608
610
605
602
598
604
598
599
589
599
609
613
613
610
617
615
618
612
614
610
607
603
598
589
590
595
600
604
596
595
605
608
611
608
609
622
623
619
614
616
622
617
613
619
612
616
612
609
607
607
605
610
617
621
626
628
623
622
614
606
602
600
609
614
616
619
620
617
617
606
611
608
605
619
611
612
615
613
613
619
611
608
605
603
602
605
602
602
601
601
600
599
598
593
590
589
583
578
584
591
591
593
599
601
602
608
610
611
602
598
600
603
610
613
610
607
604
597
591
578
587
589
591
587
584
585
594
594
593
599
590
586
580
569
569
571
566
572
573
560
563
564
558
551
549
558
558
554
564
554
558
559
558
561
562
561
560
556
557
562
557
562
555
555
543
542
551
546
552
555
559
563
562
568
560
558
559
555
561
559
555
548
543
544
547
547
552
555
557
557
562
566
561
554
551
551
551
554
553
550
554
547
549
546
544
543
548
561
553
554
539
540
543
542
547
559
561
567
567
569
571
571
574
568
569
570
572
571
566
560
555
552
545
535
533
533
529
528
530
536
540
540
546
555
553
547
543
546
542
545
540
533
528
527
529
523
524
524
527
523
526
528
530
531
527
528
531
531
533
532
539
543
551
557
550
552
552
544
546
548
559
557
555
555
545
547
551
547
548
552
554
554
547
552
547
548
547
549
546
544
532
532
534
531
539
543
539
536
545
548
549
548
546
549
554
553
557
561
560
552
556
567
560
559
564
564
560
559
555
555
549
542
537
537
530
523
521
527
535
535
521
531
534
542
548
561
558
553
553
553
562
561
553
565
563
574
568
565
563
551
552
552
547
537
543
541
542
552
558
554
557
562
560
551
554
555
551
549
561
563
562
557
562
560
568
568
566
571
573
562
564
570
575
571
569
568
567
560
562
572
567
568
571
571
575
590
585
592
589
596
588
594
593
589
585
594
595
599
605
604
591
590
590
590
582
584
581
580
590
586
591
592
594
596
594
602
598
589
599
600
600
589
595
600
597
593
595
588
591
599
604
603
600
598
600
603
601
603
610
610
614
617
609
606
605
603
602
596
604
613
612
608
613
602
594
593
602
597
586
585
585
584
584
583
592
603
602
612
618
610
599
595
590
587
582
589
597
593
593
590
596
596
595
592
598
602
602
610
606
608
601
593
590
590
591
578
585
589
596
609
615
616
611
609
607
606
598
590
585
579
570
573
572
581
589
584
588
582
587
591
588
584
586
587
599
604
601
602
606
603
605
607
609
622
619
628
629
621
622
624
620
607
610
606
607
612
617
628
629
627
618
618
624
622
613
613
613
612
608
610
603
600
610
612
624
622
626
623
630
633
643
649
652
654
656
667
664
681
680
679
675
676
679
685
687
687
689
690
694
691
691
697
700
688
685
684
690
683
682
688
691
692
698
691
692
692
693
689
691
698
700
702
703
700
704
693
691
690
693
682
677
673
670
671
670
665
660
654
660
649
656
653
652
657
659
660
667
677
682
678
676
676
683
686
690
697
696
704
706
705
707
714
716
718
723
714
716
711
703
715
724
723
723
724
730
744
746
747
741
741
751
763
764
758
766
762
758
771
768
772
759
752
757
757
759
757
764
753
748
755
759
771
764
767
764
760
750
754
745
744
744
735
733
727
726
726
719
718
724
722
721
720
719
722
713
714
727
724
729
730
734
741
738
731
737
739
736
740
740
740
742
735
726
725
732
739
743
739
741
730
725
735
735
740
738
734
734
733
729
733
723
726
724
723
734
731
732
732
735
740
744
743
745
751
747
745
741
742
747
742
735
737
729
732
726
720
719
715
715
718
715
718
721
720
728
732
719
707
704
703
701
707
704
698
694
692
699
691
707
703
695
697
693
691
692
701
699
699
700
701
705
709
713
721
723
721
716
714
713
715
708
703
702
694
694
695
695
693
690
694
705
702
703
699
704
708
707
705
698
706
697
693
688
679
675
668
673
667
660
652
655
658
660
652
648
648
653
639
634
640
638
648
643
646
639
643
644
654
661
668
676
677
678
685
675
671
673
668
653
655
656
668
664
670
673
668
673
677
669
677
685
685
685
687
686
682
683
683
680
678
679
680
672
665
656
654
660
668
674
675
679
670
668
667
677
680
688
683
684
696
686
692
692
693
699
702
706
705
704
708
702
698
703
697
697
699
698
691
694
701
708
707
713
720
707
716
713
705
705
704
708
706
706
708
699
705
700
707
702
702
709
707
703
703
704
706
702
701
698
703
707
705
696
708
703
701
701
700
704
700
706
701
701
695
693
701
701
701
702
701
698
698
704
705
706
704
703
711
710
711
708
709
699
698
703
690
694
689
696
695
698
694
688
695
699
697
707
712
721
726
720
725
732
736
734
731
734
740
744
737
741
743
731
727
731
732
740
737
745
746
741
743
751
755
751
751
755
749
749
757
753
753
750
756
753
750
750
745
745
745
735
742
745
740
742
751
751
750
755
750
754
760
762
770
765
772
780
770
771
760
763
771
764
763
770
774
763
775
772
776
775
774
768
765
755
764
763
767
775
769
764
772
776
779
781
769
764
765
765
766
765
760
759
757
755
755
754
756
761
750
754
760
759
752
754
746
745
746
748
749
756
761
755
765
764
763
766
768
760
757
761
763
765
764
760
768
772
777
772
770
768
769
779
775
777
771
764
763
761
762
759
753
745
751
741
739
732
729
728
726
724
732
731
732
736
737
741
738
731
733
741
740
740
734
731
738
743
744
749
749
741
743
730
730
726
731
735
736
737
722
713
719
719
717
726
726
728
731
730
731
735
741
733
729
735
730
741
748
752
755
756
754
746
739
747
744
753
762
764
763
761
770
772
769
773
773
772
777
781
799
789
771
784
788
786
788
789
797
794
801
803
801
804
798
796
792
789
783
786
783
789
789
789
784
797
798
797
804
795
790
790
796
798
797
799
804
808
807
810
806
809
808
813
808
809
810
805
803
799
803
804
804
798
797
805
811
804
795
799
795
795
801
791
780
768
765
769
763
768
762
763
759
755
753
746
742
745
742
743
741
732
725
725
723
716
707
709
702
704
707
709
715
707
693
680
683
687
683
677
677
670
672
671
671
670
665
663
672
671
670
666
668
664
660
657
667
670
671
672
669
664
665
668
667
679
688
685
681
672
669
674
671
672
666
677
675
671
671
671
670
669
668
670
669
664
668
662
667
658
665
670
672
680
675
672
681
674
672
668
672
675
678
673
673
676
672
667
672
670
670
671
670
671
667
677
679
682
686
686
678
671
663
664
670
671
674
673
672
677
670
661
665
652
664
659
655
653
648
650
655
645
645
642
647
651
656
657
663
660
658
659
662
667
659
657
655
659
671
672
670
667
661
657
651
644
642
639
633
639
637
648
643
646
645
639
629
625
629
625
624
619
621
624
625
629
632
630
623
624
636
627
623
614
607
616
614
616
612
613
615
618
617
617
620
619
625
628
618
618
615
611
610
607
604
602
605
602
583
578
573
575
576
584
583
583
587
580
574
583
575
584
583
582
581
573
570
574
577
573
570
565
558
557
558
564
564
557
562
573
580
574
582
586
583
577
587
588
590
586
593
591
594
597
604
595
592
593
588
586
582
589
585
571
570
566
567
577
584
586
587
591
593
596
598
590
592
588
588
587
580
577
575
576
579
591
595
581
581
580
584
586
589
588
580
581
584
588
582
579
587
586
586
593
596
590
592
587
587
575
580
580
581
577
570
562
557
563
556
558
562
577
584
581
579
588
580
578
578
577
569
571
575
578
581
586
597
592
592
586
586
582
602
591
592
598
596
592
593
590
589
593
602
600
596
587
589
592
598
601
605
602
603
603
598
608
607
601
603
603
610
611
614
612
612
610
609
610
610
620
628
638
647
647
653
661
662
665
662
659
650
647
653
652
652
656
657
650
651
654
653
650
660
657
660
665
665
675
662
657
657
657
660
664
655
652
638
636
627
631
618
616
618
618
620
623
632
635
637
637
638
646
641
642
651
656
647
649
652
655
653
659
663
665
657
666
663
654
653
661
658
662
665
660
662
666
665
658
656
657
655
664
661
653
655
649
649
645
645
642
636
629
625
629
627
629
623
621
631
629
625
624
623
631
631
630
632
631
629
628
632
642
637
637
631
633
625
620
625
623
622
625
633
636
643
644
638
646
647
650
650
651
651
646
637
637
631
631
624
635
634
625
629
622
619
617
616
606
599
599
598
595
587
589
594
596
597
592
594
592
589
594
602
600
603
611
603
605
599
597
607
607
605
603
606
607
611
616
624
622
621
631
631
638
631
628
621
627
629
629
620
614
614
609
616
611
603
604
604
596
602
599
597
596
601
608
612
619
623
624
627
633
629
624
619
619
620
612
608
607
607
606
602
596
594
600
599
593
600
605
596
596
599
594
585
584
588
578
575
576
571
567
567
553
554
556
561
571
566
571
567
567
564
566
562
570
565
566
558
561
559
564
563
561
563
569
565
557
562
561
566
567
567
559
551
546
550
561
568
571
576
590
590
589
583
579
587
593
590
590
583
582
583
579
576
587
580
579
582
580
578
578
582
581
577
572
562
560
556
555
544
543
547
552
546
549
546
546
537
539
542
539
547
549
540
542
548
547
548
548
553
565
559
561
552
550
559
562
560
552
552
556
560
560
571
561
556
548
544
535
543
546
544
555
553
555
558
552
554
550
555
543
543
540
541
543
538
541
544
535
533
528
528
527
524
516
524
525
518
520
525
521
522
523
521
521
520
522
515
525
537
534
539
538
543
538
538
536
539
539
545
551
551
543
546
553
556
558
547
543
548
548
544
546
557
554
556
568
561
566
572
571
576
579
568
567
567
573
577
569
557
553
557
559
572
563
564
573
569
566
569
564
550
548
556
556
551
552
559
549
549
542
544
541
552
557
556
552
560
562
551
551
550
555
552
551
542
555
549
547
544
538
535
532
526
533
535
533
537
541
540
541
539
530
535
536
529
526
518
520
516
521
511
513
519
517
523
521
520
524
523
518
522
519
516
508
508
509
494
489
494
493
488
489
482
488
495
493
481
474
478
483
480
484
478
477
470
458
452
446
441
447
443
440
444
438
438
437
431
431
438
437
442
445
450
457
455
458
462
479
481
489
485
485
479
485
488
483
476
481
481
490
481
481
477
469
463
471
468
468
471
474
469
465
463
467
461
460
463
455
464
464
463
466
456
456
454
455
444
439
431
422
422
427
441
438
432
421
417
410
405
406
407
412
411
415
415
416
423
423
431
425
419
414
420
414
417
422
421
428
427
426
438
440
445
445
446
460
471
479
478
487
494
493
479
481
486
481
483
483
480
478
483
480
478
471
474
477
481
474
475
487
493
506
501
503
504
494
498
497
503
503
501
503
507
503
511
508
512
519
524
535
537
536
540
541
541
546
543
537
533
523
522
524
526
542
531
537
531
528
526
528
541
548
538
524
521
525
528
530
535
541
541
536
534
529
528
527
538
536
537
545
545
538
530
529
531
530
526
523
534
540
550
548
539
543
549
547
542
541
534
529
533
539
545
541
542
540
542
540
538
537
539
544
552
551
545
539
546
544
549
547
543
541
539
550
544
536
532
525
525
525
526
521
526
517
515
504
504
506
507
505
497
495
501
494
493
494
488
478
478
483
485
494
496
494
489
484
484
480
472
466
462
461
459
457
466
462
472
475
467
471
482
483
475
476
475
476
476
480
473
469
466
472
469
467
461
455
448
445
446
450
449
446
454
459
458
458
458
458
448
439
440
429
421
416
414
416
418
419
417
411
417
414
415
413
408
408
406
411
407
404
400
405
412
403
416
419
420
413
418
420
422
421
421
420
414
421
418
414
409
412
406
413
416
420
410
420
431
435
430
439
444
445
445
443
453
463
463
464
467
456
457
453
454
450
454
451
446
444
443
433
432
440
441
434
433
430
436
448
448
443
451
461
461
457
461
471
468
467
470
466
460
460
467
465
462
456
460
463
463
462
459
466
464
464
466
463
461
456
456
462
464
459
463
466
467
462
455
446
450
447
446
447
452
453
452
446
449
453
464
467
468
463
459
448
457
449
446
443
451
455
446
452
450
452
455
455
449
443
441
439
450
455
458
467
460
467
464
463
472
480
474
469
466
461
463
460
462
463
464
469
479
479
486
490
492
494
493
481
484
481
481
482
492
495
509
517
511
514
515
515
508
506
509
508
509
516
518
520
526
520
515
515
515
510
514
517
523
528
529
527
528
531
531
528
536
544
544
537
541
545
540
542
550
543
542
542
555
550
546
544
542
541
534
540
544
541
538
539
537
536
545
539
544
541
535
532
529
524
526
529
533
530
530
533
536
529
533
532
528
520
523
517
521
518
514
518
523
522
513
507
500
504
508
508
514
515
517
522
516
523
526
522
532
532
526
527
534
532
519
511
506
500
501
503
510
513
516
514
506
509
507
516
511
508
514
513
517
520
523
528
529
523
519
518
522
521
522
533
528
536
534
537
538
537
548
553
543
536
542
544
540
544
543
545
554
553
549
546
546
547
546
541
542
542
540
547
546
542
546
541
547
559
561
559
551
547
546
539
539
528
536
538
544
542
536
536
538
534
536
542
550
555
542
542
543
551
546
549
550
559
565
554
551
541
542
530
531
523
520
524
519
520
519
525
525
516
511
514
513
516
521
521
518
522
519
515
524
528
530
534
523
529
534
527
533
534
532
536
524
518
514
528
531
528
523
529
530
524
528
523
515
534
535
541
547
551
553
547
544
546
546
547
552
550
554
544
553
554
556
557
552
548
552
544
551
544
540
539
538
544
537
533
527
534
527
533
542
542
543
547
544
546
539
535
527
525
521
523
527
530
533
535
537
544
548
552
555
560
561
564
562
560
562
561
559
557
567
570
583
589
591
592
588
588
594
595
595
593
601
595
594
600
606
597
597
590
589
586
586
581
574
578
567
561
559
551
539
534
533
520
512
497
501
496
491
502
508
507
507
508
505
504
507
512
517
517
516
509
502
500
499
497
498
501
498
496
489
491
487
483
476
467
461
452
454
452
455
443
444
438
434
439
429
430
430
431
430
426
423
431
433
437
448
448
446
447
443
439
443
444
436
423
428
429
434
436
448
441
436
449
457
460
464
469
463
451
447
452
446
441
443
446
441
436
440
450
452
456
459
458
453
459
453
460
456
456
447
438
434
429
433
432
422
421
422
412
410
415
408
408
408
407
410
402
393
388
393
398
395
397
401
400
393
401
401
401
393
385
386
396
393
396
408
408
406
406
406
406
415
411
416
415
414
403
405
392
389
380
383
390
399
405
401
405
404
408
393
397
406
414
423
419
423
414
410
414
408
403
403
403
400
407
404
407
411
407
411
419
409
408
404
399
394
387
395
397
400
409
408
405
409
412
412
407
426
430
427
433
435
447
437
436
438
431
418
416
410
420
430
432
432
436
432
425
429
426
421
422
412
417
415
415
409
401
392
387
378
383
383
380
386
386
391
391
389
384
385
393
382
385
392
395
388
384
378
391
395
392
387
391
391
390
386
388
389
390
392
398
397
405
405
401
394
399
402
404
403
405
393
393
390
396
397
399
401
408
414
416
418
417
417
422
426
414
417
421
422
429
442
442
445
439
444
447
445
447
442
441
434
435
444
451
452
454
466
460
460
460
459
452
455
450
448
452
446
448
444
446
441
450
456
451
445
450
445
440
443
450
456
443
437
430
442
443
443
435
449
455
452
456
452
449
449
448
446
448
450
442
447
448
451
454
464
464
474
479
481
479
476
481
481
483
497
500
504
501
502
502
505
505
517
517
525
520
517
516
511
515
522
523
523
519
527
525
516
512
517
516
512
504
507
507
506
503
506
509
509
516
516
506
503
503
514
519
510
516
511
513
508
518
519
518
525
528
521
516
520
531
518
521
516
518
523
529
534
538
533
538
539
542
540
555
557
564
567
572
570
574
581
586
578
573
581
583
578
567
566
564
553
558
560
557
556
551
547
553
546
546
550
547
550
545
548
547
551
557
559
549
552
551
542
536
535
542
552
563
563
564
578
586
581
573
571
577
569
577
581
579
583
584
582
581
577
583
587
596
585
580
576
575
563
566
571
573
579
577
576
580
590
589
590
586
580
586
591
586
583
586
596
595
604
596
598
591
596
587
584
586
582
592
597
592
593
594
588
586
595
600
611
611
605
604
607
604
596
595
593
597
587
588
583
578
578
579
573
571
571
573
562
562
560
561
549
547
543
546
544
539
538
538
542
545
539
534
532
532
527
520
535
546
540
535
534
537
535
536
534
532
526
528
526
529
526
526
532
538
534
541
536
539
546
549
545
540
534
537
535
537
539
551
557
556
564
564
572
576
585
577
570
576
581
575
582
581
574
570
574
566
558
546
544
552
549
547
546
545
554
547
547
553
547
554
561
558
572
574
584
579
569
574
577
574
569
566
561
563
552
554
552
547
538
543
542
538
543
550
549
545
546
548
544
543
536
536
538
542
545
544
542
543
542
547
542
534
541
545
537
536
534
534
532
537
530
530
537
537
542
549
545
544
539
533
535
529
517
507
506
502
494
495
489
488
498
487
487
480
479
479
476
482
480
478
473
466
463
453
448
456
462
462
466
469
467
459
456
458
458
455
457
455
450
449
451
454
459
471
473
476
476
476
475
469
467
470
473
470
466
478
478
474
466
467
456
442
448
445
445
444
456
454
461
470
472
468
467
460
454
449
445
453
451
447
453
446
442
447
448
444
438
436
432
434
432
433
435
428
423
415
419
419
418
425
423
433
439
427
417
418
417
407
405
404
415
423
425
418
420
421
422
428
435
440
439
440
439
443
441
447
443
445
438
444
453
454
460
459
452
452
455
451
448
447
449
440
439
441
434
429
421
421
425
427
433
433
437
438
439
439
432
440
435
434
435
436
436
429
420
416
419
424
417
431
426
426
426
420
427
420
415
412
416
412
418
417
406
407
411
411
416
410
418
417
412
413
412
416
416
418
421
425
424
426
425
422
431
434
432
435
442
447
454
463
460
461
457
458
452
451
451
453
452
446
445
447
449
441
439
437
446
447
456
449
445
440
439
438
440
445
446
444
442
446
441
436
432
430
424
424
423
412
406
405
402
398
408
414
407
411
413
408
399
395
392
400
403
399
399
397
394
400
409
409
407
410
403
409
415
418
410
409
413
417
421
423
423
420
421
420
415
413
414
426
426
422
414
416
420
418
422
424
421
424
425
430
428
421
427
428
425
421
419
416
409
406
405
411
407
407
403
406
408
408
411
417
412
412
415
417
420
419
419
424
423
417
422
421
425
429
437
440
440
434
437
433
439
442
445
443
441
433
427
429
428
428
429
437
432
439
428
433
430
430
434
429
434
441
436
435
434
435
435
437
444
438
435
429
422
415
410
406
407
400
398
395
395
391
391
387
377
380
378
373
379
386
393
394
390
399
400
396
393
400
405
401
409
403
399
411
416
418
418
415
420
428
427
422
420
422
422
423
410
400
404
407
403
401
398
401
405
410
403
400
403
411
420
431
424
427
430
429
421
424
417
408
396
390
396
390
391
391
389
389
398
386
380
377
382
372
373
370
369
378
381
375
382
379
378
376
381
379
377
380
376
372
378
376
373
374
370
378
380
371
366
360
358
359
362
368
371
366
367
365
374
374
371
366
362
357
360
366
369
377
380
383
383
381
385
384
384
387
396
386
386
387
372
378
374
367
365
353
346
346
336
342
341
337
328
319
319
316
313
315
314
326
333
324
328
334
332
333
329
324
328
330
325
324
318
320
314
309
311
322
332
331
324
329
327
321
328
324
324
329
336
333
331
330
326
317
314
322
331
320
317
318
317
313
303
312
320
318
318
320
309
300
305
305
307
306
309
301
300
298
291
292
294
291
298
294
296
293
291
291
292
291
293
300
296
297
299
300
300
302
302
304
297
291
291
293
292
284
275
280
290
288
286
293
292
295
298
293
299
306
307
312
314
312
315
322
319
318
317
317
324
329
333
340
343
337
331
328
328
330
331
336
330
323
325
322
321
322
327
330
331
333
331
325
331
342
346
353
367
370
367
373
375
375
390
384
394
392
391
390
389
398
405
408
415
404
412
409
408
401
397
393
399
403
404
405
409
404
410
405
410
398
408
402
401
400
400
400
390
393
394
402
404
409
403
404
413
413
409
411
417
415
412
408
397
403
404
396
388
391
397
398
395
404
400
402
404
403
406
402
403
413
413
411
419
410
407
407
406
409
400
403
402
411
410
402
395
406
410
395
388
401
410
404
399
394
397
397
402
408
410
409
416
407
402
398
401
401
398
397
391
400
400
414
424
418
413
415
401
392
393
388
378
379
371
366
371
371
383
380
377
374
364
367
373
375
378
370
361
362
357
357
358
352
360
361
367
370
374
364
366
365
355
366
367
367
371
376
379
386
380
379
380
390
390
384
384
382
389
382
388
392
404
403
405
407
413
410
416
415
408
406
400
395
389
397
395
393
385
382
380
378
368
377
371
369
366
371
364
370
366
359
354
362
356
353
347
342
339
333
323
316
315
321
321
323
322
322
325
321
318
321
321
336
334
330
332
332
334
334
337
339
336
340
327
328
325
326
321
312
315
323
327
324
311
310
318
315
311
303
306
307
308
306
301
306
315
306
296
297
293
295
289
291
287
285
285
288
288
283
281
289
293
295
298
302
297
310
311
310
309
311
314
319
327
330
329
324
329
329
332
330
321
331
320
323
326
334
339
332
327
330
328
319
313
315
314
328
328
334
339
343
341
339
337
343
344
349
350
339
336
348
352
359
354
346
347
338
341
338
333
328
333
331
333
335
328
328
328
327
326
315
322
324
333
341
341
339
341
349
352
355
365
386
385
384
386
387
394
398
394
390
384
385
395
401
410
409
408
403
402
401
393
389
386
378
380
368
369
381
377
378
379
383
397
403
406
414
418
417
412
409
414
416
419
408
410
415
410
411
415
419
414
412
405
410
414
413
408
403
407
403
406
409
412
420
424
423
415
425
428
426
417
418
422
430
442
434
443
441
453
450
448
455
459
456
448
448
447
440
451
446
441
434
442
449
444
452
450
453
460
461
464
472
473
477
469
466
469
478
482
480
479
482
481
476
480
487
482
483
489
484
489
479
478
478
472
476
479
480
484
480
481
490
499
492
497
500
503
493
501
508
509
505
505
503
504
503
503
496
488
488
487
487
483
486
488
496
495
494
495
497
497
499
493
504
509
510
504
499
502
497
490
482
487
478
489
497
501
498
492
484
487
485
478
477
480
479
489
500
503
510
517
522
511
517
524
525
525
531
524
521
525
534
520
527
528
533
542
545
551
547
544
562
561
561
554
559
566
570
576
568
567
556
561
551
547
555
568
569
570
564
574
580
581
579
580
590
591
598
603
612
612
617
618
623
621
622
621
621
624
625
616
618
610
615
606
598
596
593
590
591
598
608
600
598
602
601
605
607
601
613
619
617
618
623
625
630
620
631
628
629
634
637
639
643
638
652
656
646
639
638
643
645
647
643
648
652
650
649
646
650
650
663
669
664
670
673
674
672
669
676
684
681
685
678
678
684
689
690
690
689
690
700
696
686
692
693
694
693
692
690
695
698
688
690
700
698
706
701
696
687
693
690
692
696
700
700
697
691
688
692
697
704
698
701
700
702
704
703
699
704
699
699
698
700
702
709
700
697
692
691
694
704
705
706
720
724
728
728
720
713
712
709
717
721
715
707
704
708
718
706
705
706
699
705
696
698
697
705
707
695
694
689
692
691
686
687
683
688
689
687
682
691
694
687
682
684
685
695
700
703
695
703
715
718
728
720
722
723
729
727
723
731
724
723
714
702
707
715
710
713
706
717
717
714
724
727
743
730
725
722
725
722
715
719
719
723
718
723
729
736
740
741
739
743
738
726
729
717
712
717
711
709
715
716
716
725
722
720
729
728
732
730
731
731
722
724
715
715
709
708
708
715
718
718
710
718
719
720
718
722
723
724
722
724
719
722
728
726
717
719
721
728
727
721
725
727
735
738
737
741
743
742
738
726
735
734
736
743
752
760
766
768
767
754
746
743
742
740
735
729
724
718
709
712
712
717
714
717
717
725
729
723
721
715
726
726
726
729
730
722
726
731
730
736
731
720
723
730
727
732
728
721
725
708
706
719
716
718
715
708
716
718
726
728
722
718
725
723
727
727
718
716
728
739
743
747
747
745
752
749
745
737
738
730
729
736
728
731
722
726
732
724
733
738
735
728
729
734
734
731
741
740
740
738
734
736
732
728
725
723
719
726
719
710
712
716
713
713
717
717
714
705
706
710
718
701
690
684
679
680
674
674
679
674
668
668
669
668
669
667
682
682
685
684
687
680
681
683
682
682
687
684
672
684
687
681
677
683
685
701
699
694
700
698
688
681
684
685
672
674
682
679
681
684
686
687
690
691
693
692
687
685
689
690
687
691
681
676
677
671
676
673
673
665
665
655
650
660
649
644
645
648
644
638
640
647
647
642
641
641
637
641
636
642
628
627
617
612
603
604
608
610
602
599
595
589
591
590
582
573
576
569
576
573
570
570
565
565
561
562
566
570
562
562
557
559
562
563
570
558
552
560
556
568
570
571
568
570
572
574
559
549
556
565
569
559
568
572
576
574
573
575
571
569
568
569
571
573
564
569
568
565
565
561
565
578
574
575
573
579
574
573
567
561
557
555
559
557
554
557
555
545
545
548
545
536
547
552
553
557
558
554
557
551
544
534
540
536
534
542
539
533
531
529
528
521
523
520
526
523
525
528
532
520
516
519
519
516
525
522
533
525
524
528
526
525
521
513
512
510
509
522
530
520
516
520
520
513
514
503
505
510
511
510
502
507
505
503
495
500
511
504
503
510
515
513
510
517
509
508
514
505
507
504
510
516
529
534
536
529
535
524
529
534
532
533
533
522
523
522
522
528
527
519
530
526
532
532
529
534
531
536
538
538
540
542
545
539
546
544
553
549
551
557
554
556
564
563
560
567
565
563
563
559
561
560
557
547
538
546
548
550
554
548
548
543
533
537
529
531
533
536
541
535
528
531
535
542
538
545
545
546
554
562
565
560
557
559
556
558
559
570
581
575
576
564
562
560
570
571
577
574
577
573
570
564
568
573
578
571
570
569
566
563
573
577
578
578
569
566
570
560
563
564
558
559
567
570
564
566
561
566
569
561
554
550
550
547
546
549
545
534
539
542
543
550
544
544
548
542
555
554
555
556
557
565
560
555
554
557
560
560
560
553
550
542
540
544
545
536
545
543
551
554
556
542
541
548
542
542
539
530
533
540
540
542
548
552
553
546
546
550
543
537
540
549
552
549
544
537
542
542
541
536
541
548
539
544
541
541
535
533
530
528
519
529
533
531
537
539
537
530
535
538
539
537
538
543
546
538
539
542
541
543
544
546
529
529
534
528
523
525
526
521
520
520
529
524
520
527
520
515
512
508
515
512
515
521
533
530
524
526
526
534
534
530
526
534
537
533
527
529
533
527
530
538
531
539
547
552
551
545
557
553
543
543
537
534
534
530
528
524
516
510
507
502
497
485
491
495
497
504
500
491
478
477
478
479
472
478
485
485
491
487
492
496
491
495
495
499
504
498
497
495
492
491
486
488
482
484
484
484
482
481
484
481
471
465
465
469
469
469
472
473
474
471
466
471
462
466
457
461
454
456
462
471
475
479
479
481
482
481
479
476
480
478
480
487
500
494
497
493
493
494
490
493
487
486
489
486
487
486
490
485
492
492
489
486
491
500
499
498
496
498
496
499
496
496
494
492
490
497
501
516
501
503
514
507
508
510
506
516
509
508
506
502
506
511
505
511
509
516
506
500
510
510
507
504
510
518
518
516
514
522
518
525
526
521
530
534
531
531
525
530
538
537
538
529
530
542
537
536
543
544
557
569
564
558
554
549
541
538
537
530
530
524
522
516
511
511
506
507
509
515
518
518
520
513
519
521
525
526
535
527
527
536
535
536
533
530
524
525
525
523
521
526
528
531
524
533
533
540
544
536
544
551
552
556
565
561
563
564
552
546
547
544
540
533
535
542
541
550
552
552
548
547
542
540
545
538
542
540
543
537
539
539
538
534
536
532
529
525
529
526
525
523
527
526
520
523
517
515
521
516
512
507
503
497
499
509
505
499
505
509
520
515
520
520
519
513
507
507
507
515
514
514
515
510
502
493
481
486
476
478
478
477
481
484
490
480
483
475
473
479
488
493
496
496
495
497
495
499
497
496
499
509
505
510
510
507
509
513
508
498
498
504
508
509
502
503
515
511
513
518
512
513
516
513
523
520
521
528
530
537
536
539
535
525
528
529
529
532
537
544
538
525
524
517
518
514
524
524
532
529
532
536
538
543
550
545
546
546
540
546
552
558
564
569
567
558
566
553
555
555
559
555
560
565
569
573
567
566
564
558
568
562
559
558
554
565
570
570
565
568
574
570
578
577
579
579
576
572
580
586
583
594
583
589
589
594
591
595
592
591
574
575
583
581
590
587
589
588
592
592
593
590
585
585
596
596
596
591
594
600
593
604
612
611
612
613
612
602
602
595
605
601
599
599
599
597
603
602
605
603
609
616
621
620
623
627
637
634
635
637
649
653
653
656
657
650
650
651
649
640
638
633
621
622
616
616
615
628
637
638
629
641
640
641
654
652
645
647
638
640
646
649
652
657
653
660
656
648
637
639
637
638
647
646
652
648
653
661
658
656
657
654
653
650
646
643
647
644
650
650
655
654
656
658
660
664
673
665
664
666
666
664
668
667
664
661
660
664
662
654
655
654
654
648
643
639
652
650
654
657
648
655
651
654
652
649
651
652
656
658
654
646
643
640
638
629
632
635
628
630
631
629
628
629
635
638
644
638
637
636
637
638
640
637
632
637
635
631
629
631
625
636
635
639
638
636
642
641
636
637
642
645
635
634
631
630
632
632
635
630
630
633
625
630
629
626
621
620
615
625
624
620
612
613
605
599
592
587
589
579
581
573
572
565
574
574
581
578
581
585
577
578
573
579
573
574
582
582
590
587
593
599
594
599
592
593
591
592
599
594
591
596
595
596
590
581
586
592
592
595
589
587
585
584
584
582
584
573
573
565
565
563
558
556
555
563
556
562
555
566
567
582
583
566
557
558
557
548
550
535
542
545
540
541
538
537
541
547
535
536
539
537
530
529
533
527
531
527
522
533
544
543
537
541
543
546
536
535
534
531
529
530
528
530
528
526
532
532
532
534
535
537
534
539
549
552
554
554
555
556
563
567
560
559
570
557
560
569
572
586
581
577
576
580
576
568
566
571
579
581
587
583
578
581
575
580
575
580
590
596
590
605
600
588
590
596
593
574
581
589
573
569
568
569
569
560
563
568
564
567
566
570
573
578
585
584
589
579
580
578
575
581
585
580
591
593
595
597
603
610
612
609
613
610
612
615
612
614
616
611
615
612
611
606
608
612
620
619
621
629
629
641
645
640
639
633
647
645
639
642
638
647
655
660
652
653
653
653
653
658
651
650
643
640
635
629
628
617
627
628
626
623
618
612
612
610
608
605
605
607
611
614
613
596
600
596
587
587
591
595
600
614
612
618
613
612
611
617
616
635
633
630
624
619
614
621
633
636
638
642
639
638
639
632
634
642
647
650
649
647
645
650
645
645
644
649
650
654
659
661
669
662
665
662
659
660
660
657
659
661
657
648
643
652
655
651
655
657
658
658
663
669
671
669
675
680
681
684
690
684
688
682
683
678
681
683
690
687
683
687
685
687
679
677
683
677
670
669
671
668
667
672
668
665
669
660
655
649
639
636
628
632
630
631
635
637
637
638
641
643
643
650
638
631
634
635
629
633
634
623
623
624
624
622
629
627
618
614
618
614
607
607
608
612
615
620
621
615
621
623
615
620
617
619
622
626
623
626
621
627
622
629
630
626
637
634
632
630
637
642
644
638
648
649
639
635
641
639
637
640
647
640
639
640
646
642
645
656
656
656
651
652
648
646
659
672
672
670
675
679
684
686
695
691
693
696
699
693
695
699
688
680
685
694
696
698
702
706
708
705
703
696
698
694
697
698
704
696
700
705
696
695
706
698
694
704
707
709
707
701
702
703
693
694
692
693
698
688
698
691
686
682
683
685
684
675
676
675
678
677
681
684
688
686
691
697
697
701
699
694
698
695
699
703
710
709
710
710
706
706
709
716
719
717
726
727
719
731
737
734
729
720
707
707
715
713
716
714
708
708
698
688
690
688
684
673
673
667
662
664
670
668
667
676
687
690
693
698
703
702
685
703
707
706
714
709
705
705
710
716
718
726
735
736
724
726
727
724
721
717
714
712
703
704
712
711
708
710
706
711
718
724
715
720
719
714
721
724
726
729
727
732
731
731
726
728
725
736
736
745
746
736
733
730
731
738
747
752
757
753
753
758
747
743
741
742
740
745
740
742
757
752
750
744
747
755
771
771
770
773
782
786
785
788
785
775
777
789
781
780
770
773
771
779
777
774
780
772
766
773
776
786
782
777
784
783
781
777
778
779
776
784
780
777
773
772
774
768
773
767
758
755
750
751
757
747
746
744
742
739
737
743
748
754
748
742
735
739
731
725
727
731
726
724
731
724
714
706
701
693
693
695
691
696
693
699
704
700
700
697
690
688
687
690
693
700
702
697
707
707
706
709
722
728
734
741
747
746
740
744
738
735
729
719
720
720
720
713
711
717
721
725
723
712
708
707
706
710
711
715
710
703
692
700
702
705
702
689
690
695
694
692
690
686
700
699
710
716
717
722
722
720
723
723
715
716
706
712
711
708
716
706
709
708
712
713
708
719
715
732
727
721
733
733
744
752
753
750
751
752
756
758
761
773
770
765
763
758
781
775
780
777
768
769
763
758
753
753
746
747
737
735
736
736
737
731
733
730
733
724
729
736
728
729
736
734
727
720
724
723
723
726
727
723
726
723
721
731
723
730
737
737
741
738
741
741
735
739
739
739
737
738
735
727
716
720
716
719
720
726
724
722
713
706
713
723
729
732
728
728
720
725
729
729
725
728
734
733
726
718
718
715
710
706
702
701
697
701
703
709
700
704
703
703
701
697
703
692
689
689
688
697
697
692
699
697
697
700
695
693
696
708
705
707
709
710
710
714
714
712
708
708
713
711
717
718
716
707
711
716
718
712
714
711
706
707
705
698
699
706
691
698
690
696
687
683
685
681
676
672
670
664
661
657
654
651
651
658
655
657
672
682
684
683
687
699
701
697
701
694
697
692
696
688
698
693
694
688
686
691
693
688
681
674
675
680
682
682
683
691
689
701
705
701
698
694
688
690
687
685
688
686
686
680
680
677
681
680
689
688
680
677
680
687
703
703
705
704
701
701
705
707
714
708
701
696
691
693
688
685
675
674
668
659
663
660
663
658
661
654
655
647
641
630
623
626
619
620
621
618
617
612
615
621
620
624
618
619
612
613
617
614
608
619
619
616
615
612
614
624
621
631
633
642
633
622
622
619
627
632
621
622
616
623
623
627
620
627
625
625
619
617
619
616
619
618
619
616
613
605
599
598
600
596
594
599
596
595
589
594
610
611
597
602
601
601
600
591
585
576
582
584
585
585
586
584
589
598
602
611
595
590
593
587
577
585
585
584
591
586
585
581
588
588
570
573
577
578
572
571
576
580
578
579
569
580
589
593
591
595
595
598
598
602
604
611
606
607
607
615
619
622
619
624
617
615
611
608
608
607
604
611
609
606
604
609
612
611
608
609
615
608
605
610
611
606
605
602
608
605
607
605
612
609
610
609
616
621
623
623
625
625
614
610
607
603
609
603
597
603
599
597
600
608
607
616
618
606
607
615
619
616
615
612
601
603
600
599
611
614
609
608
616
614
616
616
620
624
617
610
604
601
600
604
603
609
603
593
591
595
591
590
585
585
586
584
585
584
588
592
600
595
592
585
588
584
585
584
590
587
582
580
584
583
577
569
576
576
559
563
568
568
561
559
564
568
572
573
568
569
563
566
570
581
578
584
587
579
575
580
582
573
573
587
580
580
588
589
588
584
586
588
587
585
592
595
593
590
584
584
586
583
580
578
574
570
575
567
569
561
557
565
561
565
559
560
562
563
559
565
552
547
558
559
557
552
547
541
539
535
544
537
532
526
526
527
533
528
525
533
535
532
532
532
535
534
531
532
529
539
541
542
545
544
538
534
536
527
521
521
513
519
521
525
524
531
528
530
536
538
531
524
519
526
533
526
531
524
519
514
519
523
519
519
509
512
510
514
512
517
523
523
522
514
518
527
521
518
524
524
514
516
516
516
519
521
515
508
509
520
520
520
515
517
525
522
531
523
518
511
509
510
509
519
518
517
526
521
513
515
509
515
511
515
515
514
517
514
514
514
502
507
511
503
507
513
509
505
500
510
509
511
513
518
520
523
515
522
521
516
511
509
512
517
510
508
505
509
497
486
485
489
489
491
487
483
481
472
480
479
481
480
473
472
475
472
469
472
463
457
450
446
447
445
447
454
442
437
435
436
436
432
439
447
448
439
440
445
457
455
455
452
452
460
458
460
464
463
472
476
468
475
475
458
456
447
446
442
447
444
442
444
441
442
440
435
438
439
443
441
439
430
438
436
441
445
438
439
435
430
432
437
436
455
449
449
455
458
470
469
461
463
460
460
454
455
445
449
446
454
450
447
448
458
460
460
463
461
453
449
452
450
443
436
440
434
435
434
438
445
448
440
440
438
428
424
426
432
439
446
444
437
442
440
449
448
451
452
455
454
454
447
436
440
434
435
440
449
458
452
464
461
462
464
461
462
464
457
467
473
466
458
454
446
449
453
447
453
451
447
441
442
447
441
440
437
434
433
434
423
413
414
410
404
405
400
403
406
405
412
413
418
412
405
409
406
415
418
420
416
421
415
410
415
412
407
406
416
412
416
421
416
408
403
407
408
402
411
417
420
419
421
420
421
408
414
408
406
403
405
410
414
407
395
396
388
399
400
405
393
399
395
394
398
397
406
402
399
396
399
405
408
407
399
399
396
398
397
405
407
396
400
399
410
402
399
386
386
377
370
371
363
369
372
367
358
360
352
365
365
367
360
359
361
366
367
362
365
378
373
376
384
391
391
388
387
390
389
391
390
394
393
390
396
397
392
397
391
393
397
395
407
416
417
409
407
406
403
422
420
409
419
418
419
426
436
441
440
428
429
429
425
419
422
427
421
422
417
414
424
425
428
419
417
420
413
414
414
407
409
407
392
392
389
394
393
394
396
395
394
395
396
395
386
391
404
405
410
413
422
421
422
427
420
413
421
411
411
404
399
402
407
405
398
391
389
392
390
394
397
387
385
378
382
382
386
395
385
377
382
384
383
379
377
374
364
370
364
360
361
356
361
365
377
374
371
375
368
371
372
370
375
386
386
378
374
380
390
387
394
396
385
396
387
393
397
387
392
398
393
390
394
388
388
400
405
394
395
391
396
400
395
385
392
388
384
382
382
378
380
381
376
378
382
377
370
372
373
369
372
361
364
351
357
355
356
358
352
344
350
347
345
339
345
344
336
341
343
343
336
344
342
350
341
336
338
336
331
333
331
328
328
315
320
316
310
303
303
304
302
304
313
310
304
305
304
306
312
316
322
328
325
323
321
328
324
328
332
330
335
335
333
340
328
327
330
329
325
331
319
315
315
319
329
324
323
327
329
333
332
339
335
336
333
320
324
322
312
322
326
324
329
333
324
319
320
320
311
310
314
306
304
299
303
306
305
301
297
304
300
295
299
300
307
314
316
312
305
301
300
297
298
291
288
287
284
273
266
262
267
268
271
268
267
269
273
284
284
287
290
300
296
301
300
292
286
286
283
281
282
288
283
281
284
286
284
289
290
296
306
306
306
292
290
292
291
286
276
276
270
273
282
291
290
288
292
291
289
285
279
277
279
282
281
282
281
289
298
303
304
304
305
306
301
288
281
283
290
296
302
296
298
292
282
286
287
283
279
277
279
285
286
277
281
272
264
273
274
264
269
267
271
280
274
291
295
299
291
286
288
289
284
283
298
290
285
289
293
293
289
283
293
298
302
306
298
300
297
294
293
292
297
298
311
316
312
317
311
307
312
303
313
315
312
311
313
323
337
345
353
347
351
359
361
353
359
367
369
371
366
359
353
344
346
340
343
344
345
337
334
329
324
325
329
325
325
326
333
332
333
328
330
332
335
334
333
328
340
341
331
336
336
345
346
338
339
347
362
366
362
360
354
353
351
345
344
338
336
341
340
343
344
345
351
345
346
347
343
349
351
350
353
350
345
332
336
347
337
335
332
330
332
337
337
342
343
348
347
343
336
330
335
336
337
340
339
356
361
368
362
357
357
351
350
355
358
361
364
361
358
359
357
360
347
342
341
343
346
333
333
338
337
333
334
330
326
327
332
339
334
329
334
326
328
322
332
347
333
333
334
328
319
315
311
307
307
303
307
306
300
310
303
303
303
297
291
296
295
294
295
291
294
294
292
294
298
302
307
310
309
310
311
322
323
322
320
320
329
324
325
318
313
310
312
308
309
304
301
298
306
296
298
294
297
306
310
313
307
306
301
293
302
286
283
286
294
294
297
300
297
304
297
299
305
306
307
305
307
295
297
300
308
306
304
300
290
276
270
257
255
254
255
259
258
263
270
274
267
266
278
273
277
274
274
272
272
266
263
273
276
277
278
275
275
273
275
275
276
280
285
270
262
262
269
269
260
258
254
248
250
252
254
243
243
244
243
236
239
234
237
246
241
244
246
244
244
248
243
247
238
224
218
218
227
226
233
225
214
209
207
204
202
200
204
203
204
208
216
219
215
211
208
203
200
197
182
180
173
181
178
179
174
177
172
174
178
177
175
174
178
181
183
177
164
168
171
166
158
157
159
150
149
147
163
168
163
155
157
163
160
170
173
171
177
184
180
193
192
185
180
184
181
177
186
188
187
179
174
180
176
169
161
158
166
162
169
169
166
164
160
164
179
173
176
175
173
167
169
167
166
165
164
157
151
144
141
133
146
141
139
149
158
154
155
156
161
160
157
157
160
157
154
151
151
155
154
157
161
150
140
141
133
127
130
124
128
121
116
115
113
109
101
107
120
121
133
130
136
138
130
130
124
130
136
139
145
149
147
136
143
152
139
139
145
149
145
162
167
166
175
178
179
184
189
178
179
182
189
193
199
199
205
211
209
212
213
213
204
202
205
212
206
215
225
217
216
213
200
198
200
204
209
194
190
190
187
191
193
196
198
204
201
199
189
181
175
174
169
172
166
157
149
143
143
140
129
136
131
122
132
130
132
133
139
135
141
138
131
129
122
124
120
117
119
120
128
134
134
145
138
140
144
143
137
131
131
134
137
148
142
139
145
142
140
140
147
142
138
134
131
130
122
120
118
116
112
109
115
109
110
106
104
100
98
93
95
89
89
96
99
92
89
87
75
74
62
69
75
72
64
57
51
51
53
67
74
84
94
109
109
113
102
102
123
131
132
135
140
127
133
126
141
134
128
122
130
139
138
142
134
132
130
136
135
133
132
128
123
119
108
108
108
102
99
90
97
95
98
104
108
104
98
92
100
113
118
118
119
106
105
108
108
114
107
118
122
114
114
109
101
104
102
100
91
98
95
97
97
100
98
96
90
93
98
97
94
88
93
97
105
113
112
112
118
121
123
124
128
125
123
121
122
128
122
120
121
119
124
128
121
127
129
136
135
132
121
127
132
124
129
129
119
129
135
137
141
151
151
152
153
159
160
164
166
172
165
167
166
162
155
157
152
160
164
172
170
170
171
174
185
176
176
177
180
181
176
171
170
165
158
154
152
146
146
141
147
162
174
171
168
178
178
201
208
217
211
213
224
221
223
224
224
213
217
221
220
225
231
237
227
224
226
226
227
236
239
241
239
238
250
250
249
244
230
234
229
233
236
237
236
241
232
231
224
227
209
212
216
207
204
201
199
195
196
201
205
208
199
193
179
181
187
188
193
189
193
183
190
181
175
175
182
178
173
177
186
185
178
177
181
175
170
174
172
169
169
175
172
166
172
176
164
173
174
179
181
187
186
171
176
175
177
184
180
175
172
174
166
169
167
168
154
158
161
156
154
149
153
154
158
158
162
161
154
160
151
147
151
146
152
150
157
169
168
171
179
169
170
168
166
155
141
138
135
138
132
123
115
122
125
125
130
129
125
119
119
116
114
101
105
110
109
104
106
99
92
85
92
103
99
96
103
106
108
113
106
105
101
106
102
98
93
87
90
83
82
85
82
79
84
81
85
87
78
78
82
80
82
83
84
84
92
93
85
88
96
97
96
102
110
107
115
105
110
111
123
124
120
113
115
115
110
118
120
124
132
130
130
127
124
137
137
131
131
136
137
134
130
126
119
126
124
120
117
124
131
135
137
146
140
138
140
139
137
137
126
126
129
131
131
137
133
140
132
136
134
131
130
132
130
131
132
129
135
143
143
148
149
149
149
145
136
132
137
139
132
132
134
144
144
148
152
148
143
141
139
136
137
134
131
123
127
124
116
122
115
100
107
97
99
86
73
74
79
78
83
81
81
91
93
96
92
97
88
76
79
80
75
69
72
57
52
46
45
37
37
33
33
31
34
29
35
44
30
24
20
13
14
15
24
18
19
13
10
16
16
15
20
24
21
30
32
42
52
48
51
42
39
47
42
41
47
50
51
45
42
37
25
29
30
28
24
20
17
18
19
16
17
21
32
31
30
32
35
36
44
47
42
42
57
62
70
73
77
81
88
83
82
76
79
70
66
74
75
76
74
75
87
90
86
89
87
91
95
100
95
88
85
79
77
79
77
75
72
73
71
57
54
59
54
53
54
55
56
46
51
61
59
62
66
74
71
68
68
74
76
84
89
93
89
89
81
71
72
62
59
60
62
68
73
68
75
76
74
80
75
78
83
80
83
81
82
78
84
90
92
95
102
107
106
103
104
110
112
123
131
141
146
136
140
131
126
117
113
114
113
122
120
123
124
121
130
125
125
126
129
125
125
124
127
133
131
122
124
126
118
125
122
127
121
121
117
117
113
123
122
126
127
130
138
140
151
146
144
137
134
144
135
137
137
144
149
159
156
154
144
156
149
132
135
136
133
129
125
125
119
125
121
126
128
136
128
123
127
116
118
120
130
131
133
131
127
131
137
133
124
124
118
121
113
106
103
101
94
94
89
93
93
96
100
97
101
94
90
75
72
74
82
76
81
84
81
81
71
71
70
67
70
67
66
65
60
69
60
60
61
55
52
52
57
49
45
44
37
39
33
34
37
42
44
56
55
54
53
55
63
55
54
65
68
66
60
63
65
69
70
71
69
75
62
54
47
52
51
58
57
50
53
55
60
58
53
48
50
37
42
40
36
34
28
32
48
51
58
64
55
58
57
69
68
76
77
76
77
71
70
66
56
52
56
63
59
52
44
35
27
29
26
19
24
21
17
19
17
18
16
17
15
24
33
29
26
27
31
25
17
14
22
24
25
28
30
31
31
31
31
31
33
24
32
24
29
35
27
33
30
35
36
32
34
31
40
39
36
23
21
20
14
12
12
26
32
40
41
35
35
31
29
29
38
40
43
42
45
40
39
36
33
43
43
38
50
43
51
49
42
32
19
19
16
17
22
23
14
21
13
15
16
29
22
31
32
26
23
16
15
14
21
23
20
16
14
21
14
13
19
25
20
30
36
28
27
35
30
38
41
42
40
39
45
54
50
57
66
71
70
70
66
61
63
60
61
64
59
60
62
55
57
59
67
65
57
60
65
67
66
71
75
79
78
74
80
76
80
81
76
74
71
75
81
72
66
68
77
79
85
85
75
84
88
89
83
79
80
87
90
84
86
83
83
83
86
88
87
80
78
81
80
75
70
69
76
83
83
87
85
84
82
80
73
71
79
80
86
87
86
84
87
90
81
77
81
93
92
92
85
80
83
78
75
81
75
81
75
75
75
74
74
77
75
67
53
46
43
50
58
59
59
60
64
65
63
61
56
55
52
54
53
63
68
70
72
71
66
57
65
58
65
62
56
59
64
66
63
65
61
65
73
66
61
60
60
66
69
69
62
65
70
72
74
74
81
84
85
83
85
77
84
99
98
98
93
94
98
97
95
91
80
86
81
80
74
78
73
81
76
75
76
83
86
98
99
98
100
98
109
111
108
98
99
113
118
113
107
111
110
117
119
107
108
113
110
113
109
99
95
95
90
95
96
89
83
79
81
84
92
96
88
83
78
83
93
92
90
92
83
70
63
53
54
55
56
60
61
59
60
61
67
64
72
62
71
71
79
81
78
70
69
76
74
67
71
78
73
76
79
84
86
81
81
85
98
97
89
89
86
91
84
82
85
78
82
77
77
78
79
79
77
76
80
75
66
65
71
68
60
58
56
52
53
50
54
60
58
56
54
50
42
55
52
55
57
50
50
56
54
55
62
54
57
60
63
59
57
59
57
55
53
55
52
50
58
55
55
57
57
66
64
66
63
64
70
65
69
66
70
65
51
58
55
60
48
51
51
52
61
62
64
65
72
76
77
81
87
93
92
98
98
89
94
105
103
104
107
104
105
106
111
116
112
120
121
117
112
108
102
95
91
92
97
99
101
95
99
101
104
109
112
120
119
119
113
108
103
102
101
108
104
100
101
108
110
111
114
116
115
114
112
123
118
116
121
120
117
122
116
110
99
92
94
84
78
78
72
65
59
66
64
66
68
69
67
66
79
82
78
78
85
87
86
81
87
85
78
79
79
76
81
86
80
78
75
74
64
54
50
47
45
48
49
49
42
31
37
35
40
37
41
40
30
21
25
20
23
18
14
16
20
15
13
21
13
10
20
23
27
29
26
20
17
15
18
19
22
36
38
37
27
35
26
26
29
28
29
39
41
42
36
28
30
30
45
40
35
34
32
29
35
27
30
36
44
44
46
59
54
56
69
74
81
84
87
69
58
56
53
49
42
43
48
53
51
48
44
44
41
51
49
59
62
59
71
78
78
76
61
70
74
65
71
79
79
86
87
91
85
87
91
89
92
94
93
94
106
107
109
119
119
117
118
112
114
125
117
111
113
120
126
119
119
116
125
121
119
128
128
132
123
130
122
117
117
123
126
127
132
129
133
125
125
130
130
124
122
120
120
121
121
124
127
128
135
145
137
156
154
144
141
146
139
139
141
143
141
144
152
155
152
158
151
151
151
161
160
154
151
147
154
157
150
146
142
145
145
142
151
149
153
157
157
152
154
148
158
155
153
160
159
154
149
155
145
144
146
153
145
146
145
142
141
127
129
134
122
114
109
102
102
103
110
108
99
98
94
102
93
90
82
93
95
91
90
86
86
81
79
82
80
80
88
86
85
81
81
84
80
78
75
77
80
76
78
74
76
79
84
90
100
101
101
102
101
104
103
107
111
105
110
98
91
101
92
96
87
87
95
101
98
95
99
96
98
96
93
81
79
80
74
72
75
86
85
84
87
90
89
92
96
94
103
103
96
98
102
103
102
97
99
89
89
88
90
82
70
63
66
69
72
74
72
73
70
71
68
66
64
63
58
65
60
61
60
65
59
53
41
37
42
39
48
57
51
43
51
45
48
51
54
55
48
48
44
51
48
48
48
56
59
49
50
56
58
57
62
56
49
50
50
46
38
36
32
32
30
30
33
33
38
35
24
25
22
25
25
28
26
36
44
48
46
41
41
41
32
33
32
36
37
44
45
50
50
46
50
61
59
51
61
67
61
56
53
57
58
49
45
31
42
43
43
45
60
61
64
70
68
77
73
70
75
71
66
59
58
64
68
68
63
64
59
69
72
74
69
80
76
80
76
75
66
65
61
60
66
54
60
53
58
62
51
54
52
59
64
76
82
88
81
72
70
60
52
52
55
50
53
45
44
42
38
38
33
29
36
31
25
18
21
16
17
16
14
16
21
20
21
21
14
20
12
25
24
17
22
23
32
30
31
28
32
33
25
26
25
29
33
29
23
20
23
27
32
44
43
44
52
50
49
53
51
59
70
69
70
70
73
66
65
64
63
68
65
64
59
58
59
56
60
67
64
69
65
73
73
83
83
78
77
79
72
70
65
63
66
64
71
65
52
50
51
42
24
32
39
40
29
33
35
34
37
37
40
37
39
37
40
35
37
31
31
35
29
35
34
33
34
35
37
43
41
47
53
57
53
64
51
52
51
62
54
47
36
28
33
37
44
45
52
55
57
61
64
60
56
67
67
68
73
73
73
77
70
65
63
59
63
52
51
43
42
43
48
50
45
54
55
46
46
36
32
27
38
44
48
41
47
37
43
55
60
65
55
60
65
66
71
81
72
81
80
84
82
79
78
74
73
76
68
60
55
65
67
63
56
54
54
56
57
48
46
32
28
30
30
24
34
35
39
45
48
38
37
42
32
40
48
52
58
62
74
74
72
74
73
70
64
65
66
63
61
73
62
58
63
61
64
65
63
61
59
51
58
54
41
37
30
27
27
25
28
24
23
21
15
19
20
19
25
22
12
14
19
28
34
28
35
34
37
38
40
41
45
45
51
51
62
68
71
69
73
63
57
61
58
57
65
59
54
50
45
46
48
43
34
34
41
48
42
38
45
55
56
58
58
58
68
72
64
70
67
64
67
72
71
81
81
73
72
85
82
89
94
100
93
84
86
81
72
80
84
90
91
96
95
95
99
91
91
95
99
102
93
99
91
87
94
93
84
88
85
91
105
108
111
108
109
105
101
97
98
99
80
80
80
81
93
89
91
90
90
99
108
107
113
116
119
113
121
118
117
122
131
127
119
116
110
103
103
99
96
98
100
103
96
96
105
113
119
114
119
130
133
133
134
143
145
147
159
168
164
165
165
164
164
174
176
178
178
188
179
179
192
192
188
193
197
204
200
197
197
189
193
199
193
200
191
198
185
187
186
190
185
186
182
178
177
166
161
162
157
166
168
165
166
170
175
180
185
178
178
178
169
166
171
175
167
163
163
164
150
151
151
162
157
158
162
152
151
148
148
153
154
154
152
148
150
148
158
154
156
150
145
142
141
133
145
142
144
138
141
137
130
137
145
136
140
133
138
139
131
131
125
132
128
124
128
122
124
120
112
109
105
94
92
91
86
87
82
71
77
71
75
72
77
88
93
90
96
97
91
87
92
86
78
84
77
81
83
89
90
87
75
69
66
73
73
74
78
71
70
73
70
74
82
85
83
91
96
94
97
97
104
104
107
107
98
87
88
85
97
107
95
93
96
92
92
87
94
96
95
94
94
90
101
101
101
106
114
111
112
100
98
100
95
88
82
79
73
78
75
81
80
80
68
65
64
61
63
59
51
48
38
36
39
37
28
28
36
38
46
43
44
38
39
41
41
34
27
32
33
31
31
39
