0
18
21
29
32
30
34
30
24
22
21
13
13
18
10
13
15
17
12
12
15
13
13
25
28
33
34
30
30
39
42
36
31
38
31
36
39
41
38
34
36
45
53
43
48
44
48
51
49
58
62
57
56
57
51
42
43
47
57
66
59
59
60
64
60
62
64
57
64
59
63
64
73
77
79
81
85
77
72
74
72
68
72
65
61
66
70
82
78
77
75
72
73
72
73
73
71
71
66
65
75
73
68
74
73
74
76
78
75
82
80
79
75
80
76
71
62
65
62
77
77
81
87
93
92
98
94
93
99
93
95
101
101
102
105
109
108
103
106
111
103
110
120
118
116
112
105
98
98
100
113
110
109
109
117
119
116
113
116
115
117
111
104
105
108
108
107
109
102
106
101
100
94
102
101
105
102
94
108
115
110
111
113
111
110
105
107
98
97
102
103
99
91
94
96
100
100
100
95
92
99
99
101
98
91
99
100
106
103
101
95
98
103
100
92
82
82
83
94
103
100
103
99
92
96
101
90
97
102
86
85
83
78
79
81
72
62
61
69
72
73
79
82
78
81
83
86
82
77
75
74
72
70
74
76
67
67
63
72
74
77
72
76
80
88
88
84
89
88
88
89
97
100
99
103
96
95
90
87
93
98
110
108
100
102
100
102
103
106
96
91
83
84
82
87
82
72
68
59
55
47
50
54
53
48
52
46
37
41
36
38
28
35
33
36
30
31
30
30
27
23
24
13
21
19
20
29
26
31
25
25
23
28
16
11
12
15
20
21
24
27
15
22
28
39
45
34
30
29
38
49
42
48
42
45
47
53
57
52
48
53
53
57
59
53
68
70
69
72
73
78
77
87
84
84
89
91
82
89
94
96
96
93
106
99
97
102
104
107
99
103
101
99
95
93
93
98
94
92
96
93
95
115
107
104
95
98
100
100
99
103
102
100
87
94
97
93
84
85
85
86
91
100
97
98
96
94
96
97
95
102
98
102
102
100
98
107
113
121
120
120
130
129
125
130
131
136
135
135
143
133
141
138
140
141
134
135
132
136
134
124
131
131
125
121
124
131
124
126
131
120
123
113
119
119
110
114
116
125
120
128
123
121
118
115
106
96
99
104
114
110
119
125
121
115
120
115
113
118
102
104
108
121
121
124
128
132
127
130
124
112
94
94
96
99
105
103
98
96
100
103
106
103
107
109
119
116
105
111
114
114
106
95
89
84
86
92
97
96
99
91
85
81
82
73
82
88
88
88
85
83
73
79
78
77
75
70
70
69
65
57
49
53
51
48
42
42
43
50
52
46
41
47
44
45
48
46
52
60
60
66
80
82
89
84
87
88
94
95
87
87
86
93
96
97
89
80
77
68
69
67
67
72
71
67
76
80
74
72
72
71
62
59
63
64
61
72
71
67
68
66
61
60
62
68
63
70
74
87
93
94
102
106
111
104
109
117
121
125
122
114
109
114
115
115
108
110
118
115
122
127
126
130
146
146
143
141
143
151
141
141
139
137
137
146
146
147
144
146
144
149
156
156
157
168
170
177
173
168
160
156
163
157
158
151
142
150
154
148
151
155
148
150
144
154
153
146
150
151
149
157
157
149
149
149
146
145
147
143
139
150
154
154
159
155
160
170
170
176
176
184
182
185
181
185
181
181
175
173
162
161
162
168
169
162
164
165
168
173
160
158
164
162
168
174
178
167
160
165
168
166
172
175
170
174
172
182
185
185
182
180
184
184
187
189
199
201
191
183
188
184
185
183
178
182
187
185
188
190
195
200
201
204
203
210
211
216
214
213
214
213
221
215
204
195
185
184
182
179
181
199
204
205
213
220
223
223
215
218
215
211
199
195
199
194
185
193
201
191
191
192
195
188
190
183
188
196
190
179
175
173
168
163
156
157
159
150
151
146
147
144
155
150
150
154
158
161
147
139
123
135
133
138
137
142
142
130
124
119
123
122
132
130
132
119
119
122
126
125
129
132
136
130
127
121
126
119
124
120
122
112
124
127
124
127
125
120
117
117
123
126
116
115
120
119
120
119
125
131
125
124
127
130
129
130
131
136
135
133
144
146
149
140
146
157
157
156
156
147
149
141
141
140
136
141
145
148
147
152
152
153
151
154
146
145
148
148
159
163
162
161
161
156
162
158
157
155
150
150
155
146
154
157
154
159
159
161
174
184
181
173
179
172
171
177
186
181
177
177
185
192
195
189
192
189
190
198
200
201
200
196
193
193
206
209
208
217
230
240
243
242
239
256
260
260
262
263
257
249
244
240
243
243
243
230
224
226
226
229
239
247
252
262
259
252
251
240
238
243
242
244
253
260
254
248
247
241
243
245
248
239
232
227
236
228
220
222
229
229
224
220
218
221
222
224
233
236
233
231
232
234
235
241
236
232
235
234
241
241
252
254
256
250
252
251
244
245
249
248
248
249
251
243
243
242
233
224
209
202
199
193
194
196
205
219
223
224
231
241
251
256
250
244
241
238
241
242
243
244
244
235
228
231
235
227
225
230
243
243
242
232
244
258
263
258
260
259
262
254
255
255
251
252
255
246
240
239
250
247
252
261
260
259
259
268
260
263
263
267
265
255
252
246
244
250
254
250
241
238
242
237
226
224
235
230
216
218
215
205
207
203
200
200
191
196
202
203
200
194
193
201
205
190
182
193
195
185
180
184
187
186
192
190
189
191
195
198
204
202
198
211
221
229
223
222
219
218
217
223
230
233
241
229
230
239
235
228
225
218
218
220
217
210
220
218
219
227
229
226
234
228
225
224
233
236
233
237
234
234
235
244
251
256
259
261
269
273
279
283
281
279
275
262
266
258
255
257
257
259
265
264
267
264
259
263
262
260
254
258
258
258
268
264
268
269
271
263
260
259
264
274
265
264
272
277
278
277
289
294
282
277
275
278
269
260
263
267
259
252
254
252
249
242
250
255
256
253
242
240
241
241
239
245
255
257
260
259
263
267
265
261
266
271
273
273
271
267
277
273
280
273
278
276
278
276
278
280
273
275
282
277
274
277
276
273
272
273
267
271
278
278
279
276
268
274
279
289
290
285
278
285
292
292
287
285
290
291
293
294
286
291
296
297
296
293
300
308
310
318
318
311
311
313
315
313
314
312
302
304
313
314
319
315
313
309
304
295
295
298
300
298
301
307
309
303
314
317
312
308
306
307
304
291
288
297
307
302
306
305
304
306
299
296
292
301
293
297
302
299
299
295
285
276
276
273
276
278
274
272
273
272
261
259
263
270
272
269
263
261
256
260
261
265
270
277
277
268
264
263
256
255
252
263
267
270
273
269
270
270
271
271
279
277
272
271
267
263
260
268
268
270
282
285
291
289
296
295
296
299
303
302
299
297
298
299
300
314
317
320
320
319
319
326
326
326
335
334
340
347
347
355
358
352
351
352
359
351
348
345
352
351
350
352
350
342
342
339
336
331
338
347
342
336
335
336
338
334
333
335
332
326
322
320
316
315
315
309
315
315
312
310
315
315
311
309
298
296
293
298
289
288
282
286
287
286
278
274
280
278
280
280
279
284
274
281
284
295
290
288
284
277
281
276
277
274
282
278
276
261
270
278
276
286
294
290
288
289
290
293
289
298
298
304
301
306
308
307
313
307
310
312
314
316
328
326
331
329
326
324
332
334
335
326
330
342
349
348
354
357
365
359
365
368
368
372
376
371
375
386
381
389
385
382
375
384
393
386
390
384
380
382
381
378
371
367
364
367
369
373
372
384
380
384
382
386
382
376
369
368
371
366
359
357
356
358
356
352
357
353
353
347
346
344
338
339
338
336
337
334
334
330
327
337
338
336
345
351
343
339
334
337
337
351
357
360
352
357
352
345
344
341
342
342
351
356
356
348
350
343
346
352
343
343
343
345
349
360
355
355
348
346
351
354
359
357
358
354
358
357
364
363
371
370
373
369
372
365
372
366
364
359
348
344
339
342
341
345
344
342
339
339
336
327
316
310
309
313
309
304
302
299
301
307
322
322
326
327
334
337
337
337
333
336
337
335
328
331
327
337
338
341
337
332
340
337
347
341
336
334
341
339
338
343
344
343
339
339
350
346
345
340
345
341
341
344
342
337
339
335
332
326
326
327
326
316
313
312
319
324
333
336
342
332
323
338
342
339
346
352
357
355
356
357
351
346
348
352
346
340
346
341
339
339
340
330
328
325
330
330
332
332
333
339
341
338
347
340
352
348
334
330
340
339
330
323
330
337
346
348
354
364
366
360
366
364
370
371
369
371
372
374
368
366
370
372
379
379
376
388
395
401
404
402
397
390
384
387
389
391
380
375
375
366
358
355
349
346
349
340
343
339
343
343
351
349
340
333
330
331
331
329
333
343
348
345
345
339
336
336
338
340
333
331
336
340
337
337
339
337
327
325
331
322
321
305
301
297
303
287
294
291
295
298
301
309
313
310
317
308
308
307
300
308
302
301
300
293
295
300
295
294
289
294
278
278
275
282
282
282
279
274
270
269
268
263
265
255
250
249
253
262
266
273
270
274
270
273
274
279
273
271
273
278
280
287
289
285
292
293
301
298
295
302
302
315
314
314
314
317
326
328
327
324
330
330
325
327
326
313
305
301
296
299
300
294
286
283
284
273
276
273
269
271
274
266
258
257
259
253
248
252
251
260
266
262
263
261
262
266
271
274
275
277
279
282
289
287
287
290
291
292
296
303
313
316
320
323
325
318
321
330
333
339
338
335
332
330
327
322
312
314
309
306
300
305
303
300
306
309
317
323
318
313
316
298
298
300
300
302
302
307
314
319
319
313
302
308
315
309
307
303
309
313
313
313
314
309
306
294
289
283
279
278
268
274
259
246
244
242
236
240
241
243
253
253
250
247
254
257
258
259
263
259
262
267
265
265
268
271
282
288
294
292
293
292
286
284
276
280
281
289
283
292
282
279
271
267
269
271
264
261
262
260
259
268
267
268
272
275
277
289
283
290
291
294
302
299
298
296
300
300
305
303
304
301
299
300
298
294
289
294
309
305
303
300
301
304
300
300
294
287
290
282
286
287
281
280
276
277
279
281
269
270
269
268
266
278
279
290
284
286
287
284
284
284
286
281
285
280
281
289
301
307
302
294
298
306
303
306
316
312
304
309
313
314
320
325
318
317
323
325
325
326
324
328
330
333
331
343
341
346
346
337
330
332
325
321
307
317
321
310
317
308
300
302
289
292
283
280
283
286
283
284
294
288
287
286
286
288
282
287
281
281
284
285
281
276
279
276
276
278
272
273
275
279
268
256
255
245
241
245
241
241
227
224
229
229
231
232
224
224
224
224
229
227
235
222
224
211
211
203
201
195
183
181
191
195
189
182
178
186
178
184
186
194
198
203
210
215
222
210
210
216
209
209
207
213
204
202
214
212
214
211
212
220
216
219
214
217
221
221
224
226
220
212
208
209
204
206
207
205
203
203
205
219
218
216
224
223
221
213
216
221
237
234
229
225
222
228
224
226
235
231
229
223
220
221
221
214
209
205
204
209
212
209
201
201
197
208
208
215
208
212
222
221
221
222
216
220
225
226
229
234
240
238
236
235
246
251
256
261
265
266
264
265
259
260
258
261
261
266
282
281
274
270
273
264
256
254
255
252
255
248
249
243
241
246
251
246
252
250
231
230
224
221
210
202
204
210
209
200
200
197
197
201
200
198
190
186
182
178
175
173
179
171
171
166
164
173
163
163
161
157
160
155
151
151
149
153
155
159
161
155
156
156
162
158
159
159
166
163
159
152
144
154
160
148
149
150
156
166
171
176
168
172
164
169
171
165
169
168
167
159
156
158
151
150
148
138
146
141
151
160
164
162
161
168
175
179
177
182
190
195
195
187
184
185
193
184
183
180
183
194
205
213
208
207
206
215
215
213
216
220
217
210
211
207
206
208
206
204
214
222
221
221
225
229
220
230
239
242
247
246
249
241
238
236
235
238
242
242
244
238
230
225
219
226
217
225
225
222
224
229
231
227
221
218
223
218
208
200
192
186
188
185
189
180
191
194
197
195
203
208
208
209
214
207
204
208
206
202
202
194
188
187
190
194
196
200
201
197
199
209
205
208
205
205
211
214
203
194
199
201
198
201
195
200
205
195
199
198
203
197
193
186
184
182
188
186
188
186
186
194
191
182
185
185
190
195
195
191
186
193
206
204
202
206
216
217
218
209
207
217
214
218
215
209
210
211
210
217
214
217
217
216
219
209
210
204
200
188
186
185
191
203
202
197
203
199
195
197
207
194
191
187
186
196
202
204
209
196
210
213
217
213
212
209
213
209
207
201
201
184
189
183
185
188
191
202
198
212
214
218
218
210
207
219
224
231
235
237
237
240
242
249
247
241
243
239
244
237
240
233
234
235
229
238
239
244
243
244
239
237
234
234
231
233
236
243
244
241
237
238
226
233
236
238
239
239
239
244
241
249
242
242
241
235
232
225
222
223
220
210
203
192
191
192
190
190
191
191
191
188
188
187
177
177
179
179
182
183
191
191
183
177
179
191
197
193
193
192
194
195
199
193
197
200
199
201
198
193
191
190
192
186
191
188
193
187
188
182
178
179
183
191
193
190
194
189
194
196
199
198
186
191
182
186
192
198
205
204
204
208
199
203
200
200
190
187
173
181
183
182
185
190
190
193
189
184
182
186
186
195
199
204
205
207
204
203
204
205
202
212
221
221
226
226
220
216
219
219
218
224
229
233
234
234
236
246
251
255
254
258
262
266
264
259
259
254
261
258
266
261
255
247
246
252
256
260
259
260
275
277
286
277
277
278
283
282
273
276
277
267
267
274
284
278
280
277
284
287
299
302
302
303
308
314
316
321
326
317
315
313
309
310
315
314
316
317
318
318
319
325
331
340
335
340
331
324
331
332
329
337
345
355
351
355
358
353
341
343
339
337
342
335
339
345
351
350
349
350
350
350
361
356
357
358
357
356
350
343
348
347
336
332
326
328
325
323
323
318
321
314
315
314
306
319
316
310
306
306
306
308
305
303
302
299
302
303
303
302
302
299
301
302
303
296
285
292
291
290
291
290
295
300
304
319
314
314
312
301
313
309
315
311
313
304
301
296
297
299
305
306
307
312
313
310
306
308
314
320
315
300
304
299
297
299
289
279
290
288
287
295
290
286
288
274
280
279
278
276
283
276
281
276
275
278
278
281
276
276
277
270
272
272
282
280
278
281
279
270
270
256
259
269
254
255
258
254
251
255
249
240
243
248
252
251
256
246
234
237
237
240
237
234
228
236
238
234
228
227
229
220
224
219
212
210
201
203
214
214
202
203
202
208
201
199
191
192
190
189
185
184
192
188
191
191
193
194
192
184
184
183
181
179
182
199
206
207
195
199
199
202
194
187
180
182
183
180
178
177
169
175
181
185
184
189
181
179
167
159
166
173
178
177
180
183
175
170
180
172
171
180
190
196
205
204
201
198
200
195
198
200
205
210
209
214
213
218
214
209
213
224
218
219
223
233
237
230
236
241
240
234
230
231
232
228
223
215
222
220
217
211
213
219
221
215
208
209
215
217
217
215
205
201
205
211
214
213
218
221
228
228
215
219
219
219
217
218
220
209
212
215
215
220
218
218
224
227
241
240
246
246
248
255
254
254
262
262
255
258
252
252
258
264
263
263
253
256
247
239
233
234
230
226
223
215
220
223
226
223
213
204
213
212
211
209
216
222
229
236
238
240
245
254
260
263
263
265
274
271
275
277
285
301
304
307
317
318
311
316
321
319
330
346
345
344
345
340
333
335
339
341
343
345
344
342
350
344
345
342
339
333
342
341
343
346
350
353
353
356
346
336
342
342
345
349
351
352
361
366
372
366
360
358
365
353
349
358
367
369
372
365
360
357
369
375
363
365
365
370
368
370
369
369
376
374
382
386
388
390
393
398
400
399
401
392
395
398
401
401
402
407
398
396
397
390
388
392
395
394
394
377
376
389
394
389
384
374
369
370
370
375
377
378
368
370
371
373
384
390
388
388
378
369
372
371
377
378
375
381
386
387
385
391
391
386
388
388
386
382
386
380
382
379
382
387
399
400
397
389
388
383
384
395
392
385
386
391
394
401
408
400
398
411
412
406
403
405
399
396
393
385
381
390
393
400
406
405
418
417
404
402
409
410
409
413
413
417
420
409
417
416
424
415
415
420
429
428
434
429
429
429
431
435
428
438
434
434
437
437
438
431
428
430
436
442
445
449
452
454
459
463
454
463
460
463
473
470
471
471
470
480
486
491
495
493
488
492
492
489
487
499
498
491
484
499
507
505
507
508
505
507
508
506
503
497
493
490
486
485
483
486
496
500
497
496
498
488
476
483
489
488
483
483
476
472
479
482
482
485
481
486
491
493
488
482
473
472
479
483
482
485
486
496
492
493
488
486
490
490
492
503
497
489
486
486
483
482
482
475
481
490
490
494
498
495
484
492
488
486
482
480
485
485
487
488
487
482
481
476
479
487
481
466
466
465
469
471
475
481
489
493
495
485
489
486
480
487
478
485
481
479
489
481
482
477
487
486
481
477
474
478
479
483
482
487
486
484
481
478
475
475
473
475
480
479
481
476
466
467
466
460
465
465
470
486
487
482
488
482
463
465
466
477
481
477
480
483
485
493
494
491
494
487
495
503
503
494
493
492
488
501
498
505
506
513
516
520
521
527
530
534
539
527
528
534
527
524
523
517
513
509
501
503
504
498
499
494
495
488
488
490
485
490
496
503
506
508
510
506
505
500
492
487
480
488
488
490
486
474
467
469
468
462
462
463
466
471
472
470
465
464
462
461
464
462
462
461
463
464
468
458
456
463
466
462
460
462
463
465
466
465
460
475
474
481
484
492
485
492
488
486
487
487
483
479
478
467
469
470
469
474
473
480
494
504
505
508
508
508
495
496
494
485
484
480
483
482
483
482
478
486
484
494
502
498
492
485
483
481
484
483
487
488
485
474
472
475
471
473
472
465
467
463
474
466
470
463
457
454
451
447
450
454
459
460
464
469
463
471
473
479
476
471
468
474
476
472
472
479
481
487
489
498
507
504
503
509
503
493
498
494
509
508
504
516
515
511
515
516
520
515
527
520
514
518
520
521
520
519
521
523
526
539
544
551
552
556
555
561
558
564
566
565
567
566
568
575
572
573
575
573
575
582
582
585
582
585
584
580
574
568
569
574
578
583
586
586
586
595
594
598
604
610
612
610
616
615
609
617
616
609
614
608
609
595
591
593
595
598
597
593
587
578
572
569
555
563
561
556
564
570
568
564
554
551
556
551
555
565
564
561
566
564
566
572
579
583
589
581
577
575
586
581
582
579
574
568
569
565
569
564
561
559
566
579
580
588
590
595
595
602
603
596
583
584
579
569
572
569
567
561
558
561
556
550
546
551
553
562
560
555
551
555
558
558
551
554
553
553
555
550
554
564
555
557
553
545
546
542
540
539
537
534
525
530
528
530
537
532
528
523
522
526
528
536
539
534
528
526
529
524
516
518
512
508
504
506
504
511
507
505
506
506
507
496
503
502
504
507
509
514
521
523
518
525
531
529
536
534
537
541
536
533
526
520
517
523
524
518
527
522
522
520
522
516
525
528
526
532
527
528
534
524
531
528
534
538
540
535
526
524
528
519
525
518
518
513
511
512
516
512
520
535
531
523
524
531
533
526
527
516
525
534
534
537
540
543
540
547
546
546
547
544
545
548
554
557
548
544
547
550
545
548
552
547
543
536
530
531
534
529
534
532
528
523
516
520
511
509
502
508
489
494
483
484
480
480
481
471
471
458
460
461
469
457
461
458
458
463
469
466
454
441
436
430
432
427
427
423
425
424
424
419
414
411
408
412
415
408
401
400
403
402
407
414
418
426
421
422
415
411
406
401
410
414
413
421
417
428
426
429
431
440
436
441
443
443
445
450
443
447
454
459
461
464
473
475
481
494
497
497
492
500
500
495
496
504
499
497
497
496
498
486
490
499
489
491
488
495
494
499
499
504
496
492
485
490
483
491
486
501
503
496
498
496
500
494
483
486
498
497
505
508
511
501
500
498
494
487
491
485
500
500
507
500
495
494
500
496
486
477
473
478
473
467
470
463
462
469
473
481
488
481
476
469
465
473
476
476
479
474
476
473
477
481
481
485
485
485
482
474
476
471
472
473
481
476
472
476
473
476
477
485
472
471
473
481
476
469
472
472
475
472
472
466
455
451
455
449
443
437
451
443
444
445
437
443
453
445
454
443
450
449
454
446
456
460
457
451
442
448
444
448
459
463
464
466
467
463
461
462
467
463
462
466
468
460
457
449
444
440
450
444
448
455
455
462
467
459
468
475
467
471
475
474
477
470
462
453
456
458
461
465
467
470
464
474
469
472
473
468
469
474
481
477
475
473
470
463
457
459
455
452
458
454
446
441
447
449
441
450
453
451
448
447
442
433
430
438
431
426
419
417
411
407
407
403
404
398
404
406
416
408
411
413
416
408
408
406
402
403
407
401
398
401
406
405
410
413
410
418
414
401
410
412
409
408
419
412
405
408
401
398
402
397
394
386
383
390
378
369
368
351
358
360
363
355
355
360
359
356
354
349
350
352
351
348
353
358
363
369
368
364
362
350
351
364
363
368
373
363
366
365
367
367
372
382
385
382
384
384
387
379
378
381
377
381
376
375
373
385
379
377
373
381
376
366
369
368
368
382
379
371
370
369
360
369
372
376
372
369
371
366
370
369
364
357
362
364
361
367
366
377
375
379
381
373
372
376
376
375
368
370
362
359
357
355
356
353
351
354
354
352
348
341
344
353
351
355
348
343
347
347
347
357
356
351
353
359
360
368
360
354
351
357
365
372
374
368
369
379
380
378
377
382
383
384
387
394
402
395
393
397
389
389
387
384
376
380
376
373
376
376
381
373
379
384
387
393
395
403
406
411
410
411
415
407
411
417
418
415
406
402
402
400
402
402
410
416
421
423
423
415
410
409
408
406
415
411
407
404
412
405
413
420
423
422
419
417
416
419
412
402
400
401
401
391
381
384
375
371
365
367
374
372
371
381
376
379
371
374
369
373
379
379
375
381
384
389
386
389
383
376
374
379
377
386
380
379
375
378
382
385
388
394
392
393
393
391
391
394
395
384
376
370
368
370
377
369
372
378
379
381
381
379
388
389
399
394
401
402
402
401
404
398
394
395
398
392
390
389
398
396
392
394
395
386
386
384
387
384
385
387
382
379
378
376
368
379
373
368
370
378
381
389
393
403
403
404
405
407
405
398
398
396
394
395
393
402
397
398
400
400
395
396
388
385
389
382
382
381
390
395
385
380
386
389
388
385
386
394
391
394
387
390
386
382
392
394
399
397
394
396
398
390
395
385
394
405
395
393
391
387
383
390
390
386
389
395
395
401
402
394
392
394
389
386
389
378
378
382
384
387
380
384
380
394
394
405
403
406
401
403
399
401
408
400
400
391
390
383
383
386
380
384
386
384
383
383
389
395
390
385
379
376
377
371
373
383
382
378
381
387
391
390
390
382
385
391
386
383
387
387
386
387
393
397
398
404
407
403
402
401
398
403
402
404
402
399
402
403
408
404
405
400
408
405
407
406
407
406
416
416
420
419
419
419
412
411
406
397
400
395
398
406
404
404
396
406
400
389
397
387
385
392
386
383
377
371
363
355
358
358
363
359
359
356
356
355
355
365
358
355
354
360
362
358
353
341
333
331
335
339
347
343
344
337
342
338
342
340
347
346
349
357
363
362
355
350
352
343
340
332
333
323
324
329
329
331
331
332
330
320
318
314
318
331
335
337
336
330
329
316
322
317
316
321
311
303
302
307
307
309
313
330
331
331
327
339
353
352
357
367
357
366
368
382
377
384
385
390
389
390
382
374
372
369
377
370
367
362
353
348
339
338
341
343
331
336
334
336
333
337
333
345
351
355
360
371
368
364
357
358
357
358
364
363
362
354
353
353
367
371
358
363
361
365
358
349
359
357
362
353
356
351
344
346
345
346
347
356
353
348
353
354
363
358
349
351
356
353
353
358
362
364
374
376
376
381
392
393
394
386
392
392
388
387
394
402
397
393
394
391
393
391
390
403
401
400
407
404
411
414
406
400
409
411
413
402
405
406
407
407
410
412
417
414
407
412
405
399
408
406
405
403
402
400
404
402
407
404
404
403
398
399
401
404
398
393
388
385
394
401
404
407
404
406
407
405
406
400
404
401
401
402
399
397
399
396
390
388
389
388
392
388
388
384
387
381
375
376
377
384
377
385
387
389
392
395
388
393
397
400
408
416
414
410
408
412
414
418
418
416
418
412
402
405
401
395
395
392
390
386
386
383
388
388
382
392
384
400
396
403
402
396
396
400
399
395
393
406
402
393
389
389
384
382
379
376
374
360
363
365
359
363
364
363
365
358
358
350
350
355
350
343
342
338
336
327
319
320
321
337
331
320
308
310
310
303
307
308
302
313
321
322
313
313
314
320
327
335
341
336
345
350
349
349
358
357
355
360
360
362
366
373
373
386
391
389
388
391
394
387
383
380
379
366
369
369
375
369
377
377
377
386
395
392
392
391
389
388
388
385
381
376
371
376
379
375
375
383
387
377
372
366
364
357
352
360
362
369
369
368
363
363
355
370
375
387
398
391
386
390
384
380
380
382
380
378
376
383
385
372
382
383
390
394
387
385
397
394
391
387
387
386
377
378
385
389
383
379
388
391
392
393
385
379
374
372
372
367
370
371
374
371
373
377
384
379
378
371
377
380
388
386
392
389
396
392
388
393
394
402
391
395
396
397
394
400
395
403
402
395
396
392
391
389
388
376
381
382
386
392
388
398
395
397
393
394
384
378
375
365
364
363
354
352
342
351
352
345
354
350
347
337
339
331
323
326
321
324
327
324
320
319
316
315
325
336
333
334
333
330
328
337
340
342
349
346
349
346
338
336
334
331
335
328
320
319
328
318
328
330
334
335
339
333
336
342
355
357
352
349
354
352
359
350
352
345
343
340
333
336
323
323
317
313
311
304
303
312
323
316
319
313
314
311
317
328
322
325
326
323
317
310
314
310
300
304
308
305
299
290
276
274
274
276
279
274
274
271
266
267
266
265
269
270
264
269
269
271
268
262
274
280
282
284
287
286
283
290
293
292
290
292
288
299
295
282
283
286
287
295
291
283
278
289
291
291
298
301
293
288
291
295
300
300
302
296
278
280
285
280
273
270
264
267
262
262
254
252
251
256
267
265
259
259
258
263
265
274
266
265
264
268
268
272
272
274
278
275
282
282
277
276
274
273
261
253
258
262
259
257
249
254
255
253
254
241
244
238
240
249
238
238
236
236
236
239
244
247
259
266
272
265
265
258
258
267
271
268
277
274
275
276
267
274
279
274
274
285
286
297
297
304
297
297
294
300
299
302
305
313
310
304
301
309
310
320
317
311
320
314
319
317
326
322
327
327
332
328
319
316
312
320
320
315
321
321
328
336
329
333
328
326
321
325
323
330
331
337
323
324
321
312
316
312
304
308
312
308
307
298
303
307
308
306
307
299
302
294
282
285
285
282
286
287
283
283
282
280
287
296
301
303
302
311
323
321
325
320
311
313
307
314
308
315
317
321
310
306
306
319
319
320
315
314
317
301
298
299
308
318
320
324
325
332
328
331
324
319
319
323
319
320
328
335
333
320
325
330
329
325
324
322
325
320
330
320
319
315
318
322
328
326
323
333
337
329
333
328
334
334
338
338
340
336
336
344
349
353
350
357
368
369
364
366
364
370
365
358
365
359
362
371
368
366
363
358
355
345
332
313
324
326
323
327
322
329
333
328
342
338
321
321
313
303
293
295
293
293
292
293
301
297
290
295
301
291
297
307
314
313
313
317
314
322
315
316
308
311
318
318
323
328
327
322
320
313
310
316
314
320
316
316
317
321
317
314
312
308
312
311
311
314
312
312
313
319
322
325
323
333
327
319
328
320
320
328
332
328
333
330
336
341
341
339
338
329
328
332
335
325
322
321
327
325
322
318
318
319
317
313
314
308
310
312
312
310
300
293
294
289
292
288
283
282
276
273
279
281
274
280
292
288
289
286
281
288
289
292
281
280
268
264
269
270
272
267
274
278
274
264
266
268
268
268
274
267
265
272
270
272
279
291
283
281
293
281
288
294
295
296
297
298
295
289
286
286
283
287
281
283
277
278
279
277
281
276
275
286
278
277
280
276
274
277
280
286
292
291
298
311
300
295
293
295
291
296
291
289
296
296
296
289
282
282
272
268
266
270
277
279
280
280
277
263
256
259
263
262
261
250
246
252
245
247
240
242
234
246
242
242
236
242
234
238
236
230
229
239
250
251
254
247
248
254
258
259
261
256
263
255
253
257
260
257
259
262
263
258
251
256
261
263
271
265
269
268
264
255
251
253
259
257
248
247
246
250
249
247
250
251
245
245
245
251
248
247
246
243
238
247
249
255
250
254
254
253
255
252
257
259
253
265
268
265
268
281
276
283
294
293
293
296
301
307
305
301
295
307
317
316
314
324
326
324
324
322
322
311
314
315
317
320
329
330
333
333
345
336
337
340
335
334
342
347
347
349
344
338
335
340
333
330
336
339
334
341
336
343
338
335
342
327
325
321
327
333
341
336
335
335
335
329
336
335
340
340
342
338
339
340
334
331
332
325
329
322
329
331
342
334
329
331
330
337
335
334
319
320
321
331
336
338
344
343
348
345
351
351
351
344
344
342
340
356
354
344
331
334
342
342
348
341
342
341
342
348
360
368
370
372
379
385
373
373
367
360
359
358
356
361
364
361
370
378
380
366
371
369
363
361
360
365
356
347
350
353
353
355
363
370
362
367
368
366
363
357
349
347
347
338
332
338
340
338
349
343
351
349
342
351
356
362
367
364
363
359
357
361
354
356
358
359
349
363
349
348
337
336
334
320
326
322
327
320
315
323
317
319
319
317
314
311
315
307
304
294
293
296
289
287
290
281
276
274
271
266
266
264
264
259
261
252
253
248
243
243
249
252
255
247
252
252
247
253
255
248
247
247
254
266
274
272
267
259
261
260
256
258
252
249
253
255
260
264
271
259
259
256
250
244
244
242
238
233
234
249
239
243
245
251
253
244
244
245
244
251
253
250
246
246
243
250
248
250
255
258
261
250
255
260
254
250
250
246
247
242
247
245
244
244
253
246
252
255
255
252
251
255
250
248
250
260
259
257
267
271
266
258
267
267
262
259
256
260
256
258
253
239
252
247
251
251
259
268
267
253
261
257
263
272
287
288
288
279
273
279
274
276
275
280
278
275
272
277
283
285
280
289
296
298
296
294
301
292
296
294
293
302
310
314
317
310
313
307
305
311
315
320
328
323
329
324
324
318
315
312
321
320
320
312
310
323
326
331
335
343
341
344
340
345
352
352
356
357
354
352
355
357
356
351
354
350
344
340
344
346
342
342
339
338
340
339
335
326
326
324
320
321
331
324
319
324
321
320
319
317
325
327
335
342
340
331
322
324
328
329
327
335
335
333
336
350
345
336
330
332
338
336
334
337
340
339
350
350
335
340
349
351
354
359
361
362
367
373
376
377
383
373
376
377
385
388
386
386
384
381
385
389
380
386
384
380
383
372
367
370
357
355
344
344
335
341
338
332
333
329
333
330
328
333
332
319
325
320
321
321
319
326
320
326
322
319
317
305
313
308
302
299
300
295
289
289
290
284
289
294
298
298
299
301
296
295
296
296
288
280
276
279
285
281
275
283
283
283
271
274
267
278
275
269
266
278
284
287
295
295
287
285
285
289
291
284
285
283
284
287
289
289
287
291
297
295
298
293
287
289
288
292
291
289
294
286
286
290
275
278
277
277
284
285
278
267
277
270
271
269
262
265
266
265
273
264
266
267
263
259
260
250
248
248
251
249
247
244
243
248
248
248
243
244
243
241
242
246
256
260
252
259
251
250
250
248
244
240
239
245
234
237
243
237
232
234
230
225
226
223
218
216
234
235
236
242
250
241
237
236
244
239
245
240
229
238
230
224
222
226
240
236
237
230
233
225
221
225
229
239
238
230
233
233
231
228
220
219
208
204
206
195
193
203
211
209
211
213
213
218
222
224
218
225
222
225
231
232
231
235
230
230
235
235
234
233
235
237
238
233
227
231
232
233
240
239
252
261
257
261
258
265
258
248
251
256
262
266
264
270
276
282
280
279
287
291
290
292
296
289
297
304
302
298
296
297
291
293
290
285
287
290
296
303
302
310
305
312
302
302
298
302
292
283
285
275
277
278
276
264
263
273
270
270
271
271
267
263
269
273
275
271
267
274
271
279
286
298
300
305
316
322
317
313
315
314
314
308
307
308
308
306
310
307
315
311
310
310
311
324
335
334
335
349
350
350
349
343
339
336
335
325
335
332
327
319
318
313
325
321
323
329
335
335
329
335
341
345
348
347
342
347
353
353
348
340
354
352
348
345
337
335
330
332
331
336
331
336
334
340
338
333
334
330
326
328
325
328
327
320
326
314
307
301
300
301
307
309
310
312
311
314
320
326
319
319
324
329
340
335
339
334
323
327
332
328
331
330
340
340
329
321
325
324
317
311
315
314
298
299
313
315
310
312
317
318
319
319
312
312
307
310
305
308
303
308
311
312
307
310
310
308
305
305
305
303
299
304
298
295
303
311
317
316
314
307
301
297
298
311
310
304
313
310
310
304
307
310
304
306
318
313
320
312
315
310
311
310
312
304
310
314
318
311
309
319
321
317
316
314
321
315
314
312
304
301
304
292
294
293
290
283
278
275
281
279
282
279
280
285
287
286
282
281
274
269
280
274
273
277
271
276
277
285
281
292
292
291
292
296
298
289
296
295
289
283
284
283
280
280
281
290
289
296
293
293
292
294
301
301
299
291
283
280
281
285
275
272
271
272
265
269
263
264
257
262
254
256
254
241
243
238
239
239
238
238
234
243
240
243
241
237
242
241
245
256
255
255
253
256
246
256
261
257
251
263
262
251
253
245
249
239
249
245
245
256
257
262
258
260
258
260
248
244
247
246
242
240
254
254
248
246
245
250
255
251
249
252
254
247
257
259
257
254
252
257
259
252
254
248
248
254
250
255
253
244
258
254
255
258
256
253
248
251
251
257
250
250
245
240
237
237
239
238
241
237
242
248
249
240
242
237
235
237
245
242
241
243
237
241
234
237
239
236
232
235
233
233
234
233
234
229
222
216
201
204
200
198
187
196
195
204
213
220
220
219
228
229
219
218
222
220
215
218
219
214
206
201
208
208
199
189
191
186
196
190
187
179
178
180
177
173
171
161
167
166
167
167
172
171
179
178
183
176
174
177
181
178
181
174
163
157
158
171
169
160
158
165
165
159
162
171
173
174
182
183
177
176
185
179
183
175
181
185
184
187
179
184
184
179
181
177
169
178
183
175
182
188
193
193
189
194
187
190
191
194
190
183
174
175
168
175
170
177
175
183
182
198
201
212
215
212
221
219
217
214
224
231
236
228
231
223
231
229
223
229
234
233
239
238
236
229
227
220
223
219
214
220
227
226
228
236
237
237
236
240
236
241
235
242
234
244
243
246
247
251
241
242
240
237
237
244
242
254
245
243
242
242
241
240
251
245
249
249
243
242
236
233
231
222
228
228
228
232
237
241
238
227
229
222
214
218
216
221
222
228
220
216
207
214
219
219
220
232
228
229
230
222
218
205
195
202
207
212
203
209
211
212
212
206
204
196
205
203
203
209
209
209
212
214
216
212
215
219
213
207
197
189
192
200
202
206
199
206
200
198
193
185
189
194
187
184
187
187
200
204
202
198
208
208
216
213
216
214
214
219
218
216
203
211
213
222
232
234
226
227
219
225
223
227
232
228
227
217
223
220
226
231
242
245
245
239
237
236
249
245
239
245
245
242
237
237
237
239
235
238
236
233
226
233
238
235
233
233
237
236
234
237
232
246
252
259
256
259
252
252
255
256
258
263
263
262
266
264
265
260
264
266
271
273
271
264
253
258
243
242
239
240
242
255
250
254
255
253
257
258
258
250
239
238
240
247
249
255
255
251
250
250
239
239
237
231
237
240
240
238
225
222
219
218
212
200
204
204
207
209
203
183
187
184
187
188
191
188
188
191
188
188
191
185
183
179
181
180
178
176
172
168
174
173
169
165
172
172
164
166
160
165
165
169
172
172
170
175
177
179
178
181
197
197
186
183
178
177
177
167
169
167
167
159
160
160
157
162
170
169
163
159
159
158
154
154
154
148
144
138
139
150
153
151
154
152
152
156
157
163
160
154
157
159
159
165
159
156
155
156
150
147
148
153
154
162
159
158
162
162
158
168
165
157
155
159
167
175
179
174
169
169
167
167
171
170
171
171
177
173
172
175
174
166
178
175
169
163
175
177
178
180
177
179
184
175
171
168
175
174
172
166
161
151
149
144
149
137
133
139
138
145
142
138
144
144
135
130
129
130
133
141
142
143
154
150
152
152
138
142
140
142
137
139
143
143
132
130
131
137
131
129
128
124
116
120
129
130
126
120
118
118
114
120
123
119
121
121
119
113
116
120
124
119
120
117
119
122
125
133
133
137
140
137
133
131
128
129
133
131
133
129
125
123
120
110
108
105
101
104
98
90
90
89
101
90
88
92
88
80
73
71
83
85
78
79
75
71
79
79
81
86
83
81
80
73
84
87
98
87
84
83
86
82
74
89
80
82
85
84
89
82
84
81
73
63
68
75
83
78
71
72
72
68
70
84
73
76
68
61
57
54
59
54
63
71
76
74
82
78
72
78
76
84
76
81
77
77
78
82
82
85
86
86
90
91
97
97
91
93
93
106
100
107
116
121
111
111
120
113
108
111
103
105
105
105
111
106
107
106
99
105
100
100
97
91
86
84
84
88
92
96
93
101
104
104
98
97
104
103
92
96
92
94
108
106
101
98
98
90
102
104
107
106
112
117
106
106
105
109
109
110
106
107
112
106
111
115
110
112
105
101
99
102
104
113
117
123
118
117
123
119
120
123
130
116
115
107
105
108
110
108
117
120
130
130
140
136
140
146
147
149
144
147
143
142
131
136
128
133
133
128
118
116
126
117
115
113
126
124
128
125
130
120
123
122
125
125
126
112
108
108
104
108
109
106
110
118
120
121
122
127
134
143
152
144
154
149
151
151
164
159
169
169
175
177
175
179
184
179
169
165
165
173
169
166
169
162
167
171
173
174
178
169
176
173
178
178
179
189
191
192
179
183
181
188
194
188
187
181
188
197
201
203
203
195
194
195
205
203
201
200
198
203
213
215
219
228
229
225
218
213
210
205
203
194
199
195
195
187
189
197
195
195
187
185
189
185
184
181
172
166
167
163
167
164
167
161
169
167
167
168
168
174
179
168
164
166
171
176
178
187
187
193
193
192
193
195
192
192
188
185
181
186
179
183
185
181
179
181
185
174
175
172
168
171
171
176
192
189
183
177
168
162
157
154
163
167
170
169
160
157
152
153
131
127
120
114
118
113
126
137
131
141
138
143
142
141
138
135
136
137
145
137
133
132
132
130
138
135
145
150
145
144
138
136
132
132
134
136
134
132
134
140
150
154
149
150
144
141
138
138
146
150
143
141
134
142
143
150
152
149
149
156
143
150
152
154
159
159
163
159
161
172
183
185
191
188
186
190
193
189
189
189
189
198
194
194
197
193
191
187
185
186
181
183
176
174
174
164
166
166
175
178
184
185
192
184
184
180
175
182
186
185
190
198
199
210
209
211
211
202
187
180
196
197
199
199
194
198
203
208
203
195
192
188
188
190
194
185
187
183
190
185
196
200
205
204
201
204
197
194
187
176
178
168
165
166
158
158
167
168
179
182
179
171
178
177
176
191
190
193
197
194
185
176
182
182
180
177
175
171
165
163
157
159
167
171
171
171
166
168
176
185
183
187
181
182
181
182
178
188
186
182
179
181
186
194
190
192
197
196
197
195
202
187
182
180
189
186
182
185
178
174
172
176
188
183
183
180
168
167
165
159
152
154
153
150
167
172
171
172
170
170
178
174
171
164
166
171
168
167
149
152
148
144
155
151
158
156
153
150
156
146
138
140
135
143
140
140
141
141
134
132
134
140
135
135
129
122
126
115
114
112
109
115
115
118
123
123
119
118
117
120
114
106
103
109
112
120
115
110
113
117
122
119
121
120
129
137
138
134
144
143
150
160
162
167
156
157
151
152
142
143
149
145
144
138
143
146
146
146
142
140
141
137
143
148
150
144
140
138
147
151
153
159
157
148
146
145
142
137
143
148
153
158
156
160
162
165
154
163
166
166
167
174
178
179
178
171
177
170
167
165
165
164
163
172
168
176
186
182
180
177
183
180
180
172
175
178
177
175
181
179
176
172
164
164
160
158
166
175
177
179
179
190
193
195
206
213
215
219
216
219
230
234
238
232
227
221
217
211
221
219
221
214
211
211
214
214
212
213
205
213
208
208
210
215
213
215
219
224
229
224
228
230
234
230
236
236
239
242
234
234
232
236
237
229
232
235
248
257
259
265
265
267
261
254
259
253
251
251
252
255
257
254
256
241
248
249
257
258
256
259
258
259
260
253
252
256
253
258
258
262
263
255
253
252
256
250
246
238
232
228
236
234
224
220
224
232
239
244
241
236
237
230
224
219
218
209
212
212
207
205
204
197
196
198
198
188
187
188
183
176
170
167
164
164
174
170
171
168
169
167
166
165
166
172
169
177
178
180
188
195
194
192
199
198
200
206
204
198
192
190
200
194
181
182
186
176
164
165
169
175
170
164
162
157
156
159
155
157
162
164
167
160
151
154
159
164
163
162
158
153
155
160
159
155
153
150
148
157
155
160
151
149
159
168
172
176
169
167
171
158
157
153
168
165
167
172
169
167
169
168
164
174
169
169
177
173
165
165
157
153
143
133
134
141
138
135
135
136
144
142
146
152
154
170
168
161
158
159
158
158
151
148
136
143
147
140
141
132
137
132
141
136
143
142
145
151
157
157
161
159
164
161
155
156
155
150
157
165
161
159
153
154
148
147
140
143
141
131
129
120
118
120
110
112
111
110
107
115
124
121
131
131
133
125
123
128
130
132
122
129
134
144
145
152
155
154
144
146
152
152
157
157
163
162
175
170
173
167
170
160
159
150
146
140
133
135
133
122
119
122
124
126
131
123
122
126
132
132
140
141
137
131
129
120
117
117
118
123
130
134
137
141
146
149
151
148
159
163
165
158
163
166
164
166
169
166
169
161
155
148
151
155
155
150
153
156
153
165
162
164
161
169
174
186
186
177
172
168
171
164
159
155
156
153
148
144
143
144
151
160
162
154
147
152
147
143
150
147
146
143
143
140
147
145
147
139
137
128
125
120
126
123
124
121
121
124
136
136
138
144
140
137
132
142
130
122
113
115
116
108
113
114
112
112
106
107
112
111
115
109
116
110
117
109
110
106
103
102
99
87
82
76
77
71
75
79
77
78
65
61
51
48
44
34
36
33
26
30
31
31
26
29
29
29
19
18
15
23
16
12
17
26
21
24
28
37
29
31
33
35
29
26
30
23
34
23
19
23
21
19
15
26
26
25
23
9
16
18
16
16
12
19
15
14
16
18
27
29
31
30
30
34
34
31
26
23
18
14
20
19
22
17
20
9
16
22
24
32
32
33
26
25
27
36
35
30
32
44
44
48
48
44
41
37
29
24
30
23
29
26
27
26
26
33
43
40
44
47
44
32
35
39
36
37
31
36
29
22
24
20
22
26
29
36
31
27
26
20
23
28
32
29
28
18
20
25
25
30
29
33
33
35
38
42
43
51
54
48
53
62
70
59
59
55
52
55
59
64
70
70
68
68
79
69
76
76
93
99
99
93
102
108
106
104
113
111
116
105
111
110
96
102
99
102
104
107
99
94
89
85
91
91
94
93
81
80
82
76
70
63
60
69
66
63
53
60
62
62
63
54
63
61
60
63
59
73
79
73
77
81
75
68
63
65
75
71
70
73
80
76
76
78
80
82
72
77
78
76
79
73
69
74
71
69
72
76
74
76
69
68
62
65
59
60
60
58
72
66
62
62
67
71
74
61
64
66
67
74
66
75
73
67
60
62
61
61
70
77
74
75
72
81
83
77
68
67
67
71
83
80
79
71
72
73
93
81
88
91
93
81
85
85
78
73
69
71
74
78
76
91
93
91
89
83
81
84
85
78
84
79
79
78
85
90
97
98
97
101
101
100
104
95
93
96
107
109
118
122
110
103
100
105
105
95
102
92
97
96
94
102
104
106
107
107
107
108
104
103
104
102
108
95
95
108
110
105
104
99
93
97
85
77
76
76
68
70
71
60
58
54
54
46
53
55
64
67
64
60
62
52
57
58
53
55
50
40
41
35
31
30
31
41
39
41
42
39
36
35
34
39
37
32
31
30
27
28
31
30
27
16
17
13
19
19
18
27
30
27
25
24
27
19
14
11
15
12
17
19
19
14
15
11
19
16
25
28
25
28
23
15
14
10
21
21
19
18
20
16
8
14
19
11
21
16
15
14
23
22
20
16
11
13
14
17
16
20
31
27
21
18
28
24
28
17
20
20
10
22
29
25
37
41
45
43
46
45
49
44
42
45
34
37
41
32
24
15
24
26
28
32
28
24
22
12
10
24
19
22
19
21
21
17
19
23
23
20
19
21
26
22
21
19
21
29
35
37
33
39
37
31
33
32
24
23
24
17
16
16
25
18
18
18
22
30
43
47
47
49
37
31
35
37
38
33
27
31
30
35
31
38
27
27
19
26
20
12
21
24
19
17
13
15
6
11
10
12
12
10
13
11
13
17
14
20
22
19
25
24
26
20
26
20
23
31
28
32
34
34
38
43
34
40
33
35
45
48
50
56
54
46
49
41
39
33
32
39
41
49
56
61
57
73
66
70
63
54
45
43
52
52
59
52
57
53
45
54
55
51
47
41
41
52
62
60
65
67
61
61
62
60
54
51
53
47
50
51
53
55
52
65
62
60
51
53
44
39
46
37
36
39
43
42
42
48
52
39
39
40
47
47
56
64
63
70
68
66
61
71
75
77
82
92
93
92
90
100
98
95
105
97
95
102
100
101
94
85
76
67
75
72
68
77
73
72
70
75
75
72
84
84
88
86
84
88
87
89
96
101
102
97
90
83
88
91
98
99
90
92
85
87
89
99
97
95
105
101
104
111
113
114
110
103
110
116
122
122
129
135
134
125
131
119
117
122
113
113
112
108
104
107
101
99
103
103
110
102
103
99
98
104
100
97
97
102
95
105
106
102
100
99
103
103
104
107
110
106
113
109
117
122
129
128
132
134
137
130
115
124
130
125
117
114
115
116
120
120
116
118
127
118
115
114
108
116
121
124
125
117
117
115
113
111
110
109
99
101
94
94
89
91
95
101
104
112
113
99
96
98
105
113
113
106
106
109
113
111
114
111
107
117
120
115
120
119
113
119
123
128
112
104
106
108
112
114
114
101
102
100
91
89
94
91
100
102
104
101
107
104
94
92
100
106
100
95
100
94
103
108
104
100
107
106
108
113
94
97
101
100
103
104
102
108
109
119
116
122
129
132
129
132
133
125
118
114
111
110
115
119
118
120
135
143
141
147
148
150
166
167
166
171
173
180
183
185
184
181
177
179
180
181
184
189
185
187
186
190
186
189
187
193
200
199
210
217
214
217
217
221
225
222
222
222
224
227
232
229
225
215
218
211
220
216
217
216
215
219
216
213
211
204
200
200
195
192
183
176
177
172
165
162
164
177
170
170
175
177
182
176
175
171
167
162
166
167
166
161
158
154
149
146
136
144
147
156
152
155
153
158
161
151
151
145
150
148
136
142
143
151
138
144
143
135
136
127
131
123
116
116
118
109
112
112
118
115
123
125
119
127
139
150
144
149
152
147
146
144
141
147
145
150
149
154
161
157
156
157
162
156
159
155
157
161
159
158
155
154
147
148
154
158
150
157
154
156
161
161
157
161
161
152
162
150
144
139
147
140
138
142
146
150
158
161
158
162
172
175
179
189
198
211
212
204
202
205
205
207
205
200
200
199
199
196
206
212
204
202
193
196
186
180
180
177
178
179
178
179
161
162
158
150
151
156
153
144
142
137
133
133
132
141
134
137
138
128
123
124
123
125
124
122
119
113
113
120
120
122
122
119
123
112
113
108
105
107
108
107
105
108
106
116
111
110
117
112
105
114
110
109
120
116
118
109
111
110
116
117
113
122
112
107
115
118
110
106
103
111
112
110
103
111
116
124
128
128
125
114
106
107
103
98
94
89
76
85
86
93
84
86
84
82
84
77
76
74
71
71
75
71
69
62
70
74
68
73
73
70
76
74
73
67
78
86
88
88
89
96
98
92
91
83
78
75
70
75
77
73
70
67
68
69
73
72
77
86
78
78
80
76
76
80
84
79
89
95
96
96
86
85
86
89
90
87
84
92
88
82
79
81
79
88
97
96
94
94
96
92
81
73
69
71
75
74
60
64
60
62
60
70
61
66
62
62
61
61
60
64
60
57
50
54
63
58
56
52
52
48
50
45
40
40
40
43
42
42
45
40
40
43
37
38
35
31
25
21
21
26
35
39
39
34
38
29
27
25
27
21
22
27
39
35
30
35
34
33
38
41
43
48
47
43
37
44
46
38
44
47
44
53
60
68
65
70
69
63
62
65
66
69
63
67
67
73
70
69
71
76
79
83
88
82
91
91
97
99
97
92
93
98
103
112
98
91
88
87
93
97
99
108
113
122
118
119
120
111
104
101
93
94
93
96
98
100
97
100
103
97
98
98
87
88
92
91
92
91
88
82
87
86
88
80
82
81
76
83
88
89
95
87
79
74
66
64
56
58
52
50
49
47
46
43
44
45
47
52
60
60
60
65
63
65
65
62
60
63
64
69
72
69
67
61
63
56
60
64
65
65
61
60
59
54
42
37
34
30
31
28
25
36
40
39
39
43
40
38
36
30
26
26
34
32
30
37
45
56
49
45
50
52
49
49
51
57
62
58
59
55
63
63
62
58
51
39
39
36
45
38
37
34
34
29
25
20
21
14
12
18
19
21
16
14
16
16
18
8
13
11
10
14
10
13
16
25
33
32
34
39
45
38
28
22
25
22
20
12
12
15
13
8
20
21
14
17
13
13
12
14
18
17
20
18
20
24
27
14
18
21
18
10
20
23
25
25
17
17
14
16
19
20
18
11
18
18
20
16
24
29
29
26
28
38
36
32
26
24
19
20
9
23
19
30
27
25
29
23
31
32
34
30
14
19
20
17
20
17
22
17
12
13
11
16
19
19
19
13
14
13
18
31
33
33
36
33
23
25
22
20
28
28
25
21
21
15
26
37
36
45
49
43
44
48
50
47
49
44
55
56
54
50
56
55
54
62
61
65
63
58
55
55
57
45
48
47
43
38
38
46
58
53
56
51
43
44
43
46
51
50
59
54
48
48
46
54
58
66
77
83
83
80
80
77
82
77
73
76
68
66
63
71
74
69
71
65
69
67
74
78
87
86
76
78
82
87
85
98
92
96
104
106
111
115
117
119
121
131
127
123
130
132
132
124
125
130
133
129
129
138
144
146
145
151
152
139
147
151
158
163
164
155
149
154
153
153
160
153
159
163
153
158
160
161
153
156
160
159
171
156
165
161
163
169
166
164
163
165
172
174
176
178
176
179
178
184
190
190
189
185
184
186
194
193
190
195
192
199
200
201
205
207
217
221
225
227
226
221
227
229
230
224
225
225
238
247
236
241
241
241
229
227
223
227
228
232
227
234
230
232
240
243
238
242
246
247
252
253
261
264
262
267
268
262
266
266
264
263
260
261
258
255
250
250
267
269
271
262
262
259
262
258
269
270
265
265
262
267
271
266
265
267
269
268
254
252
258
259
267
268
274
266
263
267
263
259
264
269
273
274
273
267
270
274
275
269
268
259
270
280
284
285
283
285
284
289
290
282
290
288
283
285
281
281
270
266
276
272
273
282
282
282
275
275
269
263
267
271
272
285
278
283
285
288
284
277
279
277
279
286
289
299
300
310
315
314
307
310
310
312
310
313
315
317
317
323
331
331
332
329
335
337
331
326
335
335
338
343
351
355
350
357
364
361
361
369
371
375
376
367
368
359
362
361
364
372
365
364
361
368
370
380
385
391
392
398
387
381
380
382
392
388
385
385
381
376
383
381
377
369
363
363
365
369
366
364
363
359
362
358
357
362
363
361
360
368
364
364
360
354
351
349
349
343
338
328
333
338
342
344
342
354
353
356
358
364
370
366
372
372
376
383
372
365
365
357
358
360
347
346
337
336
339
340
333
332
332
333
322
321
320
321
320
324
325
327
335
341
346
348
356
356
360
357
353
355
353
358
351
357
360
364
367
372
375
374
375
376
379
382
383
380
376
386
394
395
387
391
398
400
397
393
392
393
384
380
383
382
377
378
378
371
362
355
351
354
360
366
360
355
365
373
375
377
379
382
394
389
387
390
392
388
383
382
386
382
391
375
382
382
380
373
373
376
371
374
374
370
364
364
355
356
360
364
360
361
356
354
351
353
356
351
350
355
349
358
356
357
366
371
378
379
377
370
371
370
378
387
384
376
372
365
363
365
360
366
368
373
366
363
361
364
381
377
387
383
388
391
387
385
397
397
394
403
409
410
405
412
412
411
402
398
401
402
402
398
403
402
401
400
400
400
402
401
399
392
396
394
397
393
393
399
393
394
401
395
393
390
390
392
386
388
399
400
402
406
400
397
395
392
403
402
406
413
414
416
408
413
418
419
422
410
405
400
419
419
427
433
436
437
436
439
441
445
446
447
447
451
455
439
435
431
424
423
423
413
411
412
419
415
417
418
416
420
420
419
416
421
425
421
425
420
423
432
436
434
433
432
431
420
422
424
425
425
422
428
425
427
430
440
436
432
427
429
432
438
440
439
440
454
448
451
452
449
447
440
437
445
438
439
436
435
438
448
451
451
445
442
441
441
442
442
439
430
433
431
435
433
433
425
423
424
424
431
434
433
433
442
443
442
432
426
424
418
412
415
403
401
410
419
422
414
412
419
411
418
420
415
412
422
425
419
419
418
424
427
419
410
418
416
419
419
420
421
425
426
429
420
427
427
432
432
427
431
427
423
408
405
403
406
401
399
396
399
399
408
401
399
393
382
380
381
378
382
379
387
376
379
372
383
376
376
381
374
365
373
362
362
371
370
365
371
368
370
369
365
370
371
378
389
388
391
376
385
384
375
378
385
379
373
377
387
386
394
389
385
380
377
368
362
364
364
367
369
353
346
352
356
353
360
357
352
356
363
367
365
357
359
360
360
359
347
342
334
333
330
338
337
331
330
332
332
336
341
343
343
338
342
341
349
351
355
351
349
342
348
345
347
346
352
353
352
361
361
366
372
369
361
366
372
375
371
374
377
377
375
374
366
360
359
363
371
383
390
382
389
404
410
402
407
407
412
409
398
393
402
400
402
403
399
392
402
411
422
417
424
427
438
447
442
443
439
442
445
440
445
447
449
451
455
462
469
468
457
460
457
454
449
445
438
439
449
453
452
454
447
446
443
440
443
443
453
457
453
457
458
463
468
469
466
462
473
477
476
481
478
484
486
488
481
483
485
481
484
484
475
470
483
489
489
498
495
496
499
497
505
495
485
491
486
484
476
481
486
486
486
489
485
485
485
482
480
481
479
486
488
484
489
480
478
476
479
473
470
474
477
477
479
477
463
467
464
464
457
459
465
468
466
469
463
465
462
465
465
469
474
480
478
476
486
486
475
478
481
484
486
486
481
467
467
471
465
466
470
478
473
474
482
479
481
481
484
488
496
500
497
485
486
483
472
463
457
457
448
448
443
447
446
450
456
444
439
437
441
442
431
437
435
435
430
437
443
437
431
433
431
430
429
430
429
424
416
418
416
418
422
410
401
404
404
401
401
403
410
404
400
403
400
393
394
396
392
390
392
390
382
389
391
400
401
400
399
411
403
399
393
386
383
379
390
395
399
402
405
403
397
403
398
400
405
408
401
405
412
417
413
410
412
419
420
419
415
414
411
404
411
408
411
403
399
404
392
393
391
394
400
394
400
404
408
408
408
398
406
400
395
393
399
388
393
395
404
403
409
405
407
412
407
417
408
413
412
409
414
411
408
412
412
399
398
399
399
398
396
392
386
383
393
393
391
402
403
413
408
407
399
408
409
407
410
407
405
412
417
414
411
412
415
423
414
403
401
407
397
390
393
389
398
392
394
395
397
391
392
397
388
391
398
396
391
390
386
384
381
369
369
363
355
362
357
367
373
375
372
382
381
384
388
384
390
390
387
379
376
389
385
394
398
389
384
385
386
393
394
399
410
407
396
388
392
390
386
399
402
405
402
396
387
377
382
382
378
379
371
367
365
370
373
381
378
390
385
396
404
405
404
404
399
397
403
400
408
408
402
402
406
401
404
404
407
406
411
411
410
422
419
423
417
413
403
408
413
416
416
403
411
415
413
418
423
414
422
423
433
426
426
425
427
430
427
430
430
427
429
429
421
418
418
415
407
412
419
415
417
409
405
394
395
399
403
406
413
415
421
421
409
402
407
404
405
413
414
412
417
417
416
413
408
416
413
412
410
412
421
427
427
421
415
412
420
425
423
428
430
431
427
422
425
428
430
430
428
424
427
430
428
425
436
436
424
433
429
430
432
434
434
432
430
421
427
430
433
435
433
436
421
417
419
415
415
422
432
431
428
418
415
406
394
394
390
402
403
399
406
401
402
398
396
392
390
383
385
387
381
373
375
377
384
376
378
391
392
393
403
407
394
399
404
420
418
412
416
423
416
411
408
400
409
411
419
420
420
418
424
424
415
419
413
413
405
405
397
391
385
387
385
385
389
393
401
395
395
389
381
380
385
386
388
397
401
398
393
393
399
393
396
396
397
404
408
407
414
421
418
417
421
413
412
408
400
405
400
411
402
409
407
404
398
403
404
410
410
413
410
403
401
395
397
389
381
376
378
387
393
388
391
388
388
380
380
382
377
376
383
389
394
390
389
394
382
375
391
390
401
401
412
410
409
413
417
420
427
431
437
437
439
432
433
433
431
434
438
441
446
434
430
437
438
433
436
432
437
438
422
417
418
419
418
412
410
412
415
410
420
421
412
403
411
416
419
414
415
410
414
432
440
441
439
436
442
442
446
442
436
440
437
438
428
426
429
442
448
449
442
438
447
447
434
431
422
423
423
430
427
432
428
427
429
429
426
424
415
410
402
401
401
410
404
410
404
397
404
415
418
414
410
414
420
419
425
430
427
423
424
412
408
394
400
401
411
411
417
417
422
415
412
414
409
411
412
410
408
413
406
404
401
404
400
394
393
389
387
391
388
387
383
381
385
391
383
388
394
394
395
392
388
385
384
383
387
381
385
381
381
379
381
383
382
384
382
380
389
398
399
392
382
376
376
371
371
373
376
383
381
389
396
399
404
408
407
407
404
407
408
416
410
408
405
401
407
404
405
392
392
397
392
403
399
405
406
395
390
393
394
388
386
385
379
374
380
388
389
391
399
405
398
400
392
391
400
409
413
407
407
409
410
408
400
389
379
382
380
396
404
402
398
404
399
398
395
393
398
400
388
395
398
393
390
382
383
387
374
377
373
374
369
367
364
375
376
375
371
374
369
366
361
353
356
364
358
355
356
354
356
358
355
358
356
351
358
356
368
362
358
357
358
362
359
348
341
344
342
341
335
337
333
338
343
339
344
349
344
344
346
337
334
330
327
327
318
319
319
307
309
322
318
314
311
308
304
302
298
307
309
296
295
290
284
288
285
277
272
271
273
272
268
271
269
276
278
272
274
280
274
266
267
274
279
276
283
282
282
290
283
281
271
274
269
266
268
258
265
268
263
265
264
267
254
256
259
256
248
244
232
227
219
213
204
209
213
217
218
212
210
206
213
217
222
213
219
211
213
205
203
206
217
221
223
222
224
222
211
214
206
211
203
198
204
199
186
175
178
185
187
189
188
179
184
190
198
203
201
207
209
206
198
204
192
193
198
190
188
195
201
200
198
202
206
209
201
203
206
207
206
212
217
220
227
224
232
217
218
218
215
211
223
222
226
217
225
219
221
215
213
206
206
206
211
212
208
206
206
202
204
214
213
211
205
204
205
204
203
206
212
203
213
219
221
223
226
221
212
208
196
196
195
203
207
200
205
208
209
217
213
204
201
197
194
196
198
203
195
189
186
175
175
178
173
173
174
166
166
173
166
169
170
181
188
195
197
199
199
204
202
206
208
201
202
211
210
213
211
206
202
198
207
204
198
189
187
186
195
196
192
179
177
179
182
186
190
200
202
205
207
215
214
220
228
226
226
232
243
246
243
248
247
247
249
242
237
235
233
226
227
226
222
219
227
234
240
227
230
230
237
241
244
242
241
247
250
246
247
261
257
261
265
275
276
279
279
285
282
291
300
290
289
289
299
294
298
303
306
313
318
316
314
314
310
305
303
299
298
309
310
309
315
314
322
317
322
322
319
325
322
321
310
309
297
299
297
287
294
299
298
287
284
289
288
294
285
288
290
277
282
287
286
285
293
298
297
293
298
300
308
310
308
304
297
301
293
295
301
305
307
306
303
298
299
296
289
286
280
280
285
277
269
280
280
287
282
286
283
288
294
299
304
307
303
296
303
301
301
298
300
296
301
304
304
301
295
299
310
311
322
316
316
314
314
323
321
326
328
330
335
335
341
342
345
345
345
344
343
345
352
357
360
358
354
354
351
349
352
359
359
357
354
353
349
344
339
337
336
332
330
333
339
331
326
323
317
317
318
313
315
321
323
334
340
336
332
332
339
343
352
351
353
357
351
356
358
348
350
351
342
347
337
328
327
341
342
348
347
336
332
345
346
355
363
366
374
372
378
376
378
385
379
383
384
382
392
389
390
389
390
385
384
381
380
388
388
393
390
396
387
397
404
403
391
396
392
393
388
387
394
392
390
391
391
400
384
371
372
370
372
363
366
370
374
367
371
372
384
377
376
382
378
383
388
385
389
393
398
396
393
386
382
383
379
378
378
379
377
368
370
380
380
383
373
376
382
382
393
399
405
408
414
418
425
423
415
414
419
426
421
411
424
418
420
430
427
428
425
434
432
425
434
432
436
424
421
425
419
408
409
415
409
412
423
421
417
422
424
425
418
416
420
433
434
428
435
438
434
438
442
443
446
448
444
455
457
461
460
458
450
444
438
439
445
441
443
450
462
464
458
458
464
464
455
451
465
468
472
475
482
480
473
470
476
474
465
467
465
458
454
456
460
460
471
462
465
465
452
455
455
457
456
454
447
441
437
442
446
441
436
432
434
442
455
457
451
454
453
450
449
449
451
448
455
456
460
462
468
473
474
471
471
466
463
463
470
457
462
457
455
455
450
439
440
438
440
443
441
437
445
438
442
443
436
441
445
439
445
446
447
442
434
425
422
420
429
435
434
437
436
433
433
429
426
431
428
421
430
434
437
439
442
444
434
434
438
432
432
435
431
436
431
442
441
440
436
440
440
442
445
441
441
440
434
430
427
427
418
427
428
427
433
426
432
432
439
447
452
454
458
459
467
469
470
469
469
466
469
470
473
478
474
471
473
484
486
491
498
502
513
510
515
505
511
513
511
507
501
509
506
505
512
510
506
510
500
501
512
511
507
497
488
491
496
492
493
494
497
502
508
500
501
498
501
500
491
505
505
500
492
490
486
483
476
478
481
475
481
485
484
473
480
479
465
466
471
464
458
457
453
453
451
448
454
449
447
456
458
449
442
433
428
428
422
429
433
435
435
434
428
432
429
427
424
417
417
413
419
421
417
424
408
398
383
390
394
397
398
388
386
391
391
394
387
382
378
372
371
378
385
382
385
380
380
390
391
393
394
392
400
411
409
402
402
396
400
399
401
394
395
399
399
405
408
415
409
410
406
408
403
398
402
407
406
401
399
405
404
400
400
402
404
405
408
418
413
411
413
408
405
404
396
399
407
402
401
399
406
401
399
405
403
406
401
403
410
413
413
414
405
396
397
392
393
387
393
387
401
400
400
400
398
401
408
410
412
408
410
404
403
406
406
412
412
405
403
394
394
398
393
387
384
389
397
392
394
389
387
390
387
388
389
392
396
392
398
403
400
403
403
406
408
408
398
407
404
398
399
402
396
393
392
394
398
401
405
403
411
400
410
411
410
397
394
404
415
418
422
427
426
416
417
423
416
417
427
427
429
424
420
421
430
431
438
444
445
445
443
453
454
459
461
463
470
479
481
483
481
478
474
476
476
481
473
466
469
472
472
470
465
458
470
475
477
479
480
475
464
464
469
463
460
457
460
470
477
479
485
484
475
482
478
477
482
482
491
485
490
496
497
500
491
491
484
488
491
490
487
483
478
482
481
474
469
469
460
459
466
466
458
464
470
479
486
490
489
479
461
460
467
477
476
483
486
478
481
479
474
470
466
463
459
461
456
443
454
454
446
446
442
443
447
453
451
451
459
453
452
437
432
436
437
444
448
454
452
454
455
450
445
449
458
462
456
451
447
448
451
446
455
449
447
442
450
457
454
463
461
461
461
460
456
461
477
474
472
471
458
459
464
473
468
466
471
467
471
467
469
471
472
461
456
456
458
458
457
458
456
455
443
438
441
432
441
436
432
432
438
439
432
438
442
437
436
435
437
440
435
438
438
445
442
441
441
441
449
452
455
458
457
451
441
436
438
433
432
439
436
430
438
440
436
439
439
432
434
439
444
440
440
441
444
439
452
449
447
437
435
432
435
437
438
434
442
447
438
440
437
435
434
442
438
447
447
454
459
457
456
464
467
472
477
474
463
468
470
475
469
464
461
459
458
462
470
465
465
457
454
456
462
469
474
469
469
470
475
477
477
475
481
475
477
478
491
489
485
479
479
478
474
463
465
475
473
471
469
467
458
470
469
463
457
459
466
467
478
490
503
504
497
491
491
495
489
491
481
484
491
493
491
502
503
505
505
511
512
518
521
525
526
523
524
526
532
526
533
535
533
528
529
530
531
534
535
530
530
521
527
526
522
515
514
512
505
508
506
507
508
499
498
500
511
502
504
498
489
493
497
493
492
500
506
511
512
514
523
528
536
544
555
556
553
554
563
566
578
582
589
589
584
580
583
587
588
586
583
588
592
595
598
597
594
598
602
599
600
605
609
604
609
608
609
606
604
605
606
603
604
601
603
601
594
584
593
593
585
594
594
588
592
589
592
583
588
588
585
588
589
596
593
596
594
587
585
580
586
590
585
589
586
583
577
579
573
577
580
580
582
580
593
587
580
577
582
590
589
594
591
588
601
603
613
610
606
606
611
604
607
607
601
606
615
627
625
628
636
636
640
640
637
635
636
634
634
632
631
633
640
650
650
645
646
656
656
651
648
650
643
647
647
647
648
647
640
643
635
638
637
641
642
632
623
617
614
614
617
621
611
610
611
604
610
605
605
613
622
621
620
624
622
620
627
624
622
618
611
614
614
613
615
615
608
611
620
629
631
635
638
637
635
635
630
629
636
639
640
643
638
627
626
625
629
635
631
633
642
658
667
666
656
659
652
646
647
650
646
646
645
636
634
630
626
622
625
626
618
620
619
625
620
618
613
612
611
623
619
611
611
603
608
606
604
600
605
601
593
596
597
603
597
599
593
598
598
597
586
585
588
593
591
589
584
579
580
576
584
576
572
573
576
564
562
562
568
566
575
577
581
584
586
581
571
580
577
579
582
574
580
582
581
580
572
581
577
571
562
562
565
560
563
557
551
550
541
546
544
538
535
534
539
535
531
528
530
534
541
549
551
549
561
560
565
553
553
556
555
552
542
540
547
552
556
554
561
566
566
560
565
573
560
555
559
571
576
576
580
582
573
584
580
574
581
582
585
585
586
574
570
565
570
569
566
566
556
566
560
559
543
549
543
549
548
555
562
569
571
571
569
574
566
571
565
570
566
566
550
558
574
563
570
577
576
569
575
581
573
576
574
573
574
568
566
568
562
562
559
553
558
558
554
555
555
557
558
559
562
565
572
575
584
589
588
582
572
574
575
586
581
590
582
575
573
573
570
563
559
560
562
560
559
561
551
554
557
550
554
548
557
539
548
540
543
551
542
537
530
538
531
538
539
536
535
539
542
545
541
533
533
537
525
536
529
533
546
545
549
549
547
554
558
562
567
564
560
565
557
563
569
572
573
568
569
570
562
556
561
564
563
568
567
571
574
569
572
569
573
578
579
592
597
597
588
590
586
583
588
582
578
572
575
577
578
584
579
581
587
590
592
594
589
591
593
589
591
589
584
586
589
590
592
586
589
588
585
588
585
587
589
581
590
599
603
598
594
597
609
612
614
616
614
605
607
609
605
599
601
607
605
609
616
616
615
618
613
620
622
622
629
629
627
628
631
635
625
624
629
620
615
604
605
604
597
597
588
595
595
595
587
592
594
599
606
606
613
613
615
619
620
617
626
626
627
625
623
622
625
622
627
633
634
635
637
630
633
634
636
627
626
622
623
623
625
622
619
623
621
618
623
620
621
617
623
629
625
629
636
648
632
633
621
615
619
614
613
611
609
605
603
607
609
619
618
616
617
617
631
637
635
639
633
628
636
633
629
635
637
636
637
632
639
631
635
633
630
630
620
623
626
633
633
640
647
655
655
660
657
659
652
660
667
659
659
666
662
667
671
674
682
685
680
675
677
674
673
673
663
660
659
653
652
657
647
649
658
660
659
672
667
661
654
643
646
652
650
648
649
650
645
654
653
649
647
650
646
654
653
650
652
648
643
637
628
628
616
617
614
617
611
612
610
608
610
617
615
618
616
617
625
622
626
624
622
622
610
602
602
608
598
599
608
613
617
618
618
609
606
604
598
597
598
603
609
607
607
611
610
604
599
603
598
582
583
576
571
577
578
575
571
574
576
578
577
576
579
580
584
586
593
593
595
597
598
601
596
595
598
602
596
590
589
589
602
598
592
588
586
589
588
594
598
606
604
607
603
602
598
604
605
608
613
609
599
599
587
575
569
567
562
561
550
547
546
552
544
546
552
554
544
546
549
553
551
548
548
552
545
547
555
553
550
546
541
532
529
519
516
509
505
506
504
507
504
507
510
513
517
522
514
521
511
509
517
518
507
509
501
504
500
500
494
487
490
491
489
483
481
465
458
465
461
465
453
441
439
441
438
434
448
453
454
460
456
455
449
453
446
435
437
434
435
436
439
445
442
435
437
430
431
440
439
439
437
438
427
423
424
427
427
422
416
414
407
415
412
413
409
415
420
425
421
405
416
416
411
414
405
403
403
410
416
416
417
422
424
418
419
412
417
422
411
415
413
409
410
411
414
405
403
393
396
403
408
406
401
408
406
407
403
397
396
409
413
413
416
421
418
424
434
433
434
427
422
418
409
404
402
405
402
410
410
403
412
420
421
414
409
414
420
421
413
406
402
407
407
403
411
409
398
394
400
404
407
395
398
398
400
401
402
403
400
393
386
378
384
386
387
384
376
371
379
381
374
372
381
370
371
371
375
376
367
368
377
386
391
396
397
397
391
402
404
405
406
405
406
408
414
416
423
424
431
431
439
443
442
443
445
446
457
458
454
453
448
453
453
455
454
453
448
456
459
463
466
471
466
463
461
457
454
454
452
461
469
473
468
465
467
468
462
462
457
449
447
443
442
453
448
450
451
450
446
442
448
450
437
436
426
431
424
429
427
426
416
419
423
419
427
426
437
433
441
433
440
449
451
450
450
451
452
443
451
451
457
447
432
428
427
435
443
447
433
425
427
423
423
427
426
426
416
420
428
433
431
433
431
421
422
421
418
431
428
434
432
439
435
431
440
438
431
438
441
436
433
439
444
436
433
431
434
440
434
430
428
425
434
421
425
420
417
419
411
415
408
414
415
418
422
419
421
420
420
424
427
421
413
408
400
403
398
394
402
398
402
408
414
415
416
416
414
406
391
388
380
386
395
399
404
404
401
399
402
417
412
417
419
415
418
427
428
426
428
433
439
440
440
437
431
431
432
434
429
429
440
439
444
432
419
418
414
414
412
414
418
416
405
406
403
404
402
401
397
388
379
373
374
369
370
362
362
353
357
355
355
356
350
354
353
350
348
348
351
334
332
338
339
343
343
344
348
346
346
353
355
352
346
339
334
329
334
324
320
320
328
321
323
320
320
328
333
328
320
332
326
327
330
335
330
330
331
323
335
344
351
349
353
359
355
350
340
340
345
337
333
325
327
323
328
323
329
330
329
326
328
326
329
333
326
334
331
332
324
318
328
333
340
337
336
346
347
346
342
348
349
365
366
361
356
355
350
345
339
337
335
330
331
334
332
338
335
326
326
333
339
340
333
337
333
334
334
332
326
317
324
325
333
338
339
342
342
341
347
348
336
333
331
339
334
335
333
335
340
345
343
350
339
340
343
346
338
342
339
330
327
327
329
316
313
310
307
311
313
320
315
315
309
312
308
310
302
299
295
292
294
297
294
299
302
314
315
319
323
320
326
326
327
324
334
339
338
339
337
341
338
341
343
338
345
351
352
349
348
352
351
353
348
346
355
358
363
369
364
368
363
364
366
374
376
381
377
382
385
392
392
397
402
408
403
401
398
394
392
384
382
379
391
385
389
387
395
396
395
394
387
383
384
387
390
392
387
387
388
393
390
397
403
402
401
407
405
409
407
403
401
408
406
407
405
401
396
395
395
404
404
404
403
408
411
409
410
403
409
409
409
422
423
416
417
408
406
409
406
405
405
407
400
407
406
405
407
414
427
421
420
417
415
423
420
425
427
427
424
419
423
414
414
416
415
407
407
403
407
410
402
412
409
414
419
422
419
416
418
411
400
407
407
409
408
408
407
409
408
416
417
418
420
419
417
422
418
418
421
420
422
424
423
430
429
420
418
429
419
421
420
418
412
408
412
423
419
417
419
421
420
423
427
420
423
422
415
423
431
436
435
432
437
437
436
445
439
440
444
443
445
450
455
452
453
456
468
468
469
459
458
452
452
451
446
441
449
449
444
445
452
453
456
445
449
453
452
449
444
443
452
460
467
472
477
484
474
473
478
482
478
478
479
480
475
474
469
468
471
476
473
471
469
471
476
476
468
470
480
471
465
462
461
452
458
456
459
458
449
447
441
447
453
448
452
447
452
438
435
430
437
445
442
445
449
451
453
456
462
472
476
467
469
485
482
484
489
480
483
487
495
488
482
475
479
485
487
488
497
498
504
497
495
488
488
487
489
494
502
503
509
509
503
502
506
506
505
511
511
516
519
519
517
524
528
528
519
516
514
515
513
514
508
505
500
493
491
489
482
481
474
474
466
466
469
466
467
469
467
457
444
444
446
445
447
452
440
444
438
437
435
439
439
439
441
437
427
425
421
414
409
406
403
407
403
414
403
403
412
414
420
409
408
401
406
405
406
405
412
416
417
416
418
418
419
420
420
412
412
412
421
413
416
412
415
422
426
426
421
423
429
422
410
401
402
402
397
398
395
393
397
392
384
380
374
380
379
369
367
371
362
361
360
360
360
355
350
350
347
357
359
363
368
371
363
354
357
349
346
347
347
354
348
346
346
337
342
336
337
342
339
340
344
338
342
340
338
335
340
338
336
328
315
312
307
310
314
311
313
327
329
336
339
330
326
318
316
323
322
326
332
335
322
321
320
308
293
286
279
271
264
268
264
261
254
254
251
257
255
269
268
264
264
268
273
275
278
278
280
278
275
272
264
270
267
266
268
266
261
257
253
247
244
240
241
232
237
243
238
232
234
236
237
232
239
238
238
237
240
242
233
233
231
231
230
236
241
237
226
216
212
208
223
231
233
223
224
221
221
224
231
236
246
242
241
238
236
231
229
236
242
242
235
230
234
231
226
229
234
230
234
240
232
224
221
217
225
225
236
236
238
239
235
234
238
238
227
231
223
236
240
253
252
257
252
253
259
255
260
264
265
266
265
261
263
268
268
261
268
273
275
270
266
268
270
273
270
290
287
277
278
284
283
278
283
284
283
292
283
288
285
277
280
278
287
286
287
288
280
293
302
296
289
285
286
290
293
303
299
306
300
303
305
314
321
321
320
320
327
325
316
309
310
307
306
312
307
307
306
310
311
308
306
303
298
292
297
295
303
305
311
313
310
310
305
308
309
302
311
311
315
319
325
320
328
319
316
311
313
316
319
316
315
320
322
320
316
316
311
311
306
308
318
319
316
311
308
299
293
299
292
287
281
271
275
268
271
273
272
276
274
269
264
271
276
278
279
276
276
272
277
277
284
279
283
283
282
289
290
284
282
291
295
291
291
292
294
305
306
302
311
312
308
316
309
308
310
302
313
315
317
314
318
320
313
317
321
322
325
330
331
330
339
343
351
343
354
355
357
351
363
367
374
379
387
381
381
384
382
384
391
387
385
389
399
407
404
402
409
410
415
409
411
418
420
429
435
424
427
415
412
416
426
430
426
417
418
414
408
410
403
397
391
391
391
391
392
395
390
399
393
384
381
377
374
367
377
370
361
360
362
365
364
356
345
338
341
343
327
332
332
337
332
320
324
329
327
317
309
300
296
286
286
294
286
279
282
277
277
279
278
280
274
279
280
279
282
281
282
288
294
294
303
308
311
310
302
306
306
311
297
293
296
295
291
287
284
279
271
271
270
269
272
269
259
265
258
259
272
271
283
286
281
289
282
286
286
292
292
292
284
281
283
283
284
281
285
292
297
297
295
288
296
292
283
270
282
281
292
295
300
306
304
307
304
310
310
306
304
303
297
299
298
301
305
303
314
307
296
298
290
280
283
277
282
282
281
277
284
285
276
276
280
282
281
278
276
283
287
285
285
292
298
302
301
298
294
290
289
293
299
299
300
303
296
299
298
301
308
303
303
298
300
301
301
302
302
302
305
308
304
304
296
290
288
279
278
277
273
278
281
280
275
265
254
261
260
251
265
268
277
271
264
269
278
277
292
291
289
292
301
293
292
291
288
288
292
291
296
291
281
289
280
282
285
287
284
277
278
276
277
292
291
288
287
286
290
286
298
305
304
307
313
317
314
322
326
331
327
334
330
322
323
322
333
332
338
342
344
341
350
344
337
343
351
344
333
335
333
334
332
329
322
323
325
313
310
315
310
324
324
327
336
340
339
347
349
343
335
335
332
330
330
331
327
326
322
333
333
333
324
319
311
318
316
315
321
319
306
310
308
313
312
311
313
303
299
301
295
304
305
299
299
301
297
294
294
299
301
308
309
302
306
311
315
315
319
320
317
315
315
314
321
326
326
327
327
326
321
327
329
324
338
342
350
359
356
361
364
364
374
378
371
364
361
366
373
365
366
371
370
366
365
357
356
357
348
340
345
344
343
344
334
320
318
311
312
315
309
305
306
304
299
300
302
307
300
298
292
294
293
289
283
288
279
273
270
272
278
279
278
279
278
273
279
272
276
280
279
276
271
267
268
268
265
252
253
260
255
253
265
261
257
244
250
255
262
269
271
276
287
285
290
294
291
290
293
288
289
287
282
281
279
282
288
288
284
282
283
290
295
296
290
289
290
296
307
304
306
311
313
323
329
330
328
334
332
332
337
331
328
320
319
311
322
319
310
298
304
304
298
291
291
289
283
290
288
288
287
298
297
302
296
292
289
301
304
301
290
295
291
280
279
276
273
273
278
264
259
261
246
245
247
256
256
254
260
259
241
240
229
229
223
216
210
210
214
224
227
229
224
234
234
239
242
247
249
251
253
252
261
258
261
259
250
247
255
257
259
266
268
267
270
259
260
258
263
262
265
272
267
267
251
242
244
256
250
243
235
240
239
240
248
252
253
255
253
263
262
263
266
262
264
265
263
267
261
258
265
267
261
263
258
256
258
259
257
255
246
249
248
249
251
241
230
236
235
235
231
235
224
218
227
228
216
199
195
196
198
199
201
197
204
205
206
214
215
207
203
209
213
207
206
202
211
219
225
238
233
238
242
241
242
238
246
239
234
239
239
243
244
239
235
241
233
239
246
247
246
253
244
249
248
242
240
240
237
236
234
241
242
247
252
252
252
250
254
259
255
255
245
246
250
250
256
259
263
268
264
261
273
281
270
272
279
275
285
288
299
293
286
285
287
277
293
291
288
288
294
298
303
301
295
305
303
304
306
306
301
297
301
299
299
298
300
292
300
305
299
293
293
287
287
275
284
282
282
272
266
273
275
270
274
270
276
272
265
272
272
274
282
273
277
269
264
265
262
264
264
276
275
270
260
264
258
259
249
239
232
241
240
237
235
243
244
243
240
243
245
240
246
242
241
251
249
258
262
270
272
276
276
275
264
265
264
266
271
263
266
269
263
264
270
268
268
275
275
282
277
287
287
291
291
297
299
308
316
315
330
328
325
322
318
332
329
335
337
325
326
329
321
309
319
316
308
304
303
301
293
293
297
301
306
311
312
304
313
317
314
307
300
299
305
314
320
315
313
313
309
312
314
318
328
345
337
338
338
336
345
346
350
351
347
348
350
363
361
360
356
354
361
357
346
349
346
337
334
332
331
334
333
328
339
336
324
330
325
333
320
324
328
335
333
334
335
337
335
337
341
336
335
337
347
340
344
345
336
336
333
334
335
332
332
333
329
322
325
331
331
339
337
337
342
333
337
339
337
339
335
347
344
338
336
321
332
337
328
327
312
307
305
298
304
299
292
290
300
298
294
286
290
292
284
281
290
282
287
274
273
274
271
262
268
264
266
270
275
276
283
288
276
285
274
278
286
283
274
275
268
272
277
283
291
289
285
292
287
284
286
300
296
293
291
294
289
284
295
291
285
289
280
284
282
283
288
280
281
271
267
263
259
262
266
268
270
259
267
268
266
268
271
277
282
282
283
276
266
264
266
264
262
267
272
273
276
272
273
264
270
272
275
269
268
273
271
274
274
275
283
286
284
281
288
294
293
299
297
297
292
298
307
311
300
299
291
290
287
284
285
287
287
283
281
281
279
281
288
270
269
272
272
270
270
273
280
287
288
284
289
295
287
291
297
306
297
295
292
294
295
283
282
287
288
286
283
281
281
270
275
285
282
279
283
278
267
270
272
274
269
276
272
274
281
283
284
291
295
285
280
275
270
275
271
267
277
279
279
281
282
281
281
267
270
273
277
274
273
271
270
277
276
275
273
269
276
282
282
275
277
279
274
277
277
275
269
272
277
267
262
260
265
263
266
261
258
260
260
275
282
281
302
303
302
296
297
298
302
303
303
295
299
300
295
292
297
301
292
293
286
294
299
292
291
294
300
303
303
304
293
298
297
302
311
309
314
311
313
319
321
318
321
316
320
315
313
317
313
315
321
321
321
328
325
325
325
316
320
309
304
306
311
308
314
316
308
304
295
293
296
299
291
284
289
291
293
295
293
287
292
287
294
292
285
291
285
292
290
290
296
287
288
285
268
270
272
266
269
268
268
266
259
264
265
261
265
266
265
262
254
255
264
269
281
276
275
269
262
268
275
275
259
259
265
269
289
289
292
287
277
280
288
278
274
262
263
274
269
264
268
272
268
266
258
261
261
274
274
264
264
266
271
269
272
260
261
272
272
278
284
289
295
293
295
287
302
300
308
318
323
319
317
317
313
307
305
303
309
314
320
327
334
329
331
335
330
332
341
345
346
341
346
349
335
330
335
339
345
338
332
339
342
343
334
337
333
333
329
331
334
332
323
325
328
332
325
321
315
315
328
325
326
325
332
324
327
320
325
325
317
318
323
322
326
335
341
347
360
368
366
360
364
368
382
393
392
388
380
384
383
380
377
384
389
381
388
383
386
384
384
380
381
382
388
396
402
404
403
394
396
396
400
402
402
402
403
417
423
432
430
432
429
436
443
441
437
429
425
418
416
406
412
420
425
424
417
424
414
413
418
418
416
412
413
412
409
407
402
394
410
406
396
393
384
384
385
373
380
380
395
394
395
386
383
383
391
399
403
404
407
408
409
418
416
418
422
419
421
430
429
432
425
423
420
423
421
414
413
424
414
410
410
409
405
411
409
402
409
412
412
406
412
415
412
415
407
411
419
415
410
414
418
412
409
411
415
419
421
418
420
424
415
417
409
413
406
401
402
399
396
392
394
391
392
390
395
396
391
383
380
387
386
381
380
383
380
376
374
370
369
370
361
359
361
353
359
360
357
343
343
355
349
350
348
353
348
348
346
345
344
335
331
336
341
353
352
338
337
338
343
341
337
339
341
333
321
318
313
310
302
301
303
301
299
290
277
285
291
291
296
296
300
292
292
284
288
285
292
294
291
291
284
285
288
298
294
292
291
294
288
288
292
292
298
306
312
310
308
315
326
315
315
311
309
315
316
319
324
324
326
330
339
329
317
317
315
319
323
326
324
312
318
325
316
320
324
314
313
313
317
316
319
320
317
322
329
328
320
326
328
320
321
328
323
319
327
320
312
309
316
327
328
322
307
309
317
315
314
320
319
314
312
310
311
318
309
308
302
305
305
301
310
317
317
314
319
315
317
320
320
313
314
305
306
304
304
300
309
302
304
309
304
302
307
312
316
316
315
310
294
299
300
291
294
284
281
292
301
303
294
293
289
280
277
275
277
270
270
278
289
298
290
289
285
293
285
287
281
278
279
283
278
288
288
290
292
282
288
286
294
285
293
300
288
287
287
281
279
282
289
287
283
278
270
266
269
270
270
270
269
279
275
277
283
283
274
270
265
263
264
271
275
273
276
267
266
268
277
273
274
272
268
267
267
277
277
271
273
270
277
270
277
297
299
298
302
298
300
295
294
292
298
306
306
307
309
314
315
317
313
309
311
313
321
325
326
324
315
315
320
313
312
311
309
311
317
316
315
324
319
313
322
330
341
341
337
330
333
328
327
326
323
323
333
338
346
348
349
355
353
354
354
356
357
360
356
344
350
345
348
345
341
337
333
337
336
337
332
324
325
333
331
328
330
337
339
332
341
339
337
336
343
345
360
364
368
377
385
390
392
394
392
394
395
399
401
403
409
418
418
416
424
430
425
427
426
434
445
441
447
443
458
462
469
474
478
476
469
463
458
449
444
435
439
429
438
437
448
444
441
438
439
433
442
438
441
437
437
434
437
442
442
449
460
463
461
464
459
455
453
450
446
450
446
449
442
433
431
428
430
430
434
433
434
439
447
445
446
447
450
446
442
444
442
443
452
454
444
446
448
451
451
454
448
454
451
449
440
442
433
434
443
437
449
436
431
439
445
457
461
458
456
450
451
453
441
446
449
452
457
468
466
455
452
447
437
450
446
447
444
445
447
440
439
436
426
422
416
408
417
419
425
428
430
432
440
441
446
447
437
441
446
447
458
465
458
464
464
467
463
465
472
474
477
480
473
473
464
471
480
475
481
479
472
462
460
458
456
457
455
464
463
466
468
465
462
461
455
461
470
478
480
480
467
473
475
481
473
466
472
476
480
500
513
507
506
503
494
490
485
481
488
484
476
468
474
469
475
475
478
474
471
469
465
456
451
446
447
446
446
439
443
447
451
444
438
455
460
466
471
474
476
477
484
491
484
483
489
497
493
492
495
503
499
502
498
493
489
491
497
490
496
499
505
507
507
504
503
505
505
503
493
492
494
492
493
492
491
492
492
490
495
494
494
496
498
499
492
501
491
490
487
484
478
482
479
480
480
481
488
495
497
492
501
505
505
499
496
493
498
498
497
493
493
492
493
492
486
486
481
484
471
476
468
466
462
453
457
454
451
464
460
464
465
467
467
464
470
473
477
469
474
475
465
467
465
466
473
467
471
479
486
485
486
489
482
483
477
477
480
474
478
483
482
489
492
496
501
505
511
518
514
518
509
512
512
519
521
522
529
526
525
525
530
538
543
544
545
531
528
526
530
527
530
532
539
528
525
530
513
511
514
524
520
528
520
508
504
505
506
513
515
505
507
515
519
515
513
508
499
494
490
487
483
484
489
489
494
497
514
513
513
514
516
518
525
523
527
530
531
532
528
532
530
530
526
530
538
539
543
544
546
546
547
549
541
542
534
547
551
549
559
559
558
561
557
560
558
555
550
544
542
538
549
546
542
542
556
559
559
561
558
561
568
569
569
563
560
560
553
553
556
563
560
554
551
546
540
542
543
538
534
531
531
537
539
548
555
563
561
559
552
540
544
555
549
545
544
556
549
553
543
550
550
559
564
557
542
542
544
541
543
546
547
545
541
538
542
537
540
539
532
534
524
535
540
530
524
527
527
530
530
525
521
524
519
527
528
527
525
526
524
517
519
515
512
508
495
514
517
520
520
523
514
507
507
506
514
511
492
489
495
482
488
487
491
485
481
481
479
478
471
466
470
460
459
458
463
468
467
464
462
469
469
462
465
475
472
473
464
463
466
458
452
442
440
451
452
452
443
446
447
454
449
445
447
455
454
456
460
462
461
462
465
460
455
452
453
456
462
459
462
458
461
470
466
465
472
473
477
470
469
474
475
476
481
475
487
492
494
501
515
507
505
509
508
512
510
505
506
506
511
509
510
520
522
519
525
525
517
522
522
531
529
526
528
527
532
535
538
534
533
527
523
526
524
525
523
508
509
511
505
510
510
511
510
509
506
506
503
515
514
518
514
523
521
530
532
529
535
530
539
543
537
544
545
546
536
536
539
550
545
535
535
539
543
557
562
570
564
561
572
572
568
571
562
564
564
563
565
572
567
561
563
559
568
565
574
570
563
558
556
558
554
553
559
567
568
569
568
570
573
571
574
574
578
578
587
589
586
588
584
577
582
572
574
575
576
582
576
579
577
579
577
588
591
577
571
573
577
592
598
593
601
602
603
603
614
619
622
621
620
621
628
618
616
623
627
627
619
622
625
614
613
609
606
595
599
599
595
594
588
585
582
575
572
568
570
570
566
560
561
568
576
571
572
578
568
563
562
558
562
560
552
548
549
548
545
552
562
564
570
570
572
565
558
555
553
558
556
559
560
558
563
561
575
575
580
584
580
582
586
583
583
588
596
598
604
602
597
591
601
598
595
608
605
600
597
597
590
588
590
593
590
589
584
581
580
582
585
581
583
588
593
588
597
595
598
594
596
592
589
595
598
598
593
593
585
587
592
590
585
575
573
568
571
570
565
569
566
559
564
563
569
564
557
552
551
543
537
535
537
539
541
538
535
536
533
537
546
542
544
542
546
542
534
535
533
535
533
537
540
534
539
540
533
533
537
533
528
529
517
521
528
525
531
525
517
516
515
518
509
508
505
516
520
523
530
542
