0.6270981431007385
0.42795777320861816
0.42795777320861816
0.42795777320861816
0.42795777320861816
0.42795777320861816
0.42795777320861816
0.42795777320861816
0.3127501308917999
0.3092718720436096
0.30274704098701477
0.30461785197257996
0.30981960892677307
0.3190149664878845
0.3190149664878845
0.3190149664878845
0.3190149664878845
0.2948225438594818
0.28063514828681946
0.2742598354816437
0.2670630216598511
0.26854208111763
0.2713039219379425
0.26054278016090393
0.2550816833972931
0.2550816833972931
0.2550816833972931
0.2550816833972931
0.2550816833972931
0.2550816833972931
0.2550816833972931
0.2550816833972931
0.2550816833972931
0.2550816833972931
0.2550816833972931
0.2550816833972931
0.2550816833972931
0.2550816833972931
0.2550816833972931
0.2550816833972931
0.2550816833972931
0.2550816833972931
0.2550816833972931
0.2550816833972931
0.2550816833972931
0.2550816833972931
0.2550816833972931
0.2550816833972931
0.24797892570495605
0.2337862253189087
0.23139971494674683
0.238067165017128
0.24574051797389984
0.25026434659957886
0.24579714238643646
0.2523930072784424
0.2547518312931061
0.25592041015625
0.2576211094856262
0.26055654883384705
0.26755407452583313
0.2688199281692505
0.2699357569217682
0.2701224088668823
0.2692795693874359
0.26999586820602417
0.2692187428474426
0.26949095726013184
0.2669924199581146
0.26914268732070923
0.26854032278060913
0.2705276906490326
0.26923322677612305
0.2704099416732788
0.27010205388069153
0.266737163066864
0.2683636248111725
0.2682212293148041
0.2721320390701294
0.2707969546318054
0.27142488956451416
0.27128034830093384
0.26797398924827576
0.27245333790779114
0.27314504981040955
0.27221930027008057
0.2731330692768097
0.2732175588607788
0.2706412076950073
0.2704979181289673
0.269467830657959
0.26738908886909485
0.26774829626083374
0.2715052664279938
0.2720125913619995
0.27374720573425293
0.27459579706192017
0.272339403629303
0.27154868841171265
0.27254003286361694
0.2726559638977051
0.2720302641391754
0.27054351568222046
0.27308952808380127
0.2766382396221161
0.276874840259552
0.2775045335292816
0.2768656313419342
0.27712103724479675
0.27927279472351074
0.27864301204681396
0.2784254550933838
0.28061148524284363
0.2791142463684082
0.27860650420188904
0.279604971408844
0.2788925766944885
0.2792772352695465
0.2798990309238434
0.2789030075073242
0.27970319986343384
0.283714234828949
0.28455445170402527
0.28455445170402527
0.28455445170402527
0.28455445170402527
0.28455445170402527
0.28455445170402527
0.28455445170402527
0.28455445170402527
0.2841813862323761
0.2825506329536438
0.2810371518135071
0.28080642223358154
0.28151845932006836
0.2820378541946411
0.2812538146972656
0.2815389633178711
0.2805546522140503
0.27980509400367737
0.2806759774684906
0.2821686863899231
0.28282803297042847
0.2821196913719177
0.2815333306789398
0.2822783589363098
0.2837744653224945
0.28208494186401367
0.28398266434669495
0.2834518551826477
0.284159779548645
0.28304851055145264
0.2822876274585724
0.28292152285575867
0.2848164439201355
0.2884766161441803
0.2884766161441803
0.28635480999946594
0.2847997844219208
0.28455081582069397
0.28495946526527405
0.2868354022502899
0.28485172986984253
0.28588834404945374
0.28479987382888794
0.28479987382888794
0.28479987382888794
0.28479987382888794
0.28479987382888794
0.28479987382888794
0.28479987382888794
0.2835678160190582
0.28068071603775024
0.2786608934402466
0.27921539545059204
0.27865758538246155
0.2796849012374878
0.28067970275878906
0.28065359592437744
0.28065359592437744
0.27857330441474915
0.2775043547153473
0.277770459651947
0.27829211950302124
0.27963778376579285
0.27823153138160706
0.2787652611732483
0.2804107666015625
0.2811647355556488
0.2808225452899933
0.2803341746330261
0.28143149614334106
0.281668484210968
0.28246015310287476
0.2817121744155884
0.2817121744155884
0.2817121744155884
0.2817121744155884
0.27912062406539917
0.27879226207733154
0.2769753038883209
0.27717384696006775
0.27663105726242065
0.2759341299533844
0.2759341299533844
0.2759341299533844
0.27273425459861755
0.2734290659427643
0.27252256870269775
0.2729050815105438
0.27338799834251404
0.27248743176460266
0.27287548780441284
0.2734851539134979
0.27401021122932434
0.2752665877342224
0.27701881527900696
0.277270644903183
0.27668601274490356
0.27873221039772034
0.27900272607803345
0.2789699137210846
0.2799631953239441
0.2799631953239441
0.2799631953239441
0.2799631953239441
0.2799631953239441
0.2799631953239441
0.2799631953239441
0.2799631953239441
0.2799631953239441
0.2799631953239441
0.2799631953239441
0.2799631953239441
0.2799631953239441
0.2799631953239441
0.2799631953239441
0.2799631953239441
0.27711817622184753
0.2771783471107483
0.27641940116882324
0.27641940116882324
0.27641940116882324
0.27641940116882324
0.27641940116882324
0.27641940116882324
0.27641940116882324
0.27641940116882324
0.27641940116882324
0.27515387535095215
0.27498283982276917
0.2743387222290039
0.27499598264694214
0.2756059169769287
0.2743709683418274
0.2742350995540619
0.2754072844982147
0.2761869728565216
0.2764972150325775
0.2781432569026947
0.27872511744499207
0.28083595633506775
0.2805573642253876
0.2805573642253876
0.2805573642253876
0.2805573642253876
0.2805573642253876
0.2805573642253876
0.2805573642253876
0.2805573642253876
0.2805573642253876
0.2805573642253876
0.2805573642253876
0.27918916940689087
0.27848073840141296
0.2780402898788452
0.2786369025707245
0.28007376194000244
0.2789616286754608
0.27898362278938293
0.27898362278938293
0.27898362278938293
0.27898362278938293
0.27898362278938293
0.27898362278938293
0.27898362278938293
0.27862319350242615
0.27862319350242615
0.27862319350242615
0.27862319350242615
0.27862319350242615
0.27862319350242615
0.2782047390937805
0.2778310477733612
0.27809491753578186
0.2780665159225464
0.27789703011512756
0.2764570116996765
0.27764976024627686
0.2779700756072998
0.278079092502594
0.2787359952926636
0.27743709087371826
0.27854618430137634
0.278469055891037
0.27940627932548523
0.2796930968761444
0.2792133092880249
0.2791787385940552
0.279413104057312
0.27927735447883606
0.27904558181762695
0.2806519567966461
0.2806519567966461
0.2806519567966461
0.2806519567966461
0.2806519567966461
0.2806519567966461
0.2806519567966461
0.2806519567966461
0.2806519567966461
0.2806519567966461
0.2806519567966461
0.2806519567966461
0.2806519567966461
0.2806519567966461
0.2806519567966461
0.2806519567966461
0.2806519567966461
0.2806519567966461
0.2806519567966461
0.2806519567966461
0.2806519567966461
0.2806519567966461
0.2806519567966461
0.2806519567966461
0.2806519567966461
0.28113454580307007
0.2804534435272217
0.2802477180957794
0.2802623212337494
0.28073546290397644
0.28099411725997925
0.28040438890457153
0.2808929979801178
0.2817484140396118
0.28211620450019836
0.2819356918334961
0.28220823407173157
0.2826920747756958
0.28340810537338257
0.28409039974212646
0.2849924564361572
0.2841216027736664
0.28547635674476624
0.2850077450275421
0.28513303399086
0.2855764329433441
0.28489333391189575
0.28547418117523193
0.2862241268157959
0.2873399257659912
0.28759539127349854
0.28713780641555786
0.2874126136302948
0.2875029444694519
0.28784188628196716
0.2881113886833191
0.2895298898220062
0.2896761894226074
0.2897077202796936
0.28995057940483093
0.28995057940483093
0.28995057940483093
0.28995057940483093
0.28995057940483093
0.28839045763015747
0.28673580288887024
0.2864169776439667
0.2864176332950592
0.2866089344024658
0.286869615316391
0.2866445481777191
0.2871675193309784
0.2882193922996521
0.2882912755012512
0.28907498717308044
0.2889762222766876
0.289242148399353
0.28983643651008606
0.29049813747406006
0.29055070877075195
0.2909400761127472
0.2909400761127472
0.2909400761127472
0.2909400761127472
0.2909400761127472
0.2909400761127472
0.2909400761127472
0.2909400761127472
0.2909400761127472
0.2909400761127472
0.2909400761127472
0.2909400761127472
0.28982213139533997
0.28805506229400635
0.28875938057899475
0.2880097031593323
0.2875998318195343
0.2893269956111908
0.28871819376945496
0.28848594427108765
0.28810444474220276
0.2887958288192749
0.2880397439002991
0.28705838322639465
0.28727415204048157
0.2870706617832184
0.28753334283828735
0.28780433535575867
0.28734084963798523
0.28784170746803284
0.28678491711616516
0.2856573760509491
0.2857840061187744
0.2846260368824005
0.2845905125141144
0.2852877378463745
0.28443318605422974
0.28591740131378174
0.28641894459724426
0.28580158948898315
0.2857058644294739
0.28527018427848816
0.28454259037971497
0.28493428230285645
0.2848756015300751
0.28550583124160767
0.2853269577026367
0.2859795391559601
0.2862398028373718
0.2865338921546936
0.2852264642715454
0.28462281823158264
0.2854343056678772
0.2854343056678772
0.28390851616859436
0.28291597962379456
0.28265780210494995
0.2823946177959442
0.28396135568618774
0.28437912464141846
0.28334328532218933
0.2828643321990967
0.2843964099884033
0.2842752933502197
0.28506553173065186
0.28486794233322144
0.2847873568534851
0.28424084186553955
0.28424084186553955
0.28424084186553955
0.28424084186553955
0.28424084186553955
0.28424084186553955
0.28424084186553955
0.28424084186553955
0.28424084186553955
0.28424084186553955
0.28424084186553955
0.28424084186553955
0.28424084186553955
0.28424084186553955
0.28424084186553955
0.28424084186553955
0.28424084186553955
0.28424084186553955
0.2831183671951294
0.2831021547317505
0.28226375579833984
0.2827219069004059
0.28339895606040955
0.28324633836746216
0.28375178575515747
0.2836037278175354
0.2832920253276825
0.28457316756248474
0.2850092053413391
0.28482291102409363
0.28409844636917114
0.2837260663509369
0.2837260663509369
0.2837260663509369
0.2837260663509369
0.2837260663509369
0.2837260663509369
0.2837260663509369
0.2837260663509369
0.2837260663509369
0.2837260663509369
0.2837260663509369
0.2837260663509369
0.2837260663509369
0.2837260663509369
0.2837260663509369
0.2837260663509369
0.2831222712993622
0.2830674648284912
0.2821476459503174
0.28168466687202454
0.2827775478363037
0.2822391390800476
0.2820347249507904
0.2820347249507904
0.2820347249507904
0.2820347249507904
0.2820347249507904
0.2820347249507904
0.2820347249507904
0.2820347249507904
0.2820347249507904
0.2820347249507904
0.2820347249507904
0.2820347249507904
0.2808849811553955
0.2803604006767273
0.28016817569732666
0.28143149614334106
0.2814982533454895
0.2804914116859436
0.2804914116859436
0.2804914116859436
0.2804914116859436
0.2804914116859436
0.2804914116859436
0.2804914116859436
0.2804914116859436
0.2804914116859436
0.2804914116859436
0.2804914116859436
0.2804914116859436
0.2804914116859436
0.2804914116859436
0.2804914116859436
0.2804914116859436
0.2787032723426819
0.2780304551124573
0.2791258692741394
0.2806374132633209
0.28140801191329956
0.28135502338409424
0.28133463859558105
0.2808160185813904
0.2804156243801117
0.28062912821769714
0.28184273838996887
0.28211331367492676
0.2826857566833496
0.28353220224380493
0.2847931683063507
0.2847931683063507
0.2847931683063507
0.2847931683063507
0.2847931683063507
0.2847931683063507
0.28344976902008057
0.2827554941177368
0.28262782096862793
0.2835575044155121
0.28356707096099854
0.28379884362220764
0.28371375799179077
0.28331589698791504
0.2832281291484833
0.28213825821876526
0.2821362614631653
0.28190580010414124
0.28201401233673096
0.28274065256118774
0.28160664439201355
0.2821684181690216
0.28254634141921997
0.2831520438194275
0.2833661139011383
0.2833661139011383
0.2833661139011383
0.2833661139011383
0.2833661139011383
0.2833661139011383
0.2833661139011383
0.2833661139011383
0.2833661139011383
0.28265535831451416
0.28246787190437317
0.28192198276519775
0.2814178168773651
0.28234565258026123
0.28211379051208496
0.2824985086917877
0.2824314534664154
0.283236563205719
0.28404587507247925
0.28404587507247925
0.28404587507247925
0.28404587507247925
0.28404587507247925
0.28404587507247925
0.28404587507247925
0.2828393280506134
0.2819002568721771
0.28123095631599426
0.281157910823822
0.2819065451622009
0.28158044815063477
0.2822451591491699
0.2820831835269928
0.2830597758293152
0.28194597363471985
0.28201383352279663
0.28201383352279663
0.28201383352279663
0.28201383352279663
0.28217384219169617
0.28139662742614746
0.28061771392822266
0.2815527021884918
0.2821430265903473
0.28270423412323
0.2830565571784973
0.28294792771339417
0.2831476330757141
0.28286412358283997
0.28286412358283997
0.28286412358283997
0.28286412358283997
0.28286412358283997
0.2808147072792053
0.27961835265159607
0.2797849178314209
0.27883440256118774
0.28091901540756226
0.2800839841365814
0.28093740344047546
0.28059130907058716
0.2803053557872772
0.27976199984550476
0.27966171503067017
0.28082069754600525
0.28040415048599243
0.27955323457717896
0.2785959243774414
0.2797858715057373
0.27910518646240234
0.2788574695587158
0.2790282666683197
0.27820855379104614
0.2779815196990967
0.2781513035297394
0.27842506766319275
0.27836233377456665
0.2784702777862549
0.2790851294994354
0.2787454128265381
0.27956318855285645
0.27972787618637085
0.2786361873149872
0.2795467972755432
0.2799367606639862
0.2803586721420288
0.28067508339881897
0.28018656373023987
0.27998119592666626
0.2799190282821655
0.2802433669567108
0.2804562449455261
0.28059208393096924
0.2805978059768677
0.27973952889442444
0.2795538604259491
0.2795272171497345
0.27955707907676697
0.2802715301513672
0.2815348505973816
0.28073975443840027
0.2804081439971924
0.2811731994152069
0.28138500452041626
0.281952828168869
0.28175243735313416
0.2816787362098694
0.2816789746284485
0.2832762897014618
0.28336653113365173
0.28336653113365173
0.28336653113365173
0.28336653113365173
0.2828434407711029
0.2825290858745575
0.28305914998054504
0.2837315499782562
0.2835841178894043
0.2846512198448181
0.2848375141620636
0.2847304046154022
0.2844209671020508
0.2851109802722931
0.2844850718975067
0.28531989455223083
0.28469300270080566
0.28460264205932617
0.28414520621299744
0.2843233346939087
0.28438735008239746
0.28399837017059326
0.2844995856285095
0.28471022844314575
0.28471022844314575
0.28471022844314575
0.28471022844314575
0.28471022844314575
0.28459322452545166
0.2847607135772705
0.2844823896884918
0.2835179567337036
0.283941388130188
0.2836313545703888
0.28322118520736694
0.2826898694038391
0.2830727994441986
0.2830727994441986
0.2830727994441986
0.2830727994441986
0.2830727994441986
0.2830727994441986
0.2830727994441986
0.2830727994441986
0.2830727994441986
0.2814575731754303
0.28013139963150024
0.2797515094280243
0.27898895740509033
0.2792171239852905
0.27885621786117554
0.2778756320476532
0.27704328298568726
0.2765369415283203
0.2768400311470032
0.276293009519577
0.27736467123031616
0.27662691473960876
0.2764813005924225
0.2771031856536865
0.2774121165275574
0.2767592668533325
0.27774983644485474
0.27814191579818726
0.27814191579818726
0.27814191579818726
0.27814191579818726
0.27814191579818726
0.27814191579818726
0.27814191579818726
0.27703866362571716
0.2760937809944153
0.2760820686817169
0.2758602797985077
0.27571651339530945
0.27565690875053406
0.27620789408683777
0.2766314446926117
0.2766984701156616
0.2766469717025757
0.27605074644088745
0.2774071991443634
0.2769972085952759
0.2778727114200592
0.27862098813056946
0.27735617756843567
0.27831053733825684
0.2782374620437622
0.2782970368862152
0.2778533101081848
0.2778242528438568
0.27850502729415894
0.27696362137794495
0.278054803609848
0.2779933214187622
0.27777761220932007
0.2766806185245514
0.27719661593437195
0.276578426361084
0.27572786808013916
0.2753237783908844
0.2760840058326721
0.2755489647388458
0.2758650481700897
0.2763601839542389
0.2767869532108307
0.2764621675014496
0.27749544382095337
0.2763310372829437
0.2762058973312378
0.277307391166687
0.2761251926422119
0.27627673745155334
0.2771275043487549
0.2767229676246643
0.2763752043247223
0.27565711736679077
0.275225430727005
0.27506545186042786
0.2758479714393616
0.2756040692329407
0.2757289409637451
0.2756081223487854
0.2760401666164398
0.2757914066314697
0.27472949028015137
0.2756315767765045
0.2766866385936737
0.2752784788608551
0.27488625049591064
0.27543115615844727
0.2763248085975647
0.2766575217247009
0.2771120071411133
0.2767946124076843
0.276727557182312
0.276380717754364
0.27664297819137573
0.27674004435539246
0.27739259600639343
0.27798259258270264
0.2784455120563507
0.27738919854164124
0.2762296497821808
0.27612295746803284
0.27612295746803284
0.27612295746803284
0.27612295746803284
0.27612295746803284
0.27612295746803284
0.27612295746803284
0.27612295746803284
0.27612295746803284
0.27612295746803284
0.27612295746803284
0.27612295746803284
0.27612295746803284
0.27612295746803284
0.2756001651287079
0.27450481057167053
0.273689329624176
0.2727220058441162
0.2731592655181885
0.2734772264957428
0.27332982420921326
0.27497658133506775
0.2757705748081207
0.276508629322052
0.27690887451171875
0.27702605724334717
0.2773262560367584
0.2769912779331207
0.2767047584056854
0.2773871123790741
0.2773871123790741
0.2773871123790741
0.2773871123790741
0.2773871123790741
0.2773871123790741
0.2773871123790741
0.2773871123790741
0.2773871123790741
0.2773871123790741
0.2773871123790741
0.2773871123790741
0.2758828401565552
0.2744235694408417
0.274865061044693
0.2762339115142822
0.27663010358810425
0.2767140567302704
0.276414692401886
0.27690061926841736
0.27690061926841736
0.27690061926841736
0.27690061926841736
0.27690061926841736
0.27690061926841736
0.27690061926841736
0.27605605125427246
0.2752695083618164
0.275366872549057
0.27508825063705444
0.27492043375968933
0.27492043375968933
0.27492043375968933
0.27492043375968933
0.27492043375968933
0.27492043375968933
0.27492043375968933
0.27492043375968933
0.27492043375968933
0.27492043375968933
0.27492043375968933
0.27492043375968933
0.27492043375968933
0.27492043375968933
0.27492043375968933
0.27492043375968933
0.27492043375968933
0.27444303035736084
0.2733498811721802
0.274521142244339
0.2742209732532501
0.27525922656059265
0.27505213022232056
0.27518871426582336
0.27518534660339355
0.27527615427970886
0.2760521471500397
0.27575498819351196
0.2757512629032135
0.2764759063720703
0.27519920468330383
0.2747895121574402
0.276120662689209
0.27769947052001953
0.2779843211174011
0.278376042842865
0.27769866585731506
0.2785760462284088
0.27930986881256104
0.2785083055496216
0.2787034213542938
0.27859264612197876
0.27945998311042786
0.2799680829048157
0.2797105610370636
0.2796090841293335
0.2793402075767517
0.2797718346118927
0.2801867127418518
0.27923959493637085
0.2809348702430725
0.2802054286003113
0.279081791639328
0.2801803648471832
0.2807214558124542
0.2807214558124542
0.2807214558124542
0.2807214558124542
0.2807214558124542
0.27892038226127625
0.27742281556129456
0.27742281556129456
0.27742281556129456
0.27742281556129456
0.2769779860973358
0.2766934037208557
0.2774730920791626
0.27747079730033875
0.27757662534713745
0.2770932912826538
0.2778204083442688
0.277730792760849
0.277366042137146
0.277366042137146
0.277366042137146
0.277366042137146
0.277366042137146
0.277366042137146
0.2767680287361145
0.27552351355552673
0.2747277319431305
0.2753119468688965
0.27545157074928284
0.27545157074928284
0.27411195635795593
0.27405714988708496
0.2737879753112793
0.27334895730018616
0.27334895730018616
0.27334895730018616
0.27334895730018616
0.27334895730018616
0.27334895730018616
0.27334895730018616
0.27334895730018616
0.2717808485031128
0.2716353237628937
0.2706439197063446
0.26954954862594604
0.2711954414844513
0.27090391516685486
0.27115747332572937
0.27094900608062744
0.27110978960990906
0.27110978960990906
0.26973626017570496
0.26875656843185425
0.2695345878601074
0.26999369263648987
0.27034643292427063
0.27003154158592224
0.271136611700058
0.27107274532318115
0.2714356780052185
0.27162107825279236
0.2711523473262787
0.27180466055870056
0.27194321155548096
0.2717374861240387
0.2718089818954468
0.27286118268966675
0.2749253213405609
0.27524882555007935
0.27525243163108826
0.2755903899669647
0.2755192816257477
0.27560457587242126
0.2759243845939636
0.27562081813812256
0.2760533094406128
0.27705979347229004
0.2777520716190338
0.27784332633018494
0.2786217927932739
0.2780049443244934
0.27843114733695984
0.27824488282203674
0.27911576628685
0.27938175201416016
0.2790583372116089
0.27903512120246887
0.27833566069602966
0.278567910194397
0.2789515554904938
0.279043048620224
0.27818676829338074
0.27823880314826965
0.27858448028564453
0.2780844569206238
0.2780844569206238
0.2780844569206238
0.2780844569206238
0.2780844569206238
0.2780844569206238
0.2780844569206238
0.2780844569206238
0.2780844569206238
0.2780844569206238
0.2780844569206238
0.2769605815410614
0.2767219841480255
0.27691131830215454
0.27758103609085083
0.2782619893550873
0.27800866961479187
0.2784523367881775
0.2784523367881775
0.2784523367881775
0.2784523367881775
0.2784523367881775
0.2784523367881775
0.2784523367881775
0.2784523367881775
0.2784523367881775
0.2784523367881775
0.2784523367881775
0.2784523367881775
0.2784523367881775
0.2784523367881775
0.2784523367881775
0.2784523367881775
0.27730071544647217
0.27618077397346497
0.2753521800041199
0.2746000289916992
0.2748868763446808
0.27468156814575195
0.2757016718387604
0.27457666397094727
0.2754777669906616
0.2764076590538025
0.2746349573135376
0.2753039300441742
0.2754644453525543
0.2763802707195282
0.2750445008277893
0.2750121057033539
0.27437594532966614
0.27495095133781433
0.27494293451309204
0.274074524641037
0.2730467915534973
0.2730701267719269
0.2733059823513031
0.27295827865600586
0.2733129560947418
0.27344661951065063
0.2733915150165558
0.2735508978366852
0.2743418514728546
0.27497079968452454
0.27491411566734314
0.27548274397850037
0.27582308650016785
0.275839626789093
0.27694547176361084
0.2758482098579407
0.2771114408969879
0.2766825556755066
0.2764466404914856
0.2758496403694153
0.2762293815612793
0.2762504518032074
0.27602875232696533
0.2756986916065216
0.27595555782318115
0.2758467495441437
0.27615705132484436
0.27610671520233154
0.275852233171463
0.27608001232147217
0.2764836549758911
0.27594900131225586
0.2754509150981903
0.2754332721233368
0.2756052315235138
0.27552133798599243
0.2751688063144684
0.2748006582260132
0.2748340368270874
0.27471980452537537
0.27411699295043945
0.27461668848991394
0.2757699489593506
0.27562057971954346
0.2751723825931549
0.2759634256362915
0.27540868520736694
0.2757490277290344
0.2764153778553009
0.27675071358680725
0.2764955163002014
0.2769521474838257
0.2769521474838257
0.27537670731544495
0.2745448052883148
0.27353420853614807
0.27336418628692627
0.2729782164096832
0.2727322280406952
0.27198097109794617
0.2718874514102936
0.2726118564605713
0.27362290024757385
0.2728366553783417
0.27283143997192383
0.27330121397972107
0.27330121397972107
0.27330121397972107
0.27330121397972107
0.27330121397972107
0.27330121397972107
0.27330121397972107
0.27330121397972107
0.27330121397972107
0.27330121397972107
0.27330121397972107
0.27330121397972107
0.27330121397972107
0.27330121397972107
0.27330121397972107
0.27330121397972107
0.27330121397972107
0.27330121397972107
0.27330121397972107
0.27330121397972107
0.27255094051361084
0.2708679139614105
0.27058708667755127
0.2706194818019867
0.27116724848747253
0.2713838517665863
0.27222979068756104
0.2730025351047516
0.27339354157447815
0.2735016644001007
0.2737068235874176
0.27326735854148865
0.273024320602417
0.2737300992012024
0.2739274203777313
0.2743951082229614
0.2746410667896271
0.27386680245399475
0.27373987436294556
0.27379703521728516
0.2733542025089264
0.2739924192428589
0.2744770646095276
0.2752954065799713
0.2756305932998657
0.27556145191192627
0.274905800819397
0.27481546998023987
0.27437835931777954
0.2741028070449829
0.2734658718109131
0.27369391918182373
0.27433300018310547
0.2747688591480255
0.27449318766593933
0.27412858605384827
0.27442696690559387
0.2738770842552185
0.27384188771247864
0.2736404240131378
0.2736404240131378
0.2736404240131378
0.2736404240131378
0.2736404240131378
0.2736404240131378
0.2736404240131378
0.2736404240131378
0.2736404240131378
0.2736404240131378
0.27230995893478394
0.2717463970184326
0.27036169171333313
0.27049437165260315
0.27095112204551697
0.27195870876312256
0.27195584774017334
0.2729906439781189
0.27377405762672424
0.27377405762672424
0.27377405762672424
0.27377405762672424
0.27377405762672424
0.27377405762672424
0.27377405762672424
0.27377405762672424
0.27377405762672424
0.27377405762672424
0.27377405762672424
0.27236923575401306
0.2721821665763855
0.27185916900634766
0.27228325605392456
0.273328959941864
0.2730834186077118
0.273388534784317
0.27466708421707153
0.2745533287525177
0.27449339628219604
0.27433016896247864
0.27564316987991333
0.2766367793083191
0.2764686942100525
0.2762189507484436
0.27641230821609497
0.276738703250885
0.2757149636745453
0.2763746976852417
0.27606630325317383
0.27600014209747314
0.2764265537261963
0.2767941951751709
0.27646464109420776
0.27696460485458374
0.27559491991996765
0.275314599275589
0.2749573886394501
0.27564674615859985
0.275699257850647
0.2749645411968231
0.2751302421092987
0.2748379111289978
0.2757009267807007
0.27588948607444763
0.27596697211265564
0.2765708863735199
0.2759423553943634
0.27588170766830444
0.2760869264602661
0.2764192521572113
0.2764192521572113
0.2764192521572113
0.2764192521572113
0.2764192521572113
0.2764192521572113
0.2758406102657318
0.27492469549179077
0.2737961709499359
0.2742038667201996
0.2747865915298462
0.27512869238853455
0.27476271986961365
0.27564355731010437
0.27597302198410034
0.2761247456073761
0.2760200500488281
0.2771308124065399
0.2772912383079529
0.27710023522377014
0.277884304523468
0.27712950110435486
0.2772807478904724
0.27732884883880615
0.2769312560558319
0.2762632369995117
0.27693501114845276
0.27634942531585693
0.27695944905281067
0.2766815721988678
0.27680742740631104
0.2770835757255554
0.27735570073127747
0.276059091091156
0.27674901485443115
0.2747915983200073
0.2749333083629608
0.27609696984291077
0.2764630615711212
0.2775874435901642
0.2774527668952942
0.27711251378059387
0.2764822840690613
0.2768096625804901
0.2768969237804413
0.2765877842903137
0.27664297819137573
0.2759909927845001
0.2756229043006897
0.2758236527442932
0.2762424945831299
0.27642256021499634
0.2768653929233551
0.2768307626247406
0.27808094024658203
0.27769631147384644
0.2779873311519623
0.27760159969329834
0.2782413065433502
0.2782193422317505
0.27851608395576477
0.2786637842655182
0.27853453159332275
0.27985984086990356
0.28051361441612244
0.28038495779037476
0.28068017959594727
0.2809913158416748
0.2800082564353943
0.2799944579601288
0.2793879210948944
0.27939537167549133
0.28029119968414307
0.2811739146709442
0.28028756380081177
0.27980244159698486
0.2799718976020813
0.28023746609687805
0.2809707522392273
0.2802687883377075
0.2807355523109436
0.2814781367778778
0.281232625246048
0.28185245394706726
0.28142744302749634
0.2815193235874176
0.28205743432044983
0.2817094326019287
0.28181424736976624
0.28213322162628174
0.28213322162628174
0.28213322162628174
0.28213322162628174
0.28213322162628174
0.2805795967578888
0.28000912070274353
0.2800637185573578
0.2808883488178253
0.2822939157485962
0.28198668360710144
0.28198304772377014
0.2822122275829315
0.2818288207054138
0.28104168176651
0.28179025650024414
0.28186824917793274
0.28083112835884094
0.2813732922077179
0.2809731960296631
0.2823626697063446
0.2830069065093994
0.2825647294521332
0.2818125784397125
0.28166523575782776
0.2818071246147156
0.2818071246147156
0.2818071246147156
0.2818071246147156
0.28141704201698303
0.2808552086353302
0.28005677461624146
0.2792147994041443
0.28030163049697876
0.2795970141887665
0.27869969606399536
0.2791794538497925
0.2794453501701355
0.2793032228946686
0.279241681098938
0.27973875403404236
0.27936506271362305
0.2794903516769409
0.27927273511886597
0.279013067483902
0.2785572409629822
0.2784023880958557
0.27895888686180115
0.27872252464294434
0.2780648171901703
0.2771921157836914
0.2770061790943146
0.27735868096351624
0.2780565619468689
0.27734267711639404
0.2778572142124176
0.2785909175872803
0.2786020338535309
0.2784249484539032
0.2784789502620697
0.2779568135738373
0.2774268686771393
0.27766361832618713
0.27735504508018494
0.2776041030883789
0.27865177392959595
0.27865177392959595
0.27865177392959595
0.27865177392959595
0.27715253829956055
0.27715253829956055
0.2761097252368927
0.2761106491088867
0.2755562663078308
0.2765355110168457
0.2777646780014038
0.27616894245147705
0.2760557234287262
0.2758902907371521
0.2777119576931
0.27852484583854675
0.2781755030155182
0.2774078845977783
0.2769443988800049
0.27639761567115784
0.2749534547328949
0.2743641436100006
0.27525994181632996
0.2756200432777405
0.2759462296962738
0.2760385274887085
0.2760385274887085
0.2760385274887085
0.2760385274887085
0.2760385274887085
0.2760385274887085
0.2760385274887085
0.27589210867881775
0.2756790816783905
0.2767941653728485
0.27724137902259827
0.277773916721344
0.277773916721344
0.277773916721344
0.277773916721344
0.277773916721344
0.277773916721344
0.277773916721344
0.277773916721344
0.277773916721344
0.277773916721344
0.277773916721344
0.2763713002204895
0.2759940028190613
0.2759940028190613
0.2759940028190613
0.27621546387672424
0.27560627460479736
0.27525320649147034
0.276037335395813
0.27667245268821716
0.2763943076133728
0.27687811851501465
0.2766123414039612
0.2757887840270996
0.2758527398109436
0.275572270154953
0.27468788623809814
0.27363529801368713
0.27457165718078613
0.27369508147239685
0.2742566764354706
0.2735726237297058
0.27391254901885986
0.27404746413230896
0.2747425436973572
0.2749718129634857
0.27390965819358826
0.274585098028183
0.2746773362159729
0.27530473470687866
0.27607688307762146
0.2766118049621582
0.2769983112812042
0.2768852114677429
0.2779785096645355
0.27843186259269714
0.27935799956321716
0.2791078984737396
0.2805626094341278
0.28080952167510986
0.2804184556007385
0.2791571319103241
0.2791571319103241
0.2791571319103241
0.2791571319103241
0.2791571319103241
0.2791571319103241
0.27725058794021606
0.2773436903953552
0.27745702862739563
0.2770250737667084
0.27853256464004517
0.2779630720615387
0.2779630720615387
0.2779630720615387
0.2777387797832489
0.27634766697883606
0.27581465244293213
0.277726948261261
0.27867642045021057
0.2784123122692108
0.2794148921966553
0.28059878945350647
0.2808137834072113
0.28132182359695435
0.2817900478839874
0.2824084460735321
0.28213781118392944
0.2826254367828369
0.28337234258651733
0.2834929823875427
0.2840498387813568
0.2840498387813568
0.2840498387813568
0.2840498387813568
0.2840498387813568
0.2840498387813568
0.2840498387813568
0.2840498387813568
0.28244057297706604
0.2814429998397827
0.28162047266960144
0.281465083360672
0.28217414021492004
0.28248485922813416
0.28172069787979126
0.28237298130989075
0.28291377425193787
0.2839512228965759
0.28431588411331177
0.2844002842903137
0.2846570312976837
0.28431567549705505
0.2854248285293579
0.2854248285293579
0.2854248285293579
0.2854248285293579
0.2854248285293579
0.2854248285293579
0.2854248285293579
0.2854248285293579
0.2854248285293579
0.2854248285293579
0.2854248285293579
0.2854248285293579
0.2854248285293579
0.2854248285293579
0.2854248285293579
0.2854248285293579
0.2854248285293579
0.2854248285293579
0.2854248285293579
0.2854248285293579
0.2854248285293579
0.2854248285293579
0.2854248285293579
0.2854248285293579
0.2854248285293579
0.2854248285293579
0.2854248285293579
0.2854248285293579
0.2854248285293579
0.2854248285293579
0.2854248285293579
0.2854248285293579
0.2854248285293579
0.2854248285293579
0.2854248285293579
0.2854248285293579
0.2854248285293579
0.2854248285293579
0.2854248285293579
0.2854248285293579
0.28446969389915466
0.2829926908016205
0.2822971045970917
0.28277865052223206
0.28277865052223206
0.28277865052223206
0.28277865052223206
0.28277865052223206
0.28277865052223206
0.28277865052223206
0.28277865052223206
0.2810862362384796
0.2800702154636383
0.2799322307109833
0.2799515128135681
0.2799515128135681
0.2799515128135681
0.2799515128135681
0.2799515128135681
0.2799515128135681
0.2799515128135681
0.2799515128135681
0.2799515128135681
0.2799515128135681
0.2799515128135681
0.2799515128135681
0.2799515128135681
0.2799515128135681
0.2799515128135681
0.2799515128135681
0.2799515128135681
0.2799515128135681
0.2799515128135681
0.27969810366630554
0.27973803877830505
0.27883005142211914
0.27856534719467163
0.2789853811264038
0.27910658717155457
0.27841275930404663
0.27835801243782043
0.2787649631500244
0.2788388729095459
0.27869200706481934
0.2785338759422302
0.2785338759422302
0.2772351801395416
0.27699634432792664
0.27688902616500854
0.27663877606391907
0.2767070531845093
0.276111900806427
0.27711233496665955
0.2778432369232178
0.27851277589797974
0.27855566143989563
0.2784470319747925
0.27880093455314636
0.27900174260139465
0.2786957621574402
0.27900031208992004
0.2800733745098114
0.27973827719688416
0.27973827719688416
0.2787202000617981
0.27868184447288513
0.2783421576023102
0.27875062823295593
0.27990439534187317
0.2785927653312683
0.27920001745224
0.27946871519088745
0.27946871519088745
0.27946871519088745
0.27946871519088745
0.27946871519088745
0.27946871519088745
0.27946871519088745
0.27946871519088745
0.27946871519088745
0.27946871519088745
0.27946871519088745
0.27946871519088745
0.27946871519088745
0.27946871519088745
0.27946871519088745
0.27946871519088745
0.27946871519088745
0.27946871519088745
0.27946871519088745
0.27946871519088745
0.27946871519088745
0.27946871519088745
0.27946871519088745
0.27946871519088745
0.27946871519088745
0.2786314785480499
0.2774530053138733
0.2773320972919464
0.2774045169353485
0.27879634499549866
0.27895715832710266
0.27865371108055115
0.2787797749042511
0.2782101333141327
0.2786461114883423
0.27908775210380554
0.27908775210380554
0.27908775210380554
0.27855831384658813
0.27855831384658813
0.27855831384658813
0.27855831384658813
0.27855831384658813
0.2772998809814453
0.2765386700630188
0.2765386700630188
0.2765386700630188
0.2765386700630188
0.2765386700630188
0.2765386700630188
0.2765386700630188
0.2765386700630188
0.2765386700630188
0.2765386700630188
0.2765386700630188
0.2765386700630188
0.2765386700630188
0.2765386700630188
0.2765386700630188
0.2765386700630188
0.2765386700630188
0.2765386700630188
0.2765386700630188
0.2765386700630188
0.2765386700630188
0.2765386700630188
0.2750268280506134
0.2742561101913452
0.27373725175857544
0.2746250331401825
0.27592015266418457
0.2760089635848999
0.27585938572883606
0.27530190348625183
0.27530190348625183
0.272941917181015
0.2736790180206299
0.27381742000579834
0.2745957672595978
0.2745639681816101
0.2746737599372864
0.27493178844451904
0.2753886580467224
0.2753116488456726
0.2755194306373596
0.2751029431819916
0.2752310037612915
0.2752261161804199
0.2755734324455261
0.2762615978717804
0.27595144510269165
0.27520841360092163
0.2750348150730133
0.27505436539649963
0.275811105966568
